1 0.0101911 0.00984002
2 0.0198603 0.0189072
3 0.0297816 0.0285046
4 0.0407866 0.0389013
5 0.0528366 0.0512996
6 0.0665942 0.0642618
7 0.0834016 0.080057
8 0.104516 0.0989904
9 0.130222 0.123124
10 0.164416 0.152761
11 0.201047 0.184763
12 0.242431 0.218586
13 0.297 0.256102
14 0.353741 0.291897
15 0.414123 0.330766
16 0.470338 0.369663
17 0.525465 0.409327
18 0.575864 0.445384
19 0.618986 0.477205
20 0.664127 0.511741
21 0.708007 0.545378
22 0.750921 0.5778
23 0.788874 0.610221
24 0.830817 0.635982
25 0.868862 0.657285
26 0.899265 0.676008
27 0.92437 0.692869
28 0.942579 0.710426
29 0.955544 0.724127
30 0.967893 0.73715
31 0.977145 0.750119
32 0.984091 0.762795
33 0.990013 0.775113
34 0.994636 0.787355
35 0.998633 0.799215
36 1 0.8126
37 1 0.825
38 1 0.836776
39 1 0.848696
40 1 0.861292
