1 0.00536713 0.00606215
2 0.0101686 0.0122204
3 0.0152088 0.018827
4 0.0205899 0.0263435
5 0.0288588 0.0375164
6 0.0411952 0.0529008
7 0.0558479 0.0724818
8 0.0726678 0.0941811
9 0.091463 0.120845
10 0.115056 0.152085
11 0.143517 0.18821
12 0.176981 0.227082
13 0.212293 0.271957
14 0.251199 0.315949
15 0.295077 0.360197
16 0.338366 0.409564
17 0.382505 0.457222
18 0.426817 0.503755
19 0.472034 0.551876
20 0.515879 0.599112
21 0.559788 0.645454
22 0.603485 0.689083
23 0.647025 0.728702
24 0.686969 0.765683
25 0.725464 0.797445
26 0.760735 0.827055
27 0.7886 0.850512
28 0.813746 0.870955
29 0.836655 0.889343
30 0.860035 0.905642
31 0.882307 0.920339
32 0.90181 0.933721
33 0.917471 0.945525
34 0.930663 0.955332
35 0.941688 0.963224
36 0.952362 0.969818
37 0.963177 0.975731
38 0.970871 0.980796
39 0.976711 0.98496
40 0.981463 0.988528
41 0.985537 0.991724
42 0.988846 0.994387
43 0.991639 0.996509
44 0.993835 0.997821
45 0.99562 0.998679
46 0.996995 0.999252
47 0.998083 0.999607
48 0.998742 0.999884
49 0.99926 0.999997
50 0.999716 1
