1 0.00541928 0.0059808
2 0.0103309 0.0120546
3 0.0153917 0.0189643
4 0.0208933 0.0274326
5 0.0293664 0.0377488
6 0.0413892 0.0504595
7 0.0553219 0.0637319
8 0.0715247 0.0787372
9 0.0902795 0.0992532
10 0.114983 0.125033
11 0.144476 0.154678
12 0.176959 0.189326
13 0.213208 0.228732
14 0.254346 0.269628
15 0.302357 0.313564
16 0.349788 0.358428
17 0.395844 0.402637
18 0.443271 0.450101
19 0.489289 0.502548
20 0.531603 0.553576
21 0.574396 0.603426
22 0.618343 0.658461
23 0.66281 0.710792
24 0.703184 0.758945
25 0.739723 0.801533
26 0.772583 0.839447
27 0.799563 0.875093
28 0.822933 0.909062
29 0.845102 0.936749
30 0.867235 0.95595
31 0.887696 0.97068
32 0.906163 0.981276
33 0.920538 0.987971
34 0.93325 0.992612
35 0.944151 0.995854
36 0.95429 0.998089
37 0.964123 0.999292
38 0.970972 0.999813
39 0.97641 0.999968
40 0.981512 1
41 0.985473 1
42 0.988561 1
