1 0.0051113 0.00561034
2 0.0100091 0.0109794
3 0.0155672 0.016771
4 0.0218157 0.0231925
5 0.0285928 0.0305113
6 0.037644 0.0388351
7 0.0490407 0.0499962
8 0.0616034 0.0653052
9 0.0780954 0.0830474
10 0.101636 0.102463
11 0.131497 0.128831
12 0.164922 0.160393
13 0.199982 0.196091
14 0.236918 0.233408
15 0.275747 0.276424
16 0.315903 0.318613
17 0.357972 0.35966
18 0.401778 0.398922
19 0.446402 0.437444
20 0.489726 0.476632
21 0.532569 0.518491
22 0.574585 0.564535
23 0.616424 0.607767
24 0.656435 0.649331
25 0.697759 0.688857
26 0.738907 0.724266
27 0.775674 0.759468
28 0.806973 0.791578
29 0.83529 0.822813
30 0.863256 0.852033
31 0.890583 0.878765
32 0.914821 0.89947
33 0.935376 0.915847
34 0.951356 0.930464
35 0.964665 0.943716
36 0.974324 0.95748
37 0.981405 0.968284
38 0.986809 0.977091
39 0.991585 0.984606
40 0.996374 0.989926
41 0.998557 0.994036
42 0.999229 0.99675
43 0.999686 0.998317
44 0.999919 0.999283
45 1 0.99977
46 1 0.999969
47 1 1
48 1 1
