1 0.00407458 0.00360621
2 0.007904 0.00719065
3 0.0120286 0.0109742
4 0.0170251 0.0150563
5 0.0236858 0.0197953
6 0.0321277 0.0256817
7 0.0419316 0.033514
8 0.0536844 0.0433461
9 0.070227 0.0554354
10 0.0905317 0.0697133
11 0.113917 0.0888585
12 0.139121 0.112134
13 0.166614 0.138463
14 0.196402 0.1664
15 0.228363 0.194343
16 0.260901 0.223834
17 0.294187 0.254848
18 0.330694 0.286366
19 0.367723 0.31885
20 0.405516 0.353836
21 0.445784 0.391129
22 0.485874 0.427667
23 0.523847 0.464393
24 0.562306 0.499892
25 0.600949 0.537317
26 0.638027 0.572961
27 0.673795 0.607179
28 0.707519 0.641137
29 0.739034 0.674157
30 0.767861 0.705507
31 0.796933 0.735259
32 0.823978 0.763137
33 0.847947 0.78852
34 0.868564 0.812438
35 0.886792 0.834954
36 0.904026 0.855513
37 0.919591 0.874084
38 0.933185 0.890483
39 0.945136 0.9054
40 0.955829 0.919695
41 0.964694 0.931987
42 0.972042 0.94321
43 0.977487 0.953159
44 0.981731 0.961783
45 0.985379 0.969162
46 0.988567 0.975744
47 0.99148 0.981094
48 0.994096 0.985535
49 0.995953 0.988815
50 0.997085 0.991608
51 0.99784 0.993773
52 0.998469 0.995317
53 0.999084 0.996561
54 0.999523 0.997543
55 0.999885 0.998283
56 0.999999 0.998822
57 1 0.999239
58 1 0.999564
59 1 0.999799
