1 0.00451928 0.00456942
2 0.00875907 0.00899504
3 0.0133805 0.0139335
4 0.0187775 0.0199339
5 0.0257259 0.0271128
6 0.034956 0.0353512
7 0.045001 0.0456992
8 0.0588555 0.0595967
9 0.0780163 0.0780446
10 0.0995831 0.100926
11 0.124258 0.127853
12 0.153034 0.157543
13 0.185215 0.190765
14 0.217638 0.229788
15 0.251351 0.271583
16 0.288522 0.31281
17 0.324914 0.355065
18 0.363214 0.396291
19 0.400627 0.438701
20 0.436704 0.480742
21 0.471979 0.522045
22 0.505794 0.562746
23 0.53888 0.603868
24 0.571724 0.642967
25 0.605128 0.679995
26 0.639475 0.713962
27 0.672551 0.747542
28 0.704271 0.781136
29 0.733599 0.810794
30 0.76283 0.836445
31 0.789492 0.860628
32 0.81307 0.884022
33 0.83376 0.904831
34 0.852619 0.92299
35 0.871082 0.938705
36 0.890437 0.95232
37 0.907228 0.963976
38 0.922563 0.973023
39 0.936658 0.979938
40 0.948171 0.984923
41 0.958 0.989052
42 0.965958 0.992324
43 0.972498 0.995257
44 0.978489 0.997018
45 0.984567 0.997987
46 0.989476 0.99872
47 0.99348 0.999319
48 0.996267 0.999701
49 0.998082 0.999928
50 0.99899 0.999991
51 0.99964 1
