1 0.00446184 0.00461236
2 0.0086687 0.00894399
3 0.0133402 0.013487
4 0.0188632 0.0188951
5 0.0260699 0.026995
6 0.0356158 0.0357358
7 0.0460783 0.0453548
8 0.0602936 0.0570229
9 0.0792106 0.0728693
10 0.100781 0.0932752
11 0.126648 0.115416
12 0.155141 0.140419
13 0.186367 0.168966
14 0.2177 0.20099
15 0.250678 0.230067
16 0.286081 0.259307
17 0.321138 0.291106
18 0.357591 0.322811
19 0.393773 0.35457
20 0.428729 0.385006
21 0.463672 0.416625
22 0.496256 0.449019
23 0.52929 0.480959
24 0.5633 0.514283
25 0.596372 0.547219
26 0.630763 0.57954
27 0.664475 0.609979
28 0.697 0.639822
29 0.727663 0.670001
30 0.75668 0.69795
31 0.783185 0.724644
32 0.806215 0.75124
33 0.828146 0.775972
34 0.848453 0.797199
35 0.867444 0.815253
36 0.887283 0.832186
37 0.90468 0.847919
38 0.920784 0.86241
39 0.93549 0.875905
40 0.947753 0.889005
41 0.958 0.90115
42 0.96612 0.912781
43 0.972886 0.923893
44 0.978964 0.93416
45 0.984182 0.943581
46 0.98895 0.95097
47 0.992844 0.957893
48 0.995751 0.963587
49 0.997872 0.968832
50 0.999041 0.974023
51 0.999695 0.97915
52 0.999948 0.983654
53 0.999999 0.987047
54 1 0.990097
55 1 0.992722
56 1 0.994984
57 1 0.996548
58 1 0.997931
