1 0.00452298 0.00497149
2 0.00876377 0.00960661
3 0.013368 0.0144169
4 0.0188961 0.0200781
5 0.0262782 0.0274397
6 0.0358754 0.0377269
7 0.0455781 0.0493277
8 0.058497 0.0630459
9 0.0772746 0.0812591
10 0.0987097 0.104323
11 0.123583 0.132094
12 0.150747 0.162539
13 0.18116 0.194294
14 0.212219 0.229502
15 0.245742 0.265356
16 0.281472 0.30172
17 0.316991 0.337977
18 0.355063 0.377018
19 0.392587 0.417292
20 0.428416 0.454601
21 0.463535 0.491815
22 0.496801 0.527931
23 0.529491 0.564172
24 0.562445 0.599364
25 0.594498 0.633074
26 0.628457 0.667843
27 0.662304 0.700458
28 0.694783 0.732041
29 0.724794 0.76211
30 0.75375 0.792548
31 0.780968 0.818369
32 0.804933 0.841521
33 0.826578 0.863392
34 0.846257 0.882632
35 0.865832 0.898551
36 0.88516 0.913934
37 0.902929 0.9308
38 0.918853 0.944934
39 0.933861 0.95455
40 0.946101 0.962534
41 0.955946 0.968573
42 0.963908 0.972578
43 0.970666 0.976287
44 0.976509 0.980636
45 0.982308 0.985428
46 0.987703 0.992177
47 0.992298 0.997432
48 0.995683 0.999081
49 0.997602 0.999624
50 0.9988 0.999967
51 0.999657 1
52 0.999982 1
53 0.999997 1
54 1 1
