1 0.0353151 0.0236764
2 0.0713912 0.0467103
3 0.115767 0.0728138
4 0.170559 0.101416
5 0.224376 0.131481
6 0.282592 0.164545
7 0.348751 0.204866
8 0.426706 0.261987
9 0.515172 0.323688
10 0.604875 0.391993
11 0.676314 0.466163
12 0.734364 0.540773
13 0.786421 0.628435
14 0.828704 0.693837
15 0.865589 0.747995
16 0.898859 0.79718
17 0.924043 0.839191
18 0.944828 0.875193
19 0.962021 0.907258
20 0.976694 0.933849
21 0.986992 0.955788
22 0.994364 0.976788
23 0.998597 0.987888
24 1 0.993611
25 1 0.997394
