1 0.00873047 0.008692
2 0.0172133 0.0170419
3 0.0257602 0.0253101
4 0.0347172 0.0338935
5 0.0442773 0.0427417
6 0.0542648 0.0515289
7 0.065307 0.0612842
8 0.076732 0.0745814
9 0.0897984 0.090812
10 0.109481 0.109224
11 0.140073 0.135554
12 0.176743 0.168502
13 0.215949 0.203781
14 0.256041 0.238295
15 0.293679 0.27143
16 0.330577 0.305294
17 0.365666 0.339871
18 0.398599 0.377372
19 0.432698 0.417663
20 0.465858 0.456168
21 0.497889 0.490453
22 0.529563 0.523152
23 0.562214 0.55411
24 0.594902 0.584192
25 0.62681 0.612343
26 0.656864 0.639345
27 0.682898 0.666415
28 0.708343 0.691965
29 0.731909 0.715678
30 0.753467 0.737632
31 0.773717 0.760618
32 0.793576 0.784023
33 0.812404 0.804565
34 0.831936 0.823929
35 0.848847 0.842252
36 0.864045 0.858333
37 0.877205 0.872371
38 0.889826 0.884674
39 0.902437 0.896472
40 0.914088 0.908418
41 0.924534 0.920419
42 0.933818 0.932959
43 0.942416 0.94638
44 0.950428 0.954659
45 0.957952 0.961726
46 0.964396 0.967189
47 0.969895 0.97186
48 0.974734 0.976028
49 0.979307 0.979849
50 0.983494 0.983841
51 0.987573 0.987716
52 0.991276 0.991438
53 0.994191 0.994564
54 0.997092 0.997104
55 0.999297 0.998936
56 0.999981 0.999854
57 1 1
58 1 1
59 1 1
60 1 1
61 1 1
