1 0.0136969 0.0162466
2 0.02675 0.0316577
3 0.0419438 0.0464765
4 0.0613063 0.0619632
5 0.0899594 0.0783991
6 0.117009 0.0956571
7 0.146612 0.112991
8 0.183803 0.131041
9 0.231841 0.151347
10 0.291716 0.184054
11 0.361688 0.228845
12 0.427403 0.265419
13 0.485137 0.298199
14 0.539122 0.329819
15 0.589866 0.362377
16 0.636025 0.397691
17 0.679466 0.436198
18 0.725316 0.472707
19 0.768066 0.508375
20 0.804997 0.542945
21 0.839125 0.576612
22 0.867166 0.61003
23 0.888647 0.643018
24 0.909091 0.675081
25 0.927287 0.708177
26 0.942325 0.744351
27 0.9551 0.775846
28 0.965028 0.804881
29 0.973206 0.830243
30 0.980019 0.852572
31 0.985425 0.873253
32 0.990025 0.891901
33 0.993403 0.910057
34 0.995734 0.92662
35 0.997412 0.940078
36 0.998609 0.951774
37 0.999287 0.962837
38 0.999781 0.97218
39 0.999972 0.979827
40 1 0.985608
41 1 0.990195
