1 0.0180058 0.030768
2 0.0356355 0.059712
3 0.0529182 0.089008
4 0.0703981 0.120272
5 0.0871366 0.150088
6 0.103828 0.188424
7 0.12019 0.225464
8 0.137151 0.26972
9 0.162666 0.31916
10 0.197023 0.372064
11 0.238886 0.43248
12 0.289836 0.484992
13 0.340358 0.536848
14 0.404682 0.578576
15 0.488652 0.616112
16 0.570347 0.649
17 0.629361 0.683048
18 0.685175 0.714336
19 0.735175 0.745392
20 0.782056 0.781392
21 0.824467 0.822912
22 0.859459 0.85256
23 0.887144 0.88288
24 0.911242 0.904464
25 0.931651 0.922976
26 0.948408 0.938752
27 0.960891 0.950176
28 0.970928 0.961568
29 0.980354 0.968896
30 0.988634 0.974968
31 0.994668 0.980696
32 0.998565 0.985736
33 0.999953 0.990968
34 1 0.995088
35 1 0.997528
