1 0.0179474 0.0181084
2 0.0348831 0.0347129
3 0.0511176 0.0524658
4 0.0677429 0.0692444
5 0.0838568 0.085792
6 0.101523 0.105244
7 0.119478 0.12848
8 0.138619 0.154532
9 0.168035 0.185557
10 0.201844 0.223506
11 0.24282 0.272107
12 0.28863 0.338244
13 0.341198 0.407698
14 0.404887 0.481586
15 0.49435 0.550613
16 0.5758 0.636153
17 0.639229 0.722933
18 0.69592 0.780274
19 0.743857 0.820043
20 0.787034 0.854379
21 0.828492 0.884686
22 0.86393 0.911093
23 0.891892 0.929774
24 0.914156 0.943644
25 0.932042 0.958596
26 0.947202 0.97061
27 0.95935 0.980117
28 0.970814 0.987509
29 0.981026 0.99434
30 0.988634 0.998841
31 0.994492 0.999908
32 0.998594 1
