1 0.00965805 0.010328
2 0.0189787 0.0208123
3 0.0293134 0.0315158
4 0.0406422 0.0438396
5 0.0566766 0.060149
6 0.0759855 0.0759047
7 0.0957732 0.0965403
8 0.122043 0.121616
9 0.15817 0.154845
10 0.200755 0.204474
11 0.251976 0.253072
12 0.314391 0.300235
13 0.386289 0.348952
14 0.454944 0.398495
15 0.514384 0.44776
16 0.57188 0.494185
17 0.628463 0.537424
18 0.688134 0.580707
19 0.741731 0.6297
20 0.785125 0.673643
21 0.825763 0.717893
22 0.868247 0.756165
23 0.901315 0.792604
24 0.929573 0.82619
25 0.950973 0.854927
26 0.966859 0.879307
27 0.979046 0.904081
28 0.987057 0.93049
29 0.992198 0.949032
30 0.996327 0.959828
31 0.998509 0.969057
32 0.999405 0.975937
33 0.999875 0.981752
34 0.999998 0.986512
35 1 0.991513
