1 0.00926984 0.00929825
2 0.018302 0.0184195
3 0.0271909 0.0288643
4 0.0401578 0.0403786
5 0.0573605 0.0537704
6 0.0764698 0.0701323
7 0.0999238 0.0901585
8 0.1298 0.114057
9 0.164818 0.143007
10 0.204087 0.174648
11 0.24441 0.209217
12 0.287726 0.25187
13 0.333128 0.295199
14 0.383639 0.340897
15 0.430395 0.385054
16 0.478857 0.430302
17 0.524775 0.473496
18 0.57073 0.512279
19 0.616042 0.547973
20 0.659976 0.579643
21 0.699487 0.609969
22 0.734601 0.638789
23 0.767918 0.665957
24 0.798745 0.690911
25 0.827626 0.713987
26 0.85469 0.735345
27 0.879137 0.755476
28 0.901691 0.774882
29 0.92133 0.791476
30 0.937431 0.80735
31 0.950146 0.821898
32 0.960399 0.835614
33 0.968943 0.848296
34 0.976245 0.861185
35 0.982391 0.874908
36 0.987565 0.887325
37 0.991632 0.898138
38 0.994358 0.907876
39 0.995973 0.917895
40 0.997237 0.927211
41 0.998326 0.935786
42 0.999104 0.944857
43 0.999641 0.954389
44 0.999889 0.964935
45 0.999969 0.973587
46 1 0.979615
