1 0.00950855 0.00723776
2 0.0184048 0.0145388
3 0.0273619 0.0217659
4 0.0366223 0.029745
5 0.0462295 0.0379614
6 0.0557602 0.0468677
7 0.0664308 0.0589228
8 0.0793549 0.0740478
9 0.0976257 0.0924285
10 0.12793 0.117586
11 0.171983 0.147914
12 0.218014 0.183427
13 0.265366 0.225437
14 0.311105 0.271082
15 0.357825 0.317071
16 0.4035 0.361306
17 0.444711 0.405233
18 0.484764 0.447939
19 0.522322 0.488975
20 0.558794 0.524097
21 0.597838 0.558828
22 0.635044 0.597498
23 0.667095 0.641512
24 0.698298 0.68419
25 0.725364 0.723357
26 0.750653 0.759744
27 0.773683 0.791675
28 0.793834 0.820835
29 0.815432 0.845791
30 0.833402 0.868411
31 0.85181 0.89081
32 0.868419 0.909518
33 0.88483 0.926284
34 0.90014 0.943212
35 0.913828 0.957539
36 0.926293 0.97039
37 0.935148 0.980363
38 0.949695 0.98747
39 0.961188 0.992322
40 0.97117 0.995537
41 0.978017 0.997599
42 0.983439 0.998879
43 0.988876 0.999476
44 0.992721 0.999788
45 0.995836 0.999956
46 0.998651 1
47 0.99992 1
48 0.999997 1
