1 0.00954195 0.00833546
2 0.0180082 0.0169691
3 0.0272 0.0266135
4 0.0405043 0.0377519
5 0.0567583 0.0510156
6 0.0748825 0.0688154
7 0.0961397 0.0930835
8 0.123677 0.131787
9 0.155599 0.172608
10 0.193478 0.215343
11 0.232281 0.263866
12 0.275069 0.315164
13 0.32019 0.371499
14 0.368698 0.434192
15 0.415862 0.499597
16 0.464415 0.564139
17 0.51237 0.622843
18 0.558133 0.678248
19 0.604123 0.730829
20 0.647039 0.781256
21 0.687563 0.830662
22 0.723452 0.874121
23 0.756283 0.910668
24 0.788287 0.9385
25 0.818081 0.958379
26 0.846024 0.972889
27 0.871383 0.984297
28 0.895026 0.992071
29 0.916198 0.99611
30 0.933101 0.998018
31 0.947322 0.999228
32 0.958737 0.999946
33 0.968194 1
34 0.975829 1
35 0.982161 1
36 0.98743 1
