1 0.00918393 0.00613754
2 0.0177005 0.0120607
3 0.0263601 0.0180691
4 0.0356303 0.0252892
5 0.0448759 0.0341843
6 0.0547058 0.0443932
7 0.0662804 0.0561092
8 0.0795858 0.0693207
9 0.0986629 0.0853037
10 0.12872 0.106701
11 0.172262 0.13335
12 0.218586 0.165723
13 0.266238 0.199698
14 0.313111 0.229843
15 0.359289 0.261525
16 0.404288 0.296316
17 0.445144 0.330213
18 0.485033 0.364719
19 0.52081 0.398598
20 0.55652 0.432335
21 0.596816 0.466086
22 0.634532 0.497072
23 0.667222 0.524243
24 0.699415 0.549023
25 0.7257 0.57296
26 0.750249 0.593684
27 0.773578 0.616089
28 0.79194 0.636976
29 0.8121 0.657372
30 0.830223 0.678467
31 0.847214 0.698448
32 0.86447 0.718954
33 0.881647 0.737801
34 0.897816 0.756232
35 0.912291 0.77385
36 0.924738 0.791781
37 0.933855 0.809975
38 0.947003 0.827941
39 0.957724 0.844039
40 0.966861 0.859366
41 0.974327 0.873062
42 0.980964 0.885059
43 0.987332 0.895907
44 0.992405 0.906486
45 0.995542 0.916173
46 0.998327 0.925045
47 0.999846 0.933352
48 0.999987 0.941007
49 1 0.947968
50 1 0.953905
51 1 0.959355
