1 0.00940045 0.00798683
2 0.0181261 0.0155764
3 0.0272163 0.0230573
4 0.040858 0.0309421
5 0.0574531 0.0414475
6 0.0759166 0.0545053
7 0.0984308 0.0683347
8 0.125609 0.0820642
9 0.159209 0.0993613
10 0.19701 0.121614
11 0.234527 0.150067
12 0.277346 0.180368
13 0.322378 0.212233
14 0.37173 0.247658
15 0.420268 0.28606
16 0.469901 0.326544
17 0.517266 0.366388
18 0.563334 0.406921
19 0.608089 0.445511
20 0.651118 0.479841
21 0.692259 0.513066
22 0.727463 0.545359
23 0.759915 0.580272
24 0.790293 0.611368
25 0.818632 0.642144
26 0.845645 0.670773
27 0.870534 0.697664
28 0.894387 0.722889
29 0.915742 0.745972
30 0.932575 0.76915
31 0.946433 0.792279
32 0.957749 0.813864
33 0.966873 0.833683
34 0.974821 0.852
35 0.981188 0.86826
36 0.986649 0.884361
37 0.990765 0.899742
38 0.993852 0.913815
39 0.995664 0.925862
40 0.996961 0.93592
41 0.997995 0.944971
42 0.998779 0.953023
43 0.999441 0.96023
44 0.999759 0.966983
45 0.999973 0.97283
46 1 0.977422
