1 0.029808 0.0214249
2 0.058834 0.0404734
3 0.0888957 0.0603645
4 0.117263 0.0806675
5 0.144623 0.101486
6 0.172846 0.123588
7 0.204973 0.14747
8 0.237394 0.173051
9 0.281077 0.203792
10 0.346626 0.23272
11 0.426571 0.282509
12 0.515309 0.336028
13 0.590267 0.396488
14 0.659444 0.462783
15 0.746529 0.533496
16 0.805837 0.603432
17 0.849684 0.651432
18 0.888059 0.706959
19 0.9231 0.751617
20 0.954424 0.786599
21 0.978347 0.818547
22 0.992551 0.853396
23 0.997661 0.879394
24 0.999499 0.895943
25 1 0.911664
26 1 0.926021
27 1 0.941671
