1 0.0040553 0.00364378
2 0.00797772 0.00708536
3 0.0120451 0.0107323
4 0.0165398 0.0150902
5 0.0218102 0.0199307
6 0.02877 0.0260096
7 0.0371308 0.0338448
8 0.0467885 0.0435928
9 0.0609438 0.0555154
10 0.0806351 0.0714297
11 0.105796 0.090946
12 0.134725 0.112639
13 0.167762 0.137228
14 0.201878 0.163553
15 0.237103 0.190901
16 0.271229 0.221346
17 0.307669 0.253852
18 0.346544 0.289381
19 0.389223 0.324428
20 0.434697 0.357593
21 0.479568 0.390747
22 0.523386 0.422396
23 0.568571 0.453577
24 0.613481 0.485395
25 0.656144 0.51716
26 0.701437 0.549223
27 0.743817 0.581074
28 0.781561 0.612056
29 0.814616 0.64174
30 0.84452 0.672112
31 0.871641 0.700534
32 0.896208 0.728322
33 0.921339 0.75452
34 0.944303 0.779014
35 0.962201 0.800261
36 0.975945 0.819699
37 0.984976 0.83757
38 0.991096 0.855385
39 0.995412 0.874189
40 0.997958 0.891961
41 0.999061 0.907802
42 0.999655 0.921187
43 0.999885 0.933416
44 0.99996 0.943628
45 0.999991 0.953153
46 1 0.96154
47 1 0.968598
48 1 0.97461
