1 0.0179067 0.0179833
2 0.0351655 0.0346452
3 0.0542115 0.053318
4 0.0835315 0.0761735
5 0.113443 0.1205
6 0.155806 0.167498
7 0.202606 0.221821
8 0.259879 0.275208
9 0.321687 0.339035
10 0.385205 0.408153
11 0.461574 0.47376
12 0.535173 0.526992
13 0.60371 0.579121
14 0.663916 0.642769
15 0.721282 0.690463
16 0.770039 0.733956
17 0.810794 0.776518
18 0.847312 0.8163
19 0.87879 0.849084
20 0.90613 0.877725
21 0.930395 0.902517
22 0.949783 0.922752
23 0.972268 0.942091
24 0.985838 0.960454
25 0.993186 0.973123
26 0.998405 0.979219
27 0.999623 0.984022
28 0.999936 0.987889
29 1 0.99156
30 1 0.994892
