1 0.0184051 0.0212383
2 0.0349662 0.0427055
3 0.0549163 0.0685068
4 0.0816803 0.10001
5 0.109769 0.12885
6 0.151363 0.168288
7 0.200178 0.213757
8 0.260064 0.262586
9 0.317045 0.328184
10 0.380911 0.397872
11 0.455571 0.45974
12 0.531093 0.527617
13 0.599359 0.588715
14 0.659879 0.657159
15 0.718014 0.707497
16 0.773642 0.754792
17 0.817622 0.804865
18 0.855771 0.85732
19 0.887227 0.90448
20 0.914767 0.939906
21 0.93859 0.969448
22 0.956803 0.986426
23 0.97691 0.993059
24 0.988964 0.997201
25 0.995393 0.998933
26 0.998483 1
27 0.999551 1
28 0.999964 1
29 1 1
30 1 1
