1 0.0211918 0.0176276
2 0.0400846 0.0343112
3 0.0591003 0.0545281
4 0.0790927 0.0803508
5 0.102514 0.112264
6 0.130757 0.155402
7 0.176847 0.214394
8 0.226574 0.275089
9 0.276832 0.347749
10 0.335356 0.416429
11 0.387628 0.489503
12 0.440231 0.551358
13 0.494971 0.606607
14 0.545805 0.655714
15 0.593887 0.700427
16 0.629658 0.740032
17 0.660108 0.776888
18 0.687043 0.811148
19 0.714664 0.840702
20 0.742691 0.864088
21 0.771326 0.885721
22 0.803091 0.905689
23 0.828889 0.926148
24 0.852011 0.940886
25 0.872488 0.954254
26 0.892434 0.966014
27 0.910019 0.974566
28 0.925029 0.97986
29 0.938101 0.984069
30 0.950804 0.987404
31 0.960892 0.989936
32 0.968297 0.992105
33 0.974418 0.994114
34 0.980992 0.995727
35 0.989143 0.997003
36 0.995356 0.998119
37 0.998647 0.999126
38 0.999931 0.999777
39 1 1
