1 0.011088 0.0152707
2 0.0221181 0.0325755
3 0.0347608 0.0502749
4 0.0488079 0.0691145
5 0.0700193 0.0918806
6 0.098588 0.119157
7 0.13206 0.146946
8 0.166998 0.180361
9 0.206555 0.220641
10 0.267153 0.269418
11 0.335444 0.345532
12 0.404753 0.432056
13 0.481373 0.493415
14 0.556547 0.550491
15 0.625548 0.604038
16 0.687176 0.662257
17 0.741937 0.722456
18 0.791528 0.770528
19 0.836863 0.811567
20 0.873237 0.847168
21 0.899282 0.876138
22 0.918966 0.912994
23 0.936871 0.939389
24 0.952404 0.958458
25 0.965521 0.971395
26 0.976674 0.981832
27 0.985652 0.989297
28 0.994506 0.994505
29 0.99865 0.997328
30 0.999753 0.99889
31 1 0.99973
32 1 0.99996
