1 0.00434134 0.00567352
2 0.00846106 0.0110243
3 0.0129328 0.016591
4 0.0185688 0.0235055
5 0.026427 0.0311286
6 0.0352666 0.0399971
7 0.04504 0.051365
8 0.0566528 0.0664015
9 0.0724231 0.0863646
10 0.0906729 0.111001
11 0.112523 0.142107
12 0.137793 0.177848
13 0.167853 0.217059
14 0.202558 0.257423
15 0.239201 0.299401
16 0.276701 0.342655
17 0.31409 0.388194
18 0.353291 0.435336
19 0.394246 0.481285
20 0.436538 0.52649
21 0.478624 0.576428
22 0.51995 0.622493
23 0.562739 0.665622
24 0.603216 0.705317
25 0.642051 0.743072
26 0.679115 0.779072
27 0.714051 0.814223
28 0.74604 0.844359
29 0.776332 0.87219
30 0.805152 0.895273
31 0.8315 0.915348
32 0.857286 0.935538
33 0.881756 0.952335
34 0.90228 0.965225
35 0.919586 0.975442
36 0.934499 0.982487
37 0.94696 0.988133
38 0.956932 0.993031
39 0.965149 0.996612
40 0.972308 0.998875
41 0.978408 0.999894
42 0.983462 1
43 0.987734 1
44 0.991334 1
45 0.994361 1
46 0.996626 1
47 0.997714 1
