1 0.009006 0.00654507
2 0.01764 0.01261
3 0.027048 0.019845
4 0.037826 0.0282792
5 0.054274 0.039549
6 0.077644 0.0522172
7 0.104152 0.0674658
8 0.136476 0.0843366
9 0.17002 0.104045
10 0.20902 0.130189
11 0.256586 0.164307
12 0.305138 0.198576
13 0.358554 0.232983
14 0.41354 0.266783
15 0.469952 0.304272
16 0.532348 0.34181
17 0.590162 0.37661
18 0.652538 0.4111
19 0.697896 0.445075
20 0.739906 0.479181
21 0.77728 0.512462
22 0.811746 0.545915
23 0.843862 0.577944
24 0.869172 0.609601
25 0.889878 0.640829
26 0.907716 0.66859
27 0.92313 0.695308
28 0.93782 0.721134
29 0.950684 0.745663
30 0.960062 0.769881
31 0.966898 0.793441
32 0.97276 0.815434
33 0.97749 0.836447
34 0.981394 0.856416
35 0.984646 0.875844
36 0.987372 0.89323
37 0.98929 0.908715
38 0.990904 0.923757
39 0.992406 0.937694
40 0.993794 0.950784
41 0.995198 0.960938
42 0.99637 0.969823
43 0.997228 0.977042
44 0.99794 0.983319
45 0.998538 0.987918
46 0.998996 0.99175
47 0.999408 0.994335
48 0.99969 0.996081
49 0.999898 0.997135
50 0.999994 0.997783
51 1 0.998549
