1 0.00446603 0.00496559
2 0.00863464 0.00969031
3 0.0130712 0.014557
4 0.0184794 0.0202505
5 0.0248666 0.0267596
6 0.0325076 0.0346463
7 0.0410726 0.0448441
8 0.0528132 0.0573473
9 0.0674407 0.0713767
10 0.0851737 0.0877537
11 0.107863 0.107683
12 0.136524 0.132194
13 0.168185 0.159756
14 0.204962 0.188654
15 0.243769 0.21854
16 0.284358 0.249113
17 0.32518 0.282643
18 0.366141 0.316707
19 0.410907 0.351405
20 0.454008 0.386516
21 0.496422 0.418896
22 0.537273 0.450441
23 0.576045 0.482893
24 0.615593 0.514463
25 0.654124 0.545369
26 0.693802 0.575803
27 0.731723 0.604388
28 0.765761 0.631314
29 0.797209 0.656868
30 0.825918 0.6804
31 0.851627 0.704037
32 0.874773 0.727252
33 0.898698 0.749184
34 0.919359 0.771231
35 0.936497 0.793998
36 0.949797 0.816224
37 0.962596 0.836898
38 0.973624 0.856756
39 0.980806 0.876052
40 0.987043 0.894333
41 0.99189 0.910679
42 0.995746 0.925902
43 0.997845 0.937655
44 0.998798 0.94898
45 0.999441 0.958363
46 0.99984 0.966344
47 1 0.974091
48 1 0.980344
49 1 0.986484
50 1 0.990676
51 1 0.993338
52 1 0.995093
