1 0.0197531 0.00925425
2 0.0380656 0.0180136
3 0.0567812 0.0275223
4 0.0771156 0.0383281
5 0.0970719 0.0541704
6 0.115453 0.0722951
7 0.136156 0.0967002
8 0.158975 0.129312
9 0.193575 0.164028
10 0.23465 0.204028
11 0.285606 0.252048
12 0.360581 0.305795
13 0.432059 0.362303
14 0.495241 0.421385
15 0.552212 0.47852
16 0.60975 0.53427
17 0.662825 0.596783
18 0.709719 0.656057
19 0.755359 0.708554
20 0.797531 0.754034
21 0.839012 0.797692
22 0.876478 0.836978
23 0.911141 0.867992
24 0.936884 0.893925
25 0.948978 0.916057
26 0.957212 0.934681
27 0.963441 0.949682
28 0.96985 0.960971
29 0.975653 0.969735
30 0.979269 0.976911
31 0.982153 0.982692
32 0.985331 0.987663
33 0.988334 0.991548
34 0.990844 0.994152
35 0.992969 0.996481
36 0.995097 0.998326
37 0.996631 0.999232
38 0.998312 0.999637
39 0.999525 0.999901
40 0.999944 1
41 1 1
