1 0.0197875 0.0256776
2 0.0379812 0.0493061
3 0.0569 0.0728082
4 0.0769625 0.0965102
5 0.0960062 0.121339
6 0.115284 0.146947
7 0.1343 0.172494
8 0.154741 0.197196
9 0.186506 0.233865
10 0.228047 0.294469
11 0.278166 0.375282
12 0.349453 0.458637
13 0.416237 0.532376
14 0.482569 0.59378
15 0.542572 0.648494
16 0.607413 0.693743
17 0.663341 0.740727
18 0.710806 0.789804
19 0.754159 0.837686
20 0.794522 0.885335
21 0.835941 0.934955
22 0.871494 0.963506
23 0.9043 0.980061
24 0.929472 0.986024
25 0.942272 0.991176
26 0.949784 0.995555
27 0.957197 0.998673
28 0.965541 0.999873
29 0.971091 1
30 0.975253 1
31 0.979453 1
