1 0.00775732 0.009576
2 0.0149678 0.018726
3 0.0223287 0.028562
4 0.0306235 0.041492
5 0.0405832 0.057732
6 0.0522077 0.077238
7 0.065606 0.100536
8 0.0805482 0.12569
9 0.0979119 0.157284
10 0.118826 0.192482
11 0.147126 0.23249
12 0.177569 0.287144
13 0.21323 0.3501
14 0.245763 0.412372
15 0.276389 0.47012
16 0.309788 0.524106
17 0.34419 0.573426
18 0.378636 0.617564
19 0.410914 0.65643
20 0.441391 0.694098
21 0.474137 0.730046
22 0.499217 0.764006
23 0.520341 0.797732
24 0.5386 0.831664
25 0.557299 0.861336
26 0.574319 0.887306
27 0.589973 0.908724
28 0.606381 0.929174
29 0.622894 0.945764
30 0.637528 0.959662
31 0.652118 0.973872
32 0.666978 0.985312
33 0.68281 0.992352
34 0.699175 0.996362
35 0.716264 0.998878
36 0.73294 0.999818
37 0.752249 1
38 0.768302 1
39 0.783607 1
40 0.797713 1
41 0.811285 1
42 0.824114 1
43 0.835883 1
