1 0.00777748 0.0132793
2 0.0149328 0.025942
3 0.0222266 0.0379823
4 0.030911 0.0500533
5 0.0416017 0.0624209
6 0.0533526 0.0760392
7 0.0660279 0.091507
8 0.0794061 0.108475
9 0.095559 0.128173
10 0.115289 0.154366
11 0.142405 0.184579
12 0.171778 0.212629
13 0.206122 0.240744
14 0.238416 0.271361
15 0.269085 0.300473
16 0.299096 0.33246
17 0.330196 0.360603
18 0.36267 0.384761
19 0.39376 0.406551
20 0.42675 0.42558
21 0.461076 0.440479
22 0.485617 0.454898
23 0.508366 0.467659
24 0.528529 0.480234
25 0.546251 0.492844
26 0.562912 0.504116
27 0.580113 0.515953
28 0.596649 0.528185
29 0.612475 0.540044
30 0.627743 0.551874
31 0.643632 0.563845
32 0.659258 0.575399
33 0.675594 0.587463
34 0.693097 0.598726
35 0.71129 0.609279
36 0.730787 0.618827
37 0.751418 0.629412
38 0.768334 0.639608
39 0.7843 0.649413
40 0.799213 0.659877
41 0.813717 0.675899
42 0.827143 0.691265
43 0.839894 0.704937
44 0.851342 0.717798
45 0.862192 0.730454
46 0.871391 0.743685
47 0.879493 0.756147
48 0.88771 0.768814
49 0.895775 0.781425
50 0.90269 0.795098
51 0.909817 0.819326
52 0.916583 0.838656
53 0.922802 0.856673
54 0.928603 0.873371
55 0.934465 0.88823
56 0.940198 0.899192
57 0.945087 0.908391
58 0.95005 0.916361
59 0.955159 0.923222
60 0.959925 0.930455
61 0.964648 0.93812
62 0.969336 0.945372
63 0.973773 0.952056
64 0.977939 0.957097
65 0.981664 0.961451
66 0.984902 0.965391
67 0.988015 0.968838
68 0.990555 0.971809
69 0.992829 0.974429
70 0.994442 0.977025
71 0.995662 0.979749
72 0.996701 0.982235
73 0.997775 0.98449
74 0.998504 0.98686
75 0.999097 0.989332
76 0.999538 0.991549
77 0.999855 0.993384
78 1 0.994921
79 1 0.996156
80 1 0.997068
81 1 0.997741
82 1 0.998302
83 1 0.998793
