1 0.00778957 0.00724279
2 0.014789 0.0141883
3 0.0216797 0.0219831
4 0.0299772 0.0316256
5 0.0393053 0.0446715
6 0.0506047 0.0601758
7 0.063194 0.0773169
8 0.0777399 0.0986456
9 0.0947702 0.126193
10 0.115524 0.15917
11 0.143609 0.198928
12 0.173895 0.238682
13 0.209645 0.282641
14 0.243564 0.327062
15 0.273886 0.370351
16 0.304457 0.417496
17 0.335708 0.462225
18 0.369381 0.509102
19 0.400743 0.553977
20 0.431037 0.59771
21 0.462897 0.63897
22 0.487712 0.682259
23 0.508495 0.730776
24 0.527446 0.765528
25 0.545447 0.795511
26 0.562631 0.821863
27 0.579618 0.84673
28 0.597014 0.870006
29 0.612971 0.892572
30 0.628666 0.912326
31 0.64487 0.929504
32 0.661549 0.94354
33 0.679622 0.955174
34 0.698186 0.965092
35 0.71764 0.973316
36 0.736548 0.980328
37 0.7574 0.985801
38 0.77539 0.990111
39 0.792186 0.993418
40 0.807911 0.996009
41 0.822959 0.997996
42 0.836896 0.999379
43 0.849789 0.999922
44 0.862458 1
45 0.87292 1
46 0.881707 1
47 0.88998 1
