1 0.00884344 0.00824934
2 0.0175132 0.0157036
3 0.0281795 0.0240631
4 0.0402987 0.0340293
5 0.0549257 0.0461308
6 0.0724714 0.0608321
7 0.0918789 0.0773798
8 0.119304 0.0959184
9 0.14854 0.117962
10 0.18217 0.145315
11 0.220146 0.185826
12 0.257538 0.2343
13 0.303018 0.284265
14 0.355635 0.336837
15 0.409397 0.391057
16 0.467579 0.441933
17 0.531179 0.491402
18 0.59226 0.538499
19 0.655228 0.585673
20 0.722264 0.634973
21 0.783433 0.687362
22 0.83939 0.739625
23 0.88355 0.789554
24 0.917296 0.830435
25 0.94419 0.862739
26 0.962484 0.889573
27 0.977361 0.912586
28 0.987495 0.931653
29 0.993817 0.946672
30 0.997179 0.959419
31 0.998794 0.970601
32 0.999508 0.978748
33 0.999872 0.985661
34 1 0.990627
35 1 0.994776
