1 0.011106 0.00910163
2 0.021901 0.017498
3 0.0333505 0.0265117
4 0.0504462 0.0387397
5 0.0688643 0.05926
6 0.0939129 0.0821806
7 0.120473 0.107148
8 0.152423 0.134973
9 0.19073 0.175514
10 0.241514 0.228505
11 0.300181 0.286842
12 0.365992 0.348022
13 0.43103 0.412166
14 0.494397 0.482021
15 0.553518 0.553065
16 0.607107 0.616598
17 0.657163 0.671775
18 0.703464 0.723302
19 0.746531 0.76472
20 0.78656 0.807622
21 0.826011 0.846697
22 0.860744 0.878111
23 0.888686 0.902493
24 0.909778 0.921089
25 0.927858 0.938298
26 0.943578 0.951019
27 0.957326 0.96456
28 0.969835 0.974328
29 0.979002 0.981163
30 0.9855 0.985767
31 0.989443 0.989497
32 0.992055 0.992425
33 0.994145 0.994476
34 0.995733 0.996217
35 0.997128 0.997676
36 0.998664 0.998765
37 1 0.999399
38 1 0.999725
