1 0.00821274 0.0123823
2 0.0158936 0.0242149
3 0.0247801 0.0369138
4 0.0356321 0.0493628
5 0.0501474 0.061818
6 0.0685319 0.0751603
7 0.0884543 0.0883299
8 0.113206 0.102693
9 0.144171 0.12752
10 0.185642 0.160777
11 0.232541 0.206377
12 0.285558 0.249359
13 0.33787 0.286358
14 0.388082 0.321283
15 0.441733 0.354323
16 0.494934 0.386508
17 0.547789 0.418007
18 0.596204 0.448105
19 0.6415 0.476876
20 0.684016 0.504775
21 0.722642 0.532943
22 0.755889 0.56186
23 0.785941 0.591018
24 0.814267 0.619359
25 0.838655 0.648515
26 0.860328 0.67597
27 0.880377 0.700596
28 0.89746 0.725673
29 0.912645 0.748973
30 0.925977 0.769494
31 0.938278 0.78864
32 0.949613 0.806085
33 0.96035 0.823955
34 0.969467 0.841745
35 0.977487 0.860065
36 0.984357 0.880112
37 0.989631 0.899227
38 0.993713 0.91379
39 0.996224 0.924779
40 0.997664 0.933415
41 0.99863 0.940575
42 0.999207 0.947057
43 0.99961 0.954438
44 0.999834 0.96348
45 0.999922 0.972601
46 0.999971 0.982139
47 1 0.989148
48 1 0.994863
