1 0.00822161 0.00580157
2 0.0157717 0.0110108
3 0.0242548 0.0167808
4 0.0348654 0.0251447
5 0.048308 0.0364832
6 0.0667945 0.0487232
7 0.0879557 0.0634178
8 0.113702 0.0812249
9 0.144866 0.10344
10 0.187739 0.130471
11 0.237678 0.161884
12 0.293243 0.198482
13 0.350156 0.243832
14 0.401773 0.290115
15 0.451493 0.338291
16 0.502296 0.387206
17 0.552534 0.436411
18 0.598072 0.489862
19 0.640756 0.543926
20 0.682287 0.602055
21 0.718863 0.656145
22 0.752004 0.705736
23 0.782708 0.757223
24 0.811096 0.80295
25 0.835852 0.842137
26 0.857303 0.876074
27 0.87639 0.904572
28 0.893647 0.928091
29 0.909099 0.947024
30 0.923218 0.96168
31 0.935752 0.972815
32 0.946562 0.9809
33 0.956016 0.986441
34 0.965137 0.990761
35 0.973522 0.993935
36 0.980929 0.996295
37 0.987016 0.998197
38 0.991705 0.999069
39 0.994788 0.999651
40 0.996751 0.999993
41 0.998134 1
42 0.999032 1
