1 0.00263646 0.00275242
2 0.0051448 0.00535947
3 0.00782977 0.0081524
4 0.0107759 0.0113812
5 0.0140311 0.01523
6 0.0179185 0.0200395
7 0.0227205 0.0254097
8 0.0288548 0.0324581
9 0.037374 0.0411142
10 0.0478805 0.0516385
11 0.0610427 0.0649441
12 0.0765663 0.081302
13 0.0947421 0.0989952
14 0.114389 0.11832
15 0.134681 0.139036
16 0.15608 0.159741
17 0.178387 0.182542
18 0.202594 0.206853
19 0.228348 0.23195
20 0.256079 0.256752
21 0.286001 0.282842
22 0.317076 0.309576
23 0.349798 0.337751
24 0.383183 0.367452
25 0.41804 0.396743
26 0.453158 0.427155
27 0.488429 0.456788
28 0.524403 0.485133
29 0.55943 0.513651
30 0.593968 0.54302
31 0.628036 0.572818
32 0.661376 0.602935
33 0.694 0.632386
34 0.724932 0.661029
35 0.753988 0.688934
36 0.781951 0.715249
37 0.809268 0.739288
38 0.834145 0.762089
39 0.857246 0.783169
40 0.879773 0.803838
41 0.901088 0.82382
42 0.919182 0.843064
43 0.934518 0.859897
44 0.947782 0.874921
45 0.95918 0.888717
46 0.968556 0.90197
47 0.976231 0.914657
48 0.982549 0.926094
49 0.988192 0.936596
50 0.992291 0.945569
51 0.995181 0.952546
52 0.997255 0.958836
53 0.998494 0.964933
54 0.999236 0.970552
55 0.99965 0.975451
56 0.99987 0.97969
57 0.999971 0.983436
58 0.999999 0.986793
59 1 0.989932
60 1 0.992265
61 1 0.993671
