1 0.00335166 0.00327278
2 0.00660451 0.00651897
3 0.0100144 0.0101226
4 0.0138655 0.014191
5 0.0184786 0.0188462
6 0.0242894 0.0243045
7 0.0308862 0.0310588
8 0.0390853 0.0399191
9 0.0497264 0.0515824
10 0.0646066 0.0664349
11 0.0820567 0.0842795
12 0.100461 0.104513
13 0.121715 0.126436
14 0.144615 0.15226
15 0.168545 0.179339
16 0.191434 0.206937
17 0.215442 0.236238
18 0.240019 0.267028
19 0.265979 0.300831
20 0.291941 0.335309
21 0.318973 0.372316
22 0.347551 0.41107
23 0.377403 0.449699
24 0.40808 0.487686
25 0.440693 0.525079
26 0.472378 0.561572
27 0.505068 0.598168
28 0.537424 0.634239
29 0.569451 0.670614
30 0.600876 0.704052
31 0.631876 0.736423
32 0.661247 0.768669
33 0.690841 0.797642
34 0.72051 0.823654
35 0.750713 0.846823
36 0.778836 0.868604
37 0.804602 0.88897
38 0.825989 0.907329
39 0.845976 0.924425
40 0.864972 0.93927
41 0.882657 0.951278
42 0.898291 0.961764
43 0.912361 0.970119
44 0.925301 0.977222
45 0.937148 0.982943
46 0.948251 0.987215
47 0.958843 0.99042
48 0.967638 0.993022
49 0.974967 0.995365
50 0.981255 0.997419
51 0.986356 0.998606
52 0.990517 0.999331
53 0.993603 0.999697
54 0.995546 0.999899
55 0.996826 0.999995
56 0.99768 1
57 0.998309 1
58 0.998888 1
59 0.999378 1
60 0.999664 1
