1 0.00755367 0.00638587
2 0.0152735 0.0124061
3 0.0235379 0.0186248
4 0.0319771 0.0260751
5 0.0412933 0.0359523
6 0.0553108 0.0491257
7 0.0768715 0.0655807
8 0.100345 0.0831179
9 0.13182 0.103572
10 0.165639 0.131236
11 0.206499 0.166085
12 0.255325 0.202122
13 0.30572 0.244347
14 0.3627 0.288153
15 0.422085 0.337856
16 0.479296 0.388091
17 0.53595 0.435949
18 0.594064 0.485887
19 0.649077 0.537775
20 0.696415 0.586544
21 0.739526 0.63256
22 0.77885 0.67672
23 0.81673 0.717826
24 0.852089 0.757503
25 0.884282 0.793871
26 0.912542 0.827597
27 0.93485 0.85839
28 0.951599 0.886026
29 0.965196 0.908231
30 0.975459 0.92531
31 0.982745 0.94062
32 0.988296 0.952782
33 0.991812 0.963357
34 0.994278 0.972325
35 0.996081 0.980502
36 0.997351 0.987631
37 0.998319 0.992476
38 0.999141 0.995763
39 0.999664 0.99774
40 0.999908 0.998706
41 0.999974 0.999319
42 1 0.999754
43 1 0.999982
