1 0.00392599 0.00456761
2 0.00767255 0.00888047
3 0.0116653 0.0132534
4 0.0162415 0.0178692
5 0.022069 0.0227137
6 0.0292972 0.0290258
7 0.0373905 0.0368116
8 0.0468247 0.0462719
9 0.059511 0.058032
10 0.0758181 0.0716868
11 0.0983596 0.0888779
12 0.125214 0.109582
13 0.153131 0.129974
14 0.183365 0.151222
15 0.214581 0.173028
16 0.246841 0.195134
17 0.279071 0.217461
18 0.310027 0.241473
19 0.343599 0.264328
20 0.376075 0.286483
21 0.407913 0.309101
22 0.442202 0.332747
23 0.476528 0.355432
24 0.510064 0.378332
25 0.543368 0.40235
26 0.575119 0.425179
27 0.603976 0.44621
28 0.631582 0.464512
29 0.658045 0.48193
30 0.683957 0.500054
31 0.709607 0.517292
32 0.733065 0.533208
33 0.75569 0.548347
34 0.777046 0.56261
35 0.795997 0.576042
36 0.813339 0.59015
37 0.829749 0.604526
38 0.845023 0.617094
39 0.860177 0.630471
40 0.874575 0.644431
41 0.887804 0.658433
42 0.900785 0.673199
43 0.912573 0.687041
44 0.923066 0.702251
45 0.933259 0.716335
46 0.943461 0.730108
47 0.952176 0.743894
48 0.959375 0.758424
49 0.965901 0.774264
50 0.97268 0.789523
51 0.97874 0.804281
52 0.984 0.819528
53 0.988942 0.834913
54 0.992999 0.849515
55 0.996519 0.86446
56 0.999027 0.87887
57 0.999759 0.892317
58 1 0.905008
59 1 0.916511
60 1 0.926979
61 1 0.935941
62 1 0.944262
63 1 0.952062
