1 0.00346494 0.00388939
2 0.00683905 0.0076515
3 0.0104149 0.0115918
4 0.0142981 0.0159868
5 0.0192051 0.0207445
6 0.0247377 0.0264268
7 0.0316459 0.033106
8 0.041129 0.0412869
9 0.0532159 0.0522914
10 0.067584 0.0665565
11 0.0850924 0.0840087
12 0.106316 0.104506
13 0.130673 0.127157
14 0.160191 0.151927
15 0.190557 0.179271
16 0.222303 0.207155
17 0.254128 0.238119
18 0.28789 0.27011
19 0.325219 0.304688
20 0.363076 0.341041
21 0.400856 0.378931
22 0.438324 0.417473
23 0.477189 0.455279
24 0.51752 0.491785
25 0.557419 0.529518
26 0.596809 0.56496
27 0.634775 0.601272
28 0.671328 0.637513
29 0.705772 0.671199
30 0.73893 0.704002
31 0.769964 0.736793
32 0.799205 0.767509
33 0.827174 0.796217
34 0.854241 0.821531
35 0.878776 0.844801
36 0.90055 0.865771
37 0.91936 0.886576
38 0.937122 0.905188
39 0.952374 0.922365
40 0.964211 0.938956
41 0.972684 0.952675
42 0.979118 0.962631
43 0.98398 0.970115
44 0.987546 0.976571
45 0.990544 0.983148
46 0.99307 0.9881
47 0.995192 0.991789
48 0.996897 0.994922
49 0.998204 0.997607
50 0.998963 0.999155
51 0.999454 0.999975
52 0.999783 1
53 0.999949 1
54 0.999997 1
55 1 1
56 1 1
57 1 1
