1 0.0102119 0.0109
2 0.0198832 0.02049
3 0.029668 0.030342
4 0.0396507 0.040544
5 0.0498129 0.050982
6 0.0604282 0.061524
7 0.0709959 0.073382
8 0.086715 0.08888
9 0.106651 0.102182
10 0.130142 0.115024
11 0.165957 0.127092
12 0.211937 0.139134
13 0.259063 0.150622
14 0.297562 0.162644
15 0.338165 0.175558
16 0.379916 0.18798
17 0.421593 0.201264
18 0.466893 0.213756
19 0.517647 0.227546
20 0.569974 0.241254
21 0.622497 0.25694
22 0.67312 0.272312
23 0.719117 0.287058
24 0.757224 0.301434
25 0.791608 0.316316
26 0.822742 0.3322
27 0.853914 0.348162
28 0.883062 0.36416
29 0.908701 0.37943
30 0.930241 0.39566
31 0.949842 0.411544
32 0.970391 0.427146
33 0.981351 0.443468
34 0.986035 0.459618
35 0.989704 0.476482
36 0.992574 0.494526
37 0.994901 0.513014
38 0.996684 0.545094
39 0.998166 0.575016
40 0.999306 0.600246
41 0.999933 0.6237
42 1 0.644146
43 1 0.662944
44 1 0.683802
