1 0.00365157 0.00335585
2 0.00715115 0.00650645
3 0.0109934 0.0098069
4 0.0150797 0.013792
5 0.0195022 0.01826
6 0.0249555 0.0237563
7 0.032209 0.0303761
8 0.0422615 0.0382744
9 0.0549535 0.0496545
10 0.0701359 0.0657887
11 0.0887154 0.0856754
12 0.110246 0.108764
13 0.133806 0.13417
14 0.160597 0.160074
15 0.188589 0.186429
16 0.218369 0.214415
17 0.249268 0.242973
18 0.283646 0.274207
19 0.318599 0.306297
20 0.353327 0.342288
21 0.38953 0.381052
22 0.427739 0.418278
23 0.466384 0.454475
24 0.505462 0.490952
25 0.54418 0.52733
26 0.583902 0.56453
27 0.623799 0.601098
28 0.660646 0.635352
29 0.69491 0.668208
30 0.727523 0.700786
31 0.758119 0.732489
32 0.787959 0.761731
33 0.816631 0.789107
34 0.843944 0.815905
35 0.869151 0.840627
36 0.891303 0.863096
37 0.909426 0.883097
38 0.925918 0.90018
39 0.940993 0.915435
40 0.954541 0.929218
41 0.965578 0.940011
42 0.974501 0.948289
43 0.981053 0.954826
44 0.986089 0.96011
45 0.990421 0.964428
46 0.993744 0.968216
47 0.995833 0.971356
48 0.997065 0.974088
49 0.997855 0.97657
50 0.998485 0.978848
51 0.998978 0.980991
52 0.999463 0.983053
53 0.99984 0.984961
54 0.999986 0.986747
55 1 0.988549
56 1 0.990223
57 1 0.991743
58 1 0.99308
59 1 0.99421
60 1 0.995157
61 1 0.995954
62 1 0.996594
