1 0.00502847 0.00498855
2 0.00985496 0.00983385
3 0.0151774 0.0148482
4 0.0210469 0.0205313
5 0.0280767 0.0276459
6 0.0374861 0.0358523
7 0.0478155 0.0450712
8 0.0600604 0.0562446
9 0.0761554 0.0705153
10 0.0976666 0.090254
11 0.122833 0.113624
12 0.153727 0.138412
13 0.187513 0.164777
14 0.223262 0.197287
15 0.259714 0.235005
16 0.298175 0.270963
17 0.336855 0.306242
18 0.377261 0.34114
19 0.417878 0.376083
20 0.455346 0.412363
21 0.490635 0.449594
22 0.527741 0.485365
23 0.564476 0.52238
24 0.602551 0.559723
25 0.640155 0.593398
26 0.675617 0.625267
27 0.708465 0.656624
28 0.739729 0.685795
29 0.767588 0.715898
30 0.792669 0.741353
31 0.815631 0.764446
32 0.836809 0.787516
33 0.857313 0.808641
34 0.87571 0.829825
35 0.892698 0.849916
36 0.907502 0.868362
37 0.922321 0.885347
38 0.934655 0.901477
39 0.944759 0.915829
40 0.953175 0.928934
41 0.960669 0.940698
42 0.967659 0.950998
43 0.973863 0.96002
44 0.978581 0.968396
45 0.983427 0.975956
46 0.987524 0.982531
47 0.990852 0.988102
48 0.994776 0.992863
49 0.997657 0.995819
50 0.99927 0.997755
51 0.999779 0.998851
52 0.999955 0.999357
53 1 0.999725
54 1 0.999927
55 1 0.999999
56 1 1
57 1 1
