1 0.00468425 0.00468635
2 0.00902393 0.00928584
3 0.0138047 0.0145823
4 0.019669 0.0206052
5 0.0273993 0.0288185
6 0.0372474 0.0393322
7 0.0480763 0.0534393
8 0.0608547 0.0680837
9 0.0765818 0.0857172
10 0.0998742 0.106526
11 0.126784 0.129935
12 0.156354 0.155241
13 0.189149 0.185012
14 0.226594 0.21865
15 0.266099 0.256332
16 0.304658 0.292581
17 0.342949 0.329755
18 0.38671 0.369451
19 0.432726 0.412362
20 0.478667 0.456446
21 0.523057 0.502848
22 0.566894 0.548338
23 0.610806 0.592103
24 0.653686 0.633626
25 0.693893 0.674561
26 0.734648 0.714431
27 0.774431 0.752985
28 0.807938 0.788883
29 0.836744 0.820373
30 0.86252 0.849467
31 0.884056 0.878589
32 0.902877 0.904022
33 0.919469 0.922604
34 0.934113 0.939663
35 0.947444 0.953915
36 0.958092 0.965633
37 0.966987 0.975069
38 0.97475 0.982829
39 0.981263 0.98874
40 0.986101 0.992374
41 0.989981 0.994716
42 0.992831 0.996466
43 0.994857 0.998003
44 0.996282 0.998822
45 0.997636 0.999292
46 0.998403 0.999628
47 0.999133 0.999853
48 0.999624 0.999964
49 0.999834 0.999999
50 0.999969 1
