1 0.00558962 0.0053112
2 0.0110635 0.0102374
3 0.0168049 0.0153978
4 0.0234011 0.0208857
5 0.0314093 0.027216
6 0.0402577 0.0351275
7 0.0511214 0.0446581
8 0.0632124 0.0563288
9 0.0819691 0.0711294
10 0.105666 0.0901457
11 0.132907 0.115512
12 0.162137 0.149467
13 0.196327 0.185198
14 0.236277 0.218746
15 0.27798 0.250713
16 0.321415 0.285981
17 0.362532 0.322498
18 0.404159 0.357995
19 0.447326 0.392808
20 0.490685 0.429298
21 0.534544 0.465289
22 0.577685 0.505976
23 0.616578 0.545978
24 0.656853 0.580815
25 0.695894 0.6115
26 0.734048 0.640285
27 0.769021 0.667057
28 0.803007 0.693006
29 0.83448 0.71983
30 0.864185 0.744657
31 0.891237 0.7698
32 0.912575 0.792235
33 0.929891 0.813187
34 0.944338 0.83397
35 0.956405 0.852212
36 0.96659 0.867185
37 0.974786 0.880985
38 0.9814 0.891715
39 0.986801 0.901658
40 0.990844 0.910949
41 0.993532 0.919848
42 0.995669 0.928495
43 0.997319 0.936622
44 0.998586 0.943854
45 0.999226 0.950646
46 0.999568 0.956428
47 0.999831 0.96109
48 0.999961 0.965053
49 1 0.968823
