1 0.008533 0.00906222
2 0.0162634 0.0175849
3 0.0249183 0.0266949
4 0.0352081 0.0373677
5 0.0483175 0.0518735
6 0.0635568 0.0706782
7 0.0832625 0.092603
8 0.105534 0.11742
9 0.131342 0.145363
10 0.163199 0.176272
11 0.201663 0.212106
12 0.252659 0.250385
13 0.303438 0.289598
14 0.350895 0.331346
15 0.392323 0.374946
16 0.43235 0.411949
17 0.471058 0.4484
18 0.507528 0.485534
19 0.547036 0.519279
20 0.582235 0.553349
21 0.613258 0.584915
22 0.639246 0.614886
23 0.662458 0.643655
24 0.684174 0.674364
25 0.704672 0.704537
26 0.723511 0.733115
27 0.742653 0.759689
28 0.762692 0.780698
29 0.784988 0.798047
30 0.807463 0.817134
31 0.827595 0.839471
32 0.847203 0.863038
33 0.865175 0.88287
34 0.881758 0.902992
35 0.897567 0.920589
36 0.912973 0.933076
37 0.927053 0.94263
38 0.940889 0.950432
39 0.954523 0.957454
40 0.968025 0.962937
41 0.977387 0.967415
42 0.983989 0.970991
43 0.989606 0.974182
44 0.993484 0.977742
45 0.995852 0.981518
46 0.997494 0.985311
47 0.99893 0.990401
48 0.999862 0.998608
49 1 1
50 1 1
51 1 1
