1 0.00862218 0.00839187
2 0.0162961 0.0164176
3 0.0245407 0.0245891
4 0.0345199 0.0332404
5 0.0474539 0.0421625
6 0.0628746 0.0517849
7 0.0824703 0.0632576
8 0.106283 0.0776699
9 0.133261 0.0961203
10 0.16272 0.121032
11 0.19978 0.154805
12 0.248199 0.195985
13 0.299114 0.236723
14 0.346544 0.276274
15 0.38918 0.31385
16 0.428233 0.352281
17 0.463108 0.393189
18 0.496781 0.436017
19 0.535697 0.478857
20 0.571794 0.524707
21 0.601326 0.567953
22 0.626986 0.607576
23 0.649518 0.647194
24 0.671119 0.687715
25 0.693569 0.730139
26 0.715566 0.770706
27 0.735024 0.80277
28 0.755984 0.831276
29 0.779935 0.857169
30 0.803952 0.875478
31 0.824828 0.890387
32 0.84587 0.902404
33 0.864413 0.912528
34 0.880859 0.921802
35 0.896685 0.930658
36 0.912427 0.938642
37 0.927051 0.947402
38 0.941378 0.955962
39 0.955204 0.963487
40 0.969594 0.969683
41 0.978836 0.975026
42 0.985198 0.979425
43 0.990021 0.983485
44 0.993334 0.986942
45 0.995675 0.990083
46 0.997918 0.992452
47 0.999333 0.994889
48 0.999924 0.996905
49 1 0.998279
50 1 0.999464
51 1 0.999994
