1 0.00369358 0.00272835
2 0.00723268 0.00548923
3 0.0110233 0.00878048
4 0.0150987 0.0127865
5 0.0203438 0.0178806
6 0.0267289 0.0246113
7 0.0343572 0.0323956
8 0.0440847 0.0422229
9 0.0576688 0.0553585
10 0.0762161 0.0720141
11 0.0967534 0.093119
12 0.120375 0.117433
13 0.14432 0.143414
14 0.167683 0.171157
15 0.191744 0.200213
16 0.216408 0.231751
17 0.241972 0.265808
18 0.26901 0.301067
19 0.298895 0.336447
20 0.331648 0.372973
21 0.366056 0.409307
22 0.403621 0.44538
23 0.441978 0.481165
24 0.480444 0.514961
25 0.518663 0.548636
26 0.557618 0.580089
27 0.595508 0.611353
28 0.632187 0.64183
29 0.667588 0.67158
30 0.702283 0.699708
31 0.734035 0.726585
32 0.76391 0.750939
33 0.790573 0.771946
34 0.814214 0.791628
35 0.835307 0.809918
36 0.854893 0.82751
37 0.872287 0.843797
38 0.887953 0.859634
39 0.902167 0.874694
40 0.915323 0.88873
41 0.928162 0.901786
42 0.939231 0.913896
43 0.949582 0.92523
44 0.958426 0.935657
45 0.966657 0.945198
46 0.9737 0.953509
47 0.978713 0.96113
48 0.983528 0.968216
49 0.988131 0.974718
50 0.993141 0.980495
51 0.996091 0.985493
52 0.997557 0.989814
53 0.998488 0.992861
54 0.999169 0.995231
55 0.999628 0.997079
56 0.999787 0.998228
57 1 0.998885
58 1 0.999418
59 1 0.999718
60 1 0.999896
