1 0.00361252 0.00346263
2 0.00711342 0.00682553
3 0.0108769 0.0105721
4 0.0150668 0.0148252
5 0.0201143 0.0201664
6 0.0262927 0.0265104
7 0.0340978 0.034452
8 0.0443223 0.0439511
9 0.0579267 0.0569146
10 0.0759892 0.0737706
11 0.0958272 0.0949985
12 0.118511 0.119682
13 0.141809 0.146151
14 0.164993 0.173111
15 0.188972 0.200897
16 0.214542 0.23085
17 0.240834 0.262219
18 0.26876 0.294916
19 0.299317 0.329717
20 0.332324 0.366081
21 0.367243 0.403689
22 0.404664 0.445679
23 0.4425 0.487926
24 0.480897 0.529591
25 0.518965 0.569519
26 0.556558 0.608347
27 0.594884 0.645787
28 0.631426 0.681734
29 0.666977 0.716515
30 0.70209 0.750833
31 0.734432 0.782687
32 0.76421 0.80936
33 0.790355 0.833705
34 0.813553 0.856301
35 0.834156 0.875831
36 0.853401 0.892663
37 0.870858 0.908173
38 0.88676 0.922097
39 0.901274 0.934383
40 0.91451 0.944801
41 0.927426 0.953943
42 0.938674 0.961192
43 0.948988 0.966822
44 0.957597 0.971839
45 0.966201 0.976588
46 0.973247 0.981007
47 0.978456 0.985846
48 0.983207 0.989642
49 0.987686 0.992867
50 0.992786 0.994914
51 0.995977 0.996576
52 0.9974 0.997756
53 0.998414 0.998669
54 0.999101 0.999349
55 0.99955 0.999716
56 0.999773 0.999872
57 0.999996 0.999979
58 1 1
59 1 1
60 1 1
