1 0.00610279 0.00703687
2 0.0123521 0.0136515
3 0.0195777 0.0207178
4 0.0274006 0.0279514
5 0.0361661 0.0361983
6 0.0473618 0.0459172
7 0.0604997 0.0576268
8 0.0770041 0.071251
9 0.0990961 0.0903869
10 0.127256 0.115456
11 0.161375 0.145961
12 0.203226 0.178227
13 0.250868 0.213093
14 0.296452 0.254146
15 0.342524 0.297394
16 0.386955 0.339707
17 0.431254 0.378467
18 0.474921 0.418257
19 0.522025 0.457847
20 0.570001 0.501625
21 0.620395 0.543688
22 0.664416 0.58708
23 0.703338 0.627327
24 0.736355 0.666373
25 0.766156 0.699165
26 0.794335 0.726061
27 0.821695 0.751329
28 0.848743 0.773499
29 0.873716 0.792174
30 0.897 0.810488
31 0.916813 0.824997
32 0.933507 0.839081
33 0.947623 0.850765
34 0.958614 0.860108
35 0.966573 0.867825
36 0.972483 0.8747
37 0.977574 0.880503
38 0.982091 0.886493
39 0.98603 0.892559
40 0.989398 0.899223
41 0.991823 0.906633
42 0.99376 0.913827
43 0.995647 0.920471
44 0.996951 0.926596
45 0.997844 0.931863
46 0.998551 0.936438
47 0.999098 0.940995
48 0.999391 0.946232
49 0.9996 0.951003
50 0.999751 0.954737
51 0.999872 0.958373
52 0.999941 0.961932
53 1 0.965103
54 1 0.967921
