1 0.0072235 0.0109735
2 0.0138437 0.0214857
3 0.021376 0.0317
4 0.0305846 0.0422102
5 0.043206 0.0525235
6 0.0605918 0.0635571
7 0.0796984 0.0748929
8 0.100951 0.0884622
9 0.124787 0.105685
10 0.154395 0.126521
11 0.189586 0.152488
12 0.227483 0.186973
13 0.272969 0.226312
14 0.320734 0.261315
15 0.369334 0.293066
16 0.41663 0.32797
17 0.457636 0.362456
18 0.496495 0.396057
19 0.53418 0.431999
20 0.569036 0.467429
21 0.601642 0.500988
22 0.632321 0.536726
23 0.66074 0.574798
24 0.687249 0.61186
25 0.712007 0.64411
26 0.735494 0.674269
27 0.757758 0.701512
28 0.778424 0.72721
29 0.797509 0.751151
30 0.815701 0.774022
31 0.832337 0.797217
32 0.847827 0.820573
33 0.860771 0.846762
34 0.872438 0.870397
35 0.882377 0.891587
36 0.892126 0.90862
37 0.90114 0.921406
38 0.910858 0.934698
39 0.920863 0.945171
40 0.930655 0.954093
41 0.940136 0.962605
42 0.950113 0.969776
43 0.959618 0.977629
44 0.967998 0.98607
45 0.975914 0.992438
46 0.981567 0.996803
47 0.987255 0.99922
48 0.991392 1
49 0.994665 1
50 0.997433 1
51 0.999444 1
52 1 1
53 1 1
