1 0.0185654 0.0134351
2 0.0372912 0.0260608
3 0.0555892 0.0391629
4 0.0753397 0.0523806
5 0.0951303 0.0658273
6 0.115972 0.0798613
7 0.142584 0.0949451
8 0.176511 0.110528
9 0.207957 0.126808
10 0.244513 0.148123
11 0.295839 0.186052
12 0.365043 0.227152
13 0.440138 0.279991
14 0.517483 0.339216
15 0.589338 0.396208
16 0.65497 0.448262
17 0.717438 0.502504
18 0.766594 0.5547
19 0.810287 0.605041
20 0.845658 0.656182
21 0.874057 0.698994
22 0.900196 0.737516
23 0.924825 0.774684
24 0.945587 0.811407
25 0.965048 0.844727
26 0.980454 0.866923
27 0.98867 0.895151
28 0.993856 0.919526
29 0.996966 0.943769
30 0.998182 0.960916
31 0.99967 0.974605
32 1 0.985282
33 1 0.991754
