1 0.0190688 0.0148318
2 0.0375897 0.0286344
3 0.0558164 0.0431143
4 0.0747115 0.059697
5 0.0937714 0.0960214
6 0.113544 0.139216
7 0.136155 0.182058
8 0.169842 0.230354
9 0.199069 0.287734
10 0.234515 0.352662
11 0.28511 0.415794
12 0.345935 0.482642
13 0.413807 0.554039
14 0.492537 0.617897
15 0.564045 0.677697
16 0.628363 0.730617
17 0.68761 0.775309
18 0.740735 0.818151
19 0.785556 0.85301
20 0.821439 0.879265
21 0.851459 0.901501
22 0.881395 0.916676
23 0.905828 0.930154
24 0.930381 0.941876
25 0.951971 0.95321
26 0.972252 0.96303
27 0.984589 0.97063
28 0.992283 0.977625
29 0.995317 0.983368
30 0.998138 0.988403
31 0.999786 0.992386
32 1 0.994925
33 1 0.996725
