1 0.0165155 0.0237541
2 0.0322189 0.0464097
3 0.0479389 0.0688133
4 0.0659172 0.0912371
5 0.0850756 0.113676
6 0.106068 0.135918
7 0.13187 0.158907
8 0.160224 0.182217
9 0.203662 0.206203
10 0.261525 0.248098
11 0.329083 0.308869
12 0.396417 0.3871
13 0.463386 0.464268
14 0.53521 0.550683
15 0.614753 0.620393
16 0.685667 0.681819
17 0.746187 0.735193
18 0.801029 0.785729
19 0.843928 0.829912
20 0.879569 0.866536
21 0.908083 0.892215
22 0.932548 0.913238
23 0.950542 0.932184
24 0.963981 0.949766
25 0.976414 0.964596
26 0.982952 0.97613
27 0.987301 0.987458
28 0.990845 0.993883
29 0.993803 0.997758
30 0.995828 0.999733
31 0.997531 1
32 0.998649 1
33 0.999464 1
