1 0.0165812 0.0152082
2 0.0325674 0.0297591
3 0.0498685 0.0441612
4 0.0680671 0.0599732
5 0.0868376 0.0761065
6 0.106755 0.0954164
7 0.130871 0.115309
8 0.156805 0.137811
9 0.196506 0.176428
10 0.252327 0.218507
11 0.315894 0.266362
12 0.379629 0.323394
13 0.440062 0.388682
14 0.511607 0.455309
15 0.58098 0.517915
16 0.647574 0.574768
17 0.709612 0.640042
18 0.764885 0.703537
19 0.812032 0.761692
20 0.850128 0.811972
21 0.880891 0.866871
22 0.907571 0.905297
23 0.928918 0.935
24 0.945703 0.954007
25 0.962403 0.967662
26 0.971364 0.978189
27 0.977544 0.986422
28 0.98285 0.992603
29 0.987699 0.997023
30 0.991801 0.999462
31 0.995102 1
32 0.997475 1
