1 0.0114278 0.0144444
2 0.022888 0.0279973
3 0.0352353 0.0432579
4 0.0493997 0.0643073
5 0.067569 0.0926269
6 0.0932937 0.138525
7 0.124665 0.17489
8 0.159754 0.210158
9 0.196474 0.254019
10 0.243786 0.303498
11 0.302312 0.353553
12 0.365473 0.397291
13 0.438626 0.439225
14 0.513597 0.481207
15 0.587948 0.522922
16 0.655879 0.564486
17 0.71228 0.608333
18 0.769927 0.651207
19 0.818459 0.695158
20 0.865703 0.736598
21 0.896409 0.774266
22 0.919419 0.811962
23 0.936409 0.846667
24 0.948599 0.878711
25 0.958524 0.911228
26 0.966079 0.933697
27 0.971885 0.950192
28 0.976574 0.964486
29 0.980933 0.974973
30 0.984743 0.984952
31 0.988921 0.991461
32 0.992699 0.994767
33 0.996025 0.997112
34 0.99811 0.998546
35 0.998981 0.999376
36 0.9996 0.999856
37 0.999889 0.999986
38 1 1
