1 0.00932511 0.0246373
2 0.0178722 0.0489655
3 0.0276076 0.0720036
4 0.0389181 0.0963615
5 0.0539909 0.118306
6 0.0799724 0.142432
7 0.10779 0.16808
8 0.141509 0.191944
9 0.18429 0.226468
10 0.233234 0.292765
11 0.291208 0.365719
12 0.348575 0.422604
13 0.408447 0.476825
14 0.481513 0.541106
15 0.544313 0.626005
16 0.598642 0.7
17 0.650858 0.751106
18 0.702806 0.783817
19 0.746908 0.816492
20 0.783971 0.848472
21 0.817534 0.882717
22 0.850785 0.919114
23 0.875968 0.943639
24 0.895638 0.96519
25 0.912971 0.980957
26 0.929761 0.990012
27 0.944472 0.995618
28 0.954342 0.998098
29 0.962674 0.999376
30 0.970488 1
31 0.978132 1
32 0.983518 1
