1 0.03351 0.0326664
2 0.0648675 0.0634948
3 0.096344 0.0933545
4 0.128242 0.124581
5 0.160151 0.154242
6 0.19285 0.182888
7 0.225019 0.212494
8 0.257783 0.240163
9 0.316463 0.271824
10 0.396376 0.306175
11 0.499621 0.348121
12 0.586912 0.452214
13 0.660898 0.575165
14 0.733542 0.666935
15 0.793164 0.741711
16 0.83761 0.800471
17 0.867215 0.836786
18 0.890892 0.875038
19 0.910189 0.898253
20 0.927128 0.916333
21 0.941244 0.931381
22 0.95324 0.945813
23 0.963169 0.958035
24 0.971844 0.968411
25 0.97894 0.976514
26 0.9849 0.982897
27 0.989951 0.988311
28 0.993921 0.992793
29 0.997004 0.995699
30 0.9992 0.997492
31 0.999946 0.998877
32 1 0.99981
