1 0.00230311 0.00222356
2 0.00460181 0.00434715
3 0.00702235 0.00661869
4 0.00970347 0.00913863
5 0.0125681 0.0121623
6 0.0158871 0.0157122
7 0.0198212 0.0200675
8 0.0244599 0.0254043
9 0.0306658 0.0319791
10 0.0390383 0.0403796
11 0.0497662 0.0514402
12 0.0625423 0.0640551
13 0.0769961 0.0791883
14 0.092461 0.0963532
15 0.108638 0.113339
16 0.126214 0.131042
17 0.145432 0.150581
18 0.166407 0.172016
19 0.188505 0.194694
20 0.212712 0.219029
21 0.238389 0.243559
22 0.264862 0.269466
23 0.291266 0.295919
24 0.318403 0.323323
25 0.346262 0.35095
26 0.374403 0.378703
27 0.402966 0.406803
28 0.43076 0.43656
29 0.458551 0.466847
30 0.486634 0.497529
31 0.516018 0.526525
32 0.545808 0.55598
33 0.575707 0.585041
34 0.604462 0.61349
35 0.632171 0.641796
36 0.659206 0.669489
37 0.685034 0.695602
38 0.708674 0.720886
39 0.730604 0.744916
40 0.752157 0.768706
41 0.773738 0.791615
42 0.794607 0.81321
43 0.81451 0.833704
44 0.833685 0.852739
45 0.850684 0.87038
46 0.866091 0.886445
47 0.880438 0.901095
48 0.893973 0.91426
49 0.906496 0.925847
50 0.918346 0.935983
51 0.928915 0.945038
52 0.938005 0.952967
53 0.946095 0.959905
54 0.953553 0.966076
55 0.959919 0.971352
56 0.965915 0.975612
57 0.970851 0.979205
58 0.975656 0.982264
59 0.980575 0.984812
60 0.984234 0.986843
61 0.986914 0.988615
62 0.989309 0.990214
63 0.991575 0.991548
64 0.993954 0.992708
65 0.9959 0.993653
66 0.99694 0.994465
67 0.997885 0.99521
68 0.998762 0.995875
69 0.999479 0.996448
70 0.999819 0.996984
71 1 0.997491
72 1 0.997934
73 1 0.998314
74 1 0.998657
