1 0.00965787 0.012867
2 0.0190178 0.0256267
3 0.0291857 0.0388816
4 0.0407373 0.052777
5 0.0579977 0.0742313
6 0.0821209 0.104307
7 0.109469 0.135506
8 0.146522 0.170831
9 0.189173 0.207936
10 0.233768 0.265817
11 0.28486 0.326873
12 0.33846 0.39162
13 0.395389 0.458494
14 0.447302 0.528373
15 0.497962 0.590235
16 0.552339 0.643549
17 0.601949 0.69544
18 0.645489 0.740925
19 0.689655 0.779356
20 0.728042 0.812666
21 0.760851 0.841527
22 0.791082 0.867223
23 0.817647 0.890028
24 0.841502 0.91037
25 0.863386 0.928362
26 0.883722 0.944394
27 0.900836 0.958577
28 0.916614 0.970699
29 0.930153 0.979224
30 0.942699 0.983878
31 0.954195 0.987784
32 0.964472 0.990478
33 0.973046 0.992974
34 0.980651 0.995014
35 0.987194 0.997195
36 0.992736 0.998241
37 0.996112 0.999242
38 0.997753 0.999972
39 0.999063 1
