1 0.0096099 0.00959594
2 0.0196036 0.0195085
3 0.029827 0.0303261
4 0.0414241 0.0420132
5 0.057013 0.0574244
6 0.0796516 0.0759688
7 0.105979 0.098138
8 0.142088 0.124293
9 0.181126 0.16081
10 0.226517 0.208176
11 0.279987 0.266668
12 0.33776 0.325097
13 0.395884 0.389093
14 0.447214 0.452276
15 0.495942 0.511401
16 0.547936 0.56719
17 0.598008 0.618559
18 0.646444 0.665217
19 0.695294 0.710551
20 0.734647 0.752703
21 0.768562 0.78811
22 0.798465 0.819598
23 0.825075 0.847365
24 0.847729 0.870893
25 0.86885 0.892001
26 0.889163 0.912245
27 0.907082 0.929877
28 0.923043 0.945241
29 0.936478 0.959733
30 0.948418 0.974579
31 0.957882 0.98423
32 0.966229 0.990499
33 0.974561 0.994887
34 0.981371 0.998015
35 0.987378 0.999449
36 0.992491 0.999967
37 0.995882 1
38 0.99775 1
39 0.999167 1
