1 0.00307091 0.00318476
2 0.00604379 0.00628595
3 0.00945674 0.00955445
4 0.013257 0.0130641
5 0.0178872 0.0173899
6 0.0235131 0.0231578
7 0.0304254 0.0297611
8 0.0387884 0.0371963
9 0.0496209 0.0469343
10 0.063745 0.0613117
11 0.081454 0.0789238
12 0.102033 0.0986852
13 0.125311 0.119804
14 0.152658 0.142903
15 0.182238 0.16657
16 0.212937 0.190101
17 0.24524 0.214193
18 0.279976 0.239003
19 0.315197 0.266272
20 0.350918 0.294212
21 0.38825 0.322556
22 0.425156 0.350739
23 0.461615 0.377571
24 0.496879 0.402952
25 0.532854 0.42752
26 0.569692 0.451975
27 0.605628 0.474879
28 0.640672 0.49737
29 0.674635 0.519068
30 0.707287 0.54032
31 0.739649 0.560126
32 0.769676 0.57885
33 0.797548 0.597057
34 0.822923 0.61522
35 0.846061 0.632771
36 0.867475 0.649786
37 0.887235 0.666196
38 0.904806 0.682133
39 0.921275 0.698406
40 0.936208 0.714791
41 0.948763 0.730926
42 0.958379 0.74674
43 0.96612 0.763349
44 0.972265 0.780349
45 0.977269 0.7962
46 0.981663 0.811532
47 0.985287 0.826226
48 0.988435 0.840768
49 0.991143 0.855368
50 0.993348 0.86897
51 0.995136 0.882606
52 0.996591 0.895186
53 0.997654 0.907093
54 0.998452 0.918557
55 0.999027 0.929437
56 0.999423 0.939637
57 0.99968 0.948654
58 0.999853 0.956438
59 0.999949 0.963178
60 0.999992 0.968931
61 1 0.973954
62 1 0.978287
