1 0.01704 0.0174673
2 0.033272 0.03456
3 0.050536 0.0539893
4 0.07048 0.0744114
5 0.108248 0.101546
6 0.153176 0.131564
7 0.204776 0.167069
8 0.264048 0.202539
9 0.339776 0.253312
10 0.438816 0.303597
11 0.530408 0.369185
12 0.633056 0.437776
13 0.714792 0.50918
14 0.781616 0.577658
15 0.849064 0.637164
16 0.89844 0.696433
17 0.93576 0.766171
18 0.965888 0.829554
19 0.98344 0.878335
20 0.99052 0.905886
21 0.995368 0.927913
22 0.998 0.948413
23 0.999376 0.963859
24 0.999872 0.978032
25 0.999992 0.9889
26 1 0.994316
27 1 0.997616
