1 0.00961806 0.0105922
2 0.0185938 0.0208572
3 0.027997 0.0320173
4 0.0389301 0.0456814
5 0.0533746 0.0631341
6 0.0739757 0.089973
7 0.100497 0.119281
8 0.129501 0.151363
9 0.164004 0.19139
10 0.202925 0.237077
11 0.252211 0.289632
12 0.306504 0.348561
13 0.363728 0.408789
14 0.419238 0.467136
15 0.476695 0.526866
16 0.527899 0.583537
17 0.576988 0.636133
18 0.621532 0.683542
19 0.664264 0.727826
20 0.703455 0.76781
21 0.739271 0.803091
22 0.772949 0.833994
23 0.804531 0.859221
24 0.833715 0.88245
25 0.859822 0.901966
26 0.884779 0.919511
27 0.907042 0.935054
28 0.924952 0.948039
29 0.94163 0.959538
30 0.955898 0.969118
31 0.967893 0.977004
32 0.978197 0.983729
33 0.986096 0.989408
34 0.99122 0.993864
35 0.994776 0.996412
36 0.99709 0.99782
37 0.998559 0.998835
38 0.999193 0.999508
39 0.999536 0.999843
40 0.999746 0.999986
41 0.999911 1
