1 0.00943793 0.0165493
2 0.0187869 0.031642
3 0.0279123 0.0469874
4 0.0392795 0.0627573
5 0.0539822 0.0834614
6 0.0753168 0.12279
7 0.100929 0.16609
8 0.129145 0.21979
9 0.163798 0.278296
10 0.200527 0.3428
11 0.246981 0.404923
12 0.3024 0.473738
13 0.358255 0.538823
14 0.415901 0.598941
15 0.474501 0.656705
16 0.529789 0.707874
17 0.581243 0.75333
18 0.625549 0.792341
19 0.665816 0.825886
20 0.703895 0.856496
21 0.740026 0.884123
22 0.774494 0.912529
23 0.805161 0.934636
24 0.833103 0.953136
25 0.858815 0.968121
26 0.882756 0.979291
27 0.903776 0.988272
28 0.922057 0.99477
29 0.93824 0.999205
30 0.952109 1
31 0.964542 1
32 0.975673 1
33 0.984141 1
