1 0.00970703 0.0147949
2 0.0184722 0.0301807
3 0.0274566 0.049751
4 0.0385438 0.0724854
5 0.0534332 0.0977539
6 0.0748893 0.12644
7 0.101586 0.161475
8 0.128895 0.207236
9 0.160349 0.260649
10 0.198155 0.31957
11 0.245716 0.386958
12 0.301261 0.461475
13 0.359492 0.537539
14 0.416374 0.60395
15 0.473798 0.671626
16 0.527437 0.727158
17 0.577307 0.777207
18 0.622339 0.823188
19 0.66482 0.863154
20 0.702311 0.894404
21 0.738767 0.918374
22 0.770393 0.936714
23 0.801202 0.95167
24 0.829355 0.963418
25 0.854219 0.973198
26 0.877311 0.981362
27 0.898822 0.987607
28 0.917767 0.992461
29 0.934141 0.995923
30 0.949731 0.998066
31 0.963162 0.999307
32 0.975056 0.999897
33 0.984599 0.99999
34 0.990404 1
