1 0.00985206 0.00947603
2 0.0192327 0.0181209
3 0.0292827 0.0273462
4 0.0445383 0.0382357
5 0.062261 0.0557339
6 0.0845669 0.0777107
7 0.107073 0.100878
8 0.134464 0.128636
9 0.17105 0.162957
10 0.221018 0.205369
11 0.272433 0.256063
12 0.325828 0.311597
13 0.387707 0.370163
14 0.453103 0.43028
15 0.512019 0.488917
16 0.571542 0.547897
17 0.630258 0.602719
18 0.684259 0.656573
19 0.73426 0.714165
20 0.779733 0.765127
21 0.820592 0.807155
22 0.856911 0.842529
23 0.88551 0.870675
24 0.910756 0.893245
25 0.929324 0.915917
26 0.945644 0.936512
27 0.958447 0.954905
28 0.968397 0.97124
29 0.975945 0.982544
30 0.981824 0.989387
31 0.986477 0.994027
32 0.989985 0.996442
33 0.992942 0.997757
34 0.995243 0.998625
35 0.996845 0.999233
36 0.998416 0.999685
37 0.999443 0.999906
38 0.999892 1
39 1 1
40 1 1
