1 0.0103269 0.00819388
2 0.0199604 0.0158306
3 0.0298561 0.0241837
4 0.0403252 0.0332306
5 0.051476 0.0441786
6 0.0638378 0.0566184
7 0.0776866 0.0733122
8 0.0917581 0.0948663
9 0.110199 0.120793
10 0.136387 0.151733
11 0.175094 0.185872
12 0.227815 0.223042
13 0.280427 0.260959
14 0.323023 0.30364
15 0.363439 0.345563
16 0.405032 0.39334
17 0.449416 0.44441
18 0.490808 0.493719
19 0.530153 0.544693
20 0.564924 0.591471
21 0.596395 0.635698
22 0.626632 0.67707
23 0.654515 0.717976
24 0.680537 0.755851
25 0.705279 0.791764
26 0.729543 0.822824
27 0.75296 0.850248
28 0.774778 0.878558
29 0.79536 0.907942
30 0.815115 0.93538
31 0.8342 0.955604
32 0.851531 0.967679
33 0.867886 0.977529
34 0.883381 0.985807
35 0.897508 0.992298
36 0.910475 0.995699
37 0.92225 0.997872
38 0.933308 0.999348
39 0.943921 0.999815
40 0.953472 0.999955
41 0.96247 1
42 0.97033 1
43 0.977162 1
44 0.983376 1
