1 0.00744869 0.0130705
2 0.0147524 0.0255838
3 0.0228195 0.0383802
4 0.0317006 0.0509826
5 0.0428876 0.0647401
6 0.0548991 0.0791759
7 0.0689335 0.0967747
8 0.0859673 0.115032
9 0.111673 0.140133
10 0.139455 0.172925
11 0.169964 0.214268
12 0.20251 0.258847
13 0.234291 0.302531
14 0.267606 0.350235
15 0.307136 0.39468
16 0.347029 0.437652
17 0.384872 0.478473
18 0.427496 0.518811
19 0.467513 0.558827
20 0.501211 0.600142
21 0.532459 0.642964
22 0.560307 0.69134
23 0.5869 0.732611
24 0.613678 0.767789
25 0.639168 0.799384
26 0.662088 0.826992
27 0.683516 0.853763
28 0.703468 0.874959
29 0.721646 0.893726
30 0.738746 0.910539
31 0.754955 0.926096
32 0.770039 0.940445
33 0.784942 0.952747
34 0.799701 0.963209
35 0.814218 0.971748
36 0.827141 0.977261
37 0.839146 0.981871
38 0.850902 0.98615
39 0.862005 0.989922
40 0.872251 0.992994
41 0.882419 0.99536
42 0.892085 0.997109
43 0.90101 0.998256
44 0.909367 0.998977
45 0.917252 0.999567
46 0.92462 0.999899
47 0.932137 1
