1 0.00786095 0.00895991
2 0.0152188 0.0171081
3 0.0233418 0.0259582
4 0.0323766 0.0359651
5 0.0439916 0.0506617
6 0.0566268 0.0731556
7 0.0706856 0.100512
8 0.0873998 0.13521
9 0.113339 0.177355
10 0.14102 0.225592
11 0.169996 0.276614
12 0.203454 0.334032
13 0.235486 0.388893
14 0.269157 0.441121
15 0.308219 0.493989
16 0.348434 0.545696
17 0.388397 0.597526
18 0.432019 0.644835
19 0.472029 0.689772
20 0.507498 0.731289
21 0.538917 0.768532
22 0.56921 0.800512
23 0.597165 0.828082
24 0.625265 0.853791
25 0.652191 0.877859
26 0.674585 0.898016
27 0.69553 0.91653
28 0.715821 0.932571
29 0.734997 0.947131
30 0.75266 0.960137
31 0.769856 0.970291
32 0.785719 0.978386
33 0.800414 0.98535
34 0.814761 0.990928
35 0.828773 0.995257
36 0.841742 0.9978
37 0.853706 0.998931
38 0.865321 0.999608
39 0.876346 0.99989
40 0.886884 0.999988
41 0.896604 1
