1 0.0152009 0.0117547
2 0.0294047 0.0235902
3 0.0446713 0.0370326
4 0.0602411 0.0532915
5 0.0786121 0.0721118
6 0.100142 0.0952662
7 0.122695 0.12126
8 0.148262 0.151852
9 0.192695 0.187008
10 0.249266 0.229746
11 0.31706 0.288439
12 0.380646 0.353064
13 0.439438 0.426368
14 0.494697 0.49916
15 0.544262 0.567221
16 0.597692 0.628258
17 0.647889 0.68599
18 0.695902 0.741496
19 0.747509 0.790632
20 0.795464 0.833232
21 0.835175 0.870014
22 0.868736 0.899866
23 0.898703 0.927274
24 0.922575 0.949457
25 0.94428 0.964521
26 0.957904 0.97659
27 0.969138 0.985818
28 0.977429 0.99157
29 0.98374 0.995234
30 0.987962 0.997441
31 0.990869 0.998676
32 0.993356 0.999386
33 0.995562 0.999855
34 0.997246 0.999998
35 0.998543 1
