1 0.00728862 0.00697512
2 0.0143442 0.0139456
3 0.0225581 0.0216701
4 0.0356926 0.0318315
5 0.0490659 0.0439765
6 0.062642 0.0581365
7 0.0776085 0.0777612
8 0.0980456 0.100146
9 0.125382 0.127811
10 0.157408 0.160099
11 0.198575 0.196984
12 0.243662 0.234908
13 0.290257 0.278042
14 0.339551 0.332596
15 0.394408 0.389011
16 0.448851 0.445744
17 0.506124 0.503983
18 0.570624 0.565591
19 0.631285 0.62896
20 0.688261 0.692844
21 0.747442 0.752674
22 0.804317 0.804591
23 0.849787 0.847906
24 0.888945 0.883654
25 0.919608 0.914013
26 0.944697 0.938853
27 0.962754 0.957581
28 0.975556 0.971693
29 0.984303 0.98284
30 0.990193 0.990887
31 0.993879 0.995335
32 0.996243 0.997893
33 0.997948 0.999211
34 0.998895 0.999794
35 0.999289 0.999983
36 0.999531 1
