1 0.00818936 0.00613553
2 0.0155752 0.0116455
3 0.0238379 0.0180324
4 0.0340641 0.0258656
5 0.0463866 0.0374123
6 0.0637628 0.053116
7 0.0840213 0.0693388
8 0.109362 0.0887396
9 0.146252 0.114123
10 0.187534 0.14719
11 0.234918 0.183142
12 0.286956 0.221663
13 0.334193 0.263795
14 0.380639 0.307271
15 0.428822 0.352846
16 0.480063 0.39545
17 0.5356 0.436655
18 0.584014 0.478039
19 0.628799 0.518776
20 0.669215 0.557633
21 0.707403 0.59466
22 0.743936 0.63051
23 0.777497 0.666839
24 0.808395 0.700336
25 0.834532 0.730422
26 0.857376 0.757455
27 0.878929 0.782294
28 0.898166 0.804922
29 0.915395 0.826494
30 0.931374 0.84579
31 0.945014 0.863241
32 0.956857 0.879359
33 0.967332 0.893934
34 0.976898 0.907134
35 0.983944 0.91869
36 0.988719 0.929571
37 0.992067 0.938941
38 0.994412 0.947002
39 0.996019 0.95404
40 0.997355 0.960745
41 0.998185 0.96643
42 0.99872 0.971031
43 0.999127 0.975539
44 0.999375 0.979324
45 0.999518 0.982423
46 0.999647 0.985183
47 0.999764 0.987586
48 0.999892 0.989478
49 0.999981 0.991112
50 1 0.992506
51 1 0.993834
52 1 0.994945
