1 0.00982153 0.00845832
2 0.0188318 0.0165208
3 0.028537 0.0249811
4 0.0410195 0.0345924
5 0.0583396 0.0473278
6 0.085914 0.0647873
7 0.118088 0.0867218
8 0.152926 0.114505
9 0.201506 0.146261
10 0.255511 0.18876
11 0.3101 0.241577
12 0.362956 0.29607
13 0.412031 0.349105
14 0.463058 0.400984
15 0.517388 0.454496
16 0.568702 0.506828
17 0.616974 0.558086
18 0.662301 0.60484
19 0.705887 0.649087
20 0.750892 0.690356
21 0.787269 0.727891
22 0.820757 0.763334
23 0.852274 0.794086
24 0.877704 0.821722
25 0.897985 0.844877
26 0.915151 0.86622
27 0.931239 0.885652
28 0.945276 0.90273
29 0.957125 0.91758
30 0.96695 0.931544
31 0.975157 0.944569
32 0.981065 0.956455
33 0.986233 0.967032
34 0.990406 0.9765
35 0.993475 0.984451
36 0.995822 0.989611
37 0.997856 0.993454
38 0.999375 0.995586
39 0.999943 0.997217
40 1 0.9982
41 1 0.998872
