1 0.0062331 0.00779358
2 0.0118889 0.0152199
3 0.0175818 0.0225592
4 0.0241948 0.0302083
5 0.0326589 0.038404
6 0.0452549 0.0505538
7 0.0616827 0.0658143
8 0.082452 0.0877072
9 0.107338 0.120401
10 0.134023 0.153359
11 0.163998 0.189954
12 0.200569 0.232757
13 0.242947 0.27741
14 0.285266 0.32206
15 0.329354 0.364824
16 0.376157 0.410848
17 0.429083 0.463031
18 0.482909 0.517405
19 0.53271 0.574651
20 0.580419 0.619468
21 0.625655 0.658485
22 0.670865 0.69201
23 0.716111 0.72625
24 0.754963 0.766353
25 0.787393 0.796333
26 0.81335 0.822354
27 0.839956 0.846746
28 0.870061 0.869268
29 0.895973 0.890002
30 0.917748 0.907358
31 0.936385 0.926308
32 0.948322 0.941109
33 0.958112 0.958077
34 0.966444 0.971107
35 0.973912 0.981867
36 0.980082 0.989572
37 0.985237 0.992955
38 0.989749 0.995435
39 0.993133 0.997383
40 0.996585 0.998908
41 0.999094 0.999888
42 0.999628 1
43 0.99984 1
44 0.999978 1
45 1 1
