1 0.0151867 0.018592
2 0.029782 0.0357262
3 0.0454138 0.0530702
4 0.0617558 0.0717902
5 0.079747 0.0908764
6 0.101536 0.110094
7 0.128517 0.129892
8 0.163118 0.150869
9 0.210782 0.172889
10 0.278567 0.194585
11 0.347846 0.221742
12 0.409892 0.247726
13 0.471212 0.27498
14 0.530669 0.300562
15 0.584484 0.327058
16 0.647295 0.360651
17 0.702847 0.395908
18 0.751907 0.446553
19 0.806523 0.49654
20 0.866895 0.537426
21 0.913955 0.574496
22 0.943088 0.60821
23 0.96485 0.639541
24 0.980732 0.662201
25 0.988919 0.680121
26 0.99526 0.695115
27 0.998525 0.708914
28 0.999671 0.720654
29 0.999878 0.732857
30 1 0.743111
31 1 0.752814
