1 0.018405 0.0195834
2 0.0373654 0.0374675
3 0.0571214 0.0558675
4 0.0774442 0.0747266
5 0.0989567 0.0943669
6 0.122068 0.115683
7 0.149664 0.139418
8 0.181922 0.167678
9 0.227394 0.204099
10 0.303603 0.2568
11 0.374491 0.329794
12 0.44754 0.405467
13 0.538142 0.496104
14 0.629506 0.584573
15 0.712847 0.672748
16 0.782334 0.745889
17 0.838649 0.814968
18 0.871124 0.869449
19 0.894295 0.904691
20 0.912738 0.92524
21 0.92972 0.941964
22 0.951255 0.963394
23 0.968853 0.979744
24 0.983599 0.997496
25 0.991638 0.999243
26 0.997707 0.999877
27 1 1
28 1 1
29 1 1
