1 0.00960414 0.00895947
2 0.018481 0.0181779
3 0.0276908 0.0273025
4 0.0372708 0.0367292
5 0.0473115 0.0464656
6 0.0570142 0.0572209
7 0.0682712 0.0725117
8 0.0839364 0.091566
9 0.104599 0.112468
10 0.127631 0.136136
11 0.152678 0.166153
12 0.178025 0.197409
13 0.204903 0.236701
14 0.230196 0.277561
15 0.253761 0.320525
16 0.276005 0.363033
17 0.298294 0.406542
18 0.320651 0.4463
19 0.344335 0.487956
20 0.369828 0.529665
21 0.393978 0.566633
22 0.42196 0.601386
23 0.453941 0.633178
24 0.486588 0.663943
25 0.515576 0.69271
26 0.548322 0.719618
27 0.585231 0.745541
28 0.620463 0.770212
29 0.654047 0.79302
30 0.689707 0.8131
31 0.725876 0.831804
32 0.756943 0.850136
33 0.788795 0.867448
34 0.821385 0.885378
35 0.849876 0.902381
36 0.876336 0.918339
37 0.900148 0.933324
38 0.92299 0.947127
39 0.94359 0.960498
40 0.9591 0.973095
41 0.96996 0.979969
42 0.978812 0.983867
43 0.985895 0.987523
44 0.990228 0.990232
45 0.993732 0.99316
46 0.996108 0.995988
47 0.997784 0.998173
48 0.998843 0.999609
49 0.999375 0.999924
50 0.999849 0.999977
51 1 0.999999
52 1 1
