1 0.0103526 0.013865
2 0.0202127 0.0264068
3 0.0309816 0.0395322
4 0.0419817 0.0542393
5 0.0539461 0.0760303
6 0.0668077 0.107129
7 0.0829807 0.138793
8 0.104909 0.174475
9 0.133412 0.217501
10 0.171957 0.281194
11 0.205645 0.353549
12 0.237183 0.423729
13 0.27168 0.487342
14 0.305982 0.548822
15 0.344352 0.612635
16 0.387356 0.667521
17 0.421128 0.7189
18 0.450512 0.762027
19 0.477479 0.798766
20 0.50317 0.828238
21 0.527055 0.856498
22 0.548813 0.881827
23 0.569414 0.903876
24 0.589277 0.923061
25 0.60758 0.938775
26 0.622502 0.951878
27 0.636629 0.963012
28 0.649578 0.976298
29 0.662747 0.985467
30 0.673414 0.990568
31 0.684833 0.994511
32 0.695216 0.997616
33 0.705196 0.999991
34 0.714651 1
