1 0.00727347 0.00750446
2 0.0143959 0.0144039
3 0.0224429 0.0215235
4 0.0316061 0.0292769
5 0.0434776 0.0382831
6 0.0569469 0.0499702
7 0.0723776 0.0670125
8 0.0913031 0.0866197
9 0.11817 0.1078
10 0.148869 0.136529
11 0.187753 0.173728
12 0.232159 0.217017
13 0.274812 0.263719
14 0.317691 0.307484
15 0.362512 0.351981
16 0.410407 0.398573
17 0.461634 0.446816
18 0.508248 0.48873
19 0.54915 0.528846
20 0.586711 0.568712
21 0.620635 0.605771
22 0.654043 0.642716
23 0.688938 0.680088
24 0.72382 0.716908
25 0.758634 0.754278
26 0.792613 0.784396
27 0.825697 0.811476
28 0.856067 0.838674
29 0.882167 0.865907
30 0.905776 0.884774
31 0.926435 0.899953
32 0.943874 0.911673
33 0.95646 0.921419
34 0.9662 0.929637
35 0.973916 0.936707
36 0.980315 0.943524
37 0.985796 0.949162
38 0.989596 0.953902
39 0.992544 0.958344
40 0.995113 0.962654
41 0.996766 0.966961
42 0.998178 0.971052
43 0.999032 0.974716
44 0.999611 0.977914
45 0.999903 0.981037
46 0.999989 0.983915
47 1 0.986718
