1 0.00755714 0.00829346
2 0.0148112 0.0165442
3 0.0228449 0.0258826
4 0.0319265 0.0366382
5 0.0438857 0.0488293
6 0.0574592 0.0616785
7 0.0727347 0.0802307
8 0.0916786 0.102397
9 0.118079 0.12951
10 0.148282 0.162764
11 0.186697 0.204568
12 0.23224 0.250311
13 0.277216 0.297202
14 0.321329 0.350408
15 0.367096 0.40337
16 0.413313 0.454644
17 0.462533 0.505378
18 0.507086 0.553854
19 0.548432 0.604254
20 0.587711 0.65468
21 0.62364 0.700881
22 0.658305 0.744193
23 0.694111 0.782151
24 0.729045 0.813901
25 0.7643 0.841293
26 0.798533 0.867952
27 0.831571 0.894796
28 0.860965 0.915667
29 0.885518 0.931985
30 0.908888 0.945983
31 0.929205 0.958247
32 0.944894 0.968079
33 0.956342 0.977325
34 0.96578 0.984945
35 0.973785 0.990394
36 0.980259 0.99413
37 0.985943 0.996417
38 0.989779 0.99804
39 0.992485 0.999673
40 0.995009 0.999976
41 0.996869 1
42 0.998394 1
