1 0.00571533 0.00659708
2 0.0112516 0.0130205
3 0.0181018 0.0198085
4 0.0258017 0.0275093
5 0.0340379 0.0365489
6 0.0443227 0.0476134
7 0.0550135 0.06134
8 0.0682929 0.0768662
9 0.0845294 0.0954049
10 0.103893 0.119752
11 0.128114 0.153047
12 0.15832 0.189597
13 0.191692 0.229511
14 0.22587 0.270048
15 0.25988 0.31491
16 0.295952 0.35686
17 0.333171 0.398066
18 0.369379 0.441488
19 0.405157 0.487815
20 0.437863 0.534957
21 0.468848 0.577965
22 0.498623 0.617716
23 0.527666 0.658631
24 0.555508 0.697563
25 0.583135 0.734846
26 0.611247 0.769958
27 0.637711 0.802975
28 0.662337 0.831733
29 0.685894 0.856031
30 0.705053 0.877872
31 0.7237 0.896241
32 0.742229 0.912938
33 0.760823 0.927242
34 0.780344 0.940259
35 0.79817 0.951909
36 0.814521 0.96142
37 0.830757 0.968399
38 0.845546 0.974319
39 0.859714 0.9796
40 0.872777 0.983721
41 0.885148 0.986815
42 0.896685 0.98908
43 0.906992 0.990817
44 0.916667 0.99241
45 0.926728 0.99382
46 0.936011 0.99518
47 0.944725 0.996424
48 0.953005 0.997695
49 0.960727 0.998707
50 0.967632 0.999506
51 0.973817 0.99988
52 0.97925 1
53 0.984081 1
54 0.988955 1
55 0.992961 1
