1 0.00436908 0.00429642
2 0.00849322 0.00841805
3 0.0128383 0.0127475
4 0.0177315 0.0178962
5 0.0230411 0.0239194
6 0.0292611 0.0311114
7 0.0363639 0.0401518
8 0.0455413 0.0533286
9 0.0597127 0.0696019
10 0.077039 0.0899187
11 0.0964511 0.110991
12 0.118279 0.134294
13 0.142538 0.161384
14 0.168593 0.190484
15 0.194837 0.22193
16 0.223482 0.255094
17 0.25482 0.287406
18 0.289336 0.323671
19 0.324112 0.360604
20 0.358099 0.394469
21 0.391775 0.427866
22 0.424909 0.461161
23 0.46021 0.493519
24 0.496436 0.524347
25 0.530721 0.554068
26 0.565961 0.582293
27 0.60092 0.6096
28 0.63536 0.635439
29 0.671927 0.658356
30 0.706429 0.679662
31 0.740875 0.700756
32 0.77307 0.721932
33 0.803097 0.744204
34 0.829629 0.765012
35 0.853565 0.78495
36 0.873318 0.80285
37 0.890868 0.81912
38 0.905219 0.834284
39 0.918177 0.84906
40 0.93122 0.862604
41 0.944131 0.874572
42 0.955829 0.88591
43 0.964865 0.897178
44 0.972774 0.907143
45 0.981107 0.915041
46 0.986945 0.921767
47 0.990824 0.928108
48 0.993415 0.934558
49 0.995491 0.940767
50 0.996936 0.946711
51 0.997836 0.952623
52 0.998572 0.959167
53 0.999326 0.966356
54 0.999928 0.971912
55 1 0.976511
56 1 0.98089
57 1 0.98519
58 1 0.989942
