1 0.00958517 0.0116708
2 0.0186032 0.0229056
3 0.0285833 0.0342125
4 0.0395904 0.0460514
5 0.0508696 0.0581292
6 0.0624144 0.0695722
7 0.0742932 0.0819361
8 0.0865827 0.0994569
9 0.0998414 0.125058
10 0.115555 0.159754
11 0.144981 0.20096
12 0.178334 0.249893
13 0.212906 0.304272
14 0.245413 0.356738
15 0.278429 0.411133
16 0.311862 0.466215
17 0.347572 0.522635
18 0.386588 0.575132
19 0.421985 0.621064
20 0.453066 0.660989
21 0.482853 0.696601
22 0.509667 0.729325
23 0.535076 0.761396
24 0.56477 0.789422
25 0.595753 0.816483
26 0.624122 0.841156
27 0.650945 0.863812
28 0.675468 0.884499
29 0.696667 0.902872
30 0.718183 0.918692
31 0.741821 0.932846
32 0.763649 0.9443
33 0.783915 0.955581
34 0.806703 0.964551
35 0.829772 0.971736
36 0.855 0.978224
37 0.878422 0.983629
38 0.900828 0.988642
39 0.91657 0.991678
40 0.92911 0.993546
41 0.93893 0.994985
42 0.948001 0.996181
43 0.957909 0.997178
44 0.96654 0.998112
45 0.973657 0.998781
46 0.979609 0.999433
47 0.984556 0.999875
48 0.988624 1
