1 0.0085434 0.00764329
2 0.0162644 0.0144678
3 0.0243886 0.0227964
4 0.0354125 0.0351833
5 0.0497958 0.0511766
6 0.0685689 0.0698451
7 0.0884372 0.0932325
8 0.110945 0.122816
9 0.139147 0.151379
10 0.178932 0.187367
11 0.223948 0.225192
12 0.269655 0.2649
13 0.316395 0.309187
14 0.369622 0.354087
15 0.425306 0.396435
16 0.479027 0.437221
17 0.53296 0.477204
18 0.593945 0.514824
19 0.64168 0.549957
20 0.682307 0.584991
21 0.720826 0.619167
22 0.75622 0.652125
23 0.791909 0.683204
24 0.824047 0.713289
25 0.854248 0.741031
26 0.882318 0.769991
27 0.903085 0.79688
28 0.9215 0.823138
29 0.93289 0.846068
30 0.944119 0.867474
31 0.95408 0.887264
32 0.962683 0.90476
33 0.970094 0.920712
34 0.976368 0.935185
35 0.98134 0.94725
36 0.984211 0.956951
37 0.986388 0.964982
38 0.989037 0.972198
39 0.99115 0.978888
40 0.992861 0.983896
41 0.994571 0.987663
42 0.996475 0.99165
43 0.99851 0.994053
44 1 0.99574
45 1 0.997015
46 1 0.997971
47 1 0.998569
