1 0.00719976 0.010586
2 0.0135924 0.020226
3 0.0204028 0.029778
4 0.0277408 0.04049
5 0.0390116 0.055956
6 0.0565205 0.080082
7 0.0762678 0.10447
8 0.102351 0.128222
9 0.135302 0.155874
10 0.178372 0.19284
11 0.224649 0.235854
12 0.269573 0.28974
13 0.316457 0.350902
14 0.366956 0.40632
15 0.420947 0.45966
16 0.47492 0.50503
17 0.529147 0.549332
18 0.581818 0.589954
19 0.647559 0.630228
20 0.700529 0.672108
21 0.745675 0.71256
22 0.786501 0.742366
23 0.825049 0.768136
24 0.859832 0.790066
25 0.887096 0.812796
26 0.909297 0.830634
27 0.92772 0.848746
28 0.941256 0.868476
29 0.953701 0.887596
30 0.964851 0.904908
31 0.972658 0.921518
32 0.978692 0.93394
33 0.98368 0.946846
34 0.988219 0.957496
35 0.991867 0.967188
36 0.994364 0.975534
37 0.996173 0.983726
38 0.997372 0.989954
39 0.998375 0.994364
40 0.999159 0.997654
41 0.99978 0.999182
42 1 0.999802
43 1 0.999996
44 1 1
45 1 1
46 1 1
