1 0.010501 0.011333
2 0.0204971 0.0214005
3 0.030907 0.0321344
4 0.0413794 0.043308
5 0.0525344 0.0551379
6 0.0642743 0.0691037
7 0.076428 0.0863717
8 0.0912318 0.108351
9 0.110103 0.134371
10 0.132284 0.163084
11 0.16649 0.196785
12 0.213894 0.238759
13 0.259753 0.296349
14 0.304104 0.352097
15 0.345483 0.401074
16 0.38259 0.447821
17 0.417634 0.505103
18 0.460422 0.558197
19 0.499512 0.606395
20 0.536859 0.653888
21 0.575394 0.698513
22 0.621803 0.74281
23 0.659046 0.786307
24 0.690919 0.825832
25 0.719567 0.859006
26 0.745307 0.884961
27 0.769473 0.907633
28 0.793263 0.927646
29 0.815592 0.944068
30 0.835401 0.959381
31 0.853484 0.971765
32 0.869543 0.980503
33 0.884575 0.985987
34 0.897683 0.990743
35 0.909371 0.994724
36 0.919826 0.997376
37 0.929311 0.998812
38 0.938429 0.999526
39 0.94659 0.99997
40 0.954949 1
41 0.963704 1
