1 0.0028911 0.00289365
2 0.00557639 0.00564241
3 0.00839399 0.00866777
4 0.0116508 0.0121401
5 0.016412 0.0175731
6 0.0240122 0.0253279
7 0.0331204 0.0344078
8 0.0434182 0.044563
9 0.0560906 0.0566282
10 0.0713961 0.0717092
11 0.0896807 0.0886941
12 0.11115 0.109011
13 0.136311 0.13139
14 0.164164 0.156634
15 0.19432 0.184726
16 0.226253 0.216737
17 0.260153 0.250684
18 0.294772 0.286288
19 0.330676 0.323615
20 0.369366 0.361099
21 0.409421 0.399242
22 0.448302 0.437264
23 0.487828 0.477483
24 0.525886 0.517664
25 0.561912 0.555511
26 0.597502 0.59218
27 0.631856 0.627921
28 0.665981 0.661128
29 0.699381 0.693755
30 0.732164 0.7259
31 0.762567 0.755347
32 0.791936 0.781629
33 0.818384 0.807464
34 0.843054 0.832433
35 0.866026 0.855852
36 0.885694 0.874944
37 0.904147 0.892257
38 0.919472 0.907695
39 0.933158 0.92157
40 0.94521 0.933268
41 0.955448 0.943205
42 0.964606 0.952359
43 0.97274 0.960663
44 0.979067 0.967358
45 0.98423 0.973554
46 0.98808 0.979386
47 0.991206 0.984483
48 0.993675 0.988767
49 0.995576 0.992138
50 0.997051 0.994272
51 0.997944 0.995665
52 0.998585 0.996873
53 0.999062 0.997743
54 0.999433 0.998372
55 0.99967 0.998943
56 0.999834 0.999466
57 0.999941 0.999744
58 0.999986 0.999848
59 0.999999 0.999911
60 1 0.999969
61 1 1
