1 0.00285453 0.00350156
2 0.00550809 0.00676506
3 0.00825039 0.0104651
4 0.0114595 0.0148595
5 0.0162677 0.0201759
6 0.0239308 0.0269176
7 0.0329763 0.0352593
8 0.0430338 0.0465469
9 0.0557453 0.060172
10 0.0711592 0.0756559
11 0.0894189 0.0951283
12 0.110874 0.116366
13 0.135884 0.141359
14 0.162838 0.170011
15 0.191964 0.201736
16 0.223046 0.235818
17 0.256006 0.269843
18 0.290953 0.305238
19 0.326223 0.3421
20 0.363836 0.383801
21 0.402589 0.426218
22 0.441001 0.467672
23 0.479745 0.50939
24 0.516966 0.551333
25 0.552248 0.59164
26 0.587649 0.633228
27 0.621729 0.673148
28 0.655697 0.71216
29 0.689067 0.748041
30 0.721384 0.781309
31 0.751713 0.812812
32 0.781675 0.843127
33 0.809521 0.870334
34 0.835359 0.896313
35 0.858844 0.918206
36 0.879223 0.936251
37 0.897392 0.951799
38 0.912991 0.964236
39 0.927175 0.974898
40 0.939986 0.983428
41 0.951187 0.989833
42 0.961262 0.993628
43 0.969771 0.996419
44 0.976612 0.998279
45 0.982182 0.999039
46 0.986442 0.999725
47 0.98975 0.999903
48 0.992571 0.999977
49 0.994688 0.999997
50 0.996301 1
51 0.997273 1
