1 0.0051161 0.00406458
2 0.00983677 0.00795858
3 0.0151579 0.0124275
4 0.021967 0.0176971
5 0.0288713 0.0239437
6 0.0370349 0.0319837
7 0.0465381 0.0434349
8 0.0588002 0.0585631
9 0.0737891 0.078905
10 0.0953059 0.101994
11 0.123438 0.128116
12 0.15597 0.159299
13 0.188034 0.193114
14 0.221894 0.230165
15 0.25861 0.270511
16 0.296086 0.31132
17 0.33644 0.352946
18 0.376228 0.393985
19 0.416443 0.436351
20 0.457936 0.479447
21 0.503771 0.521437
22 0.548277 0.5615
23 0.591192 0.601656
24 0.63408 0.643715
25 0.676207 0.681803
26 0.713281 0.716823
27 0.75001 0.749458
28 0.781787 0.77765
29 0.810068 0.8026
30 0.838806 0.825609
31 0.861837 0.846745
32 0.882452 0.866968
33 0.899809 0.886843
34 0.916538 0.903628
35 0.930346 0.917779
36 0.942842 0.930207
37 0.953943 0.941089
38 0.963019 0.950755
39 0.971231 0.960601
40 0.977737 0.968951
41 0.983006 0.975397
42 0.987056 0.980842
43 0.990643 0.98605
44 0.993707 0.99008
45 0.996333 0.993087
46 0.998205 0.995387
47 0.998843 0.997087
48 0.999321 0.998235
49 0.999724 0.999016
50 0.99986 0.999394
51 0.99995 0.999622
52 0.999992 0.999812
53 1 0.999937
54 1 0.999986
