1 0.00512284 0.00462721
2 0.00993497 0.00887468
3 0.0150072 0.013137
4 0.0214737 0.0177943
5 0.0283799 0.0232329
6 0.0362366 0.0305757
7 0.045606 0.0412453
8 0.0578737 0.0538476
9 0.0728656 0.0688241
10 0.0938371 0.0886321
11 0.12385 0.110116
12 0.157297 0.133001
13 0.190834 0.159239
14 0.225818 0.188768
15 0.264435 0.219271
16 0.304827 0.251062
17 0.345473 0.285965
18 0.386735 0.32073
19 0.4286 0.357002
20 0.471812 0.395461
21 0.51812 0.436255
22 0.562471 0.48107
23 0.603901 0.524551
24 0.644843 0.566287
25 0.686977 0.608364
26 0.725217 0.64802
27 0.761649 0.685504
28 0.793667 0.720453
29 0.822644 0.751731
30 0.850451 0.779525
31 0.873872 0.804852
32 0.893887 0.828837
33 0.910521 0.850289
34 0.925474 0.8692
35 0.938705 0.886377
36 0.950568 0.902244
37 0.960639 0.915901
38 0.969129 0.927707
39 0.976477 0.937742
40 0.982314 0.946567
41 0.986727 0.954602
42 0.990258 0.961478
43 0.992881 0.967042
44 0.995142 0.971692
45 0.997097 0.975974
46 0.998459 0.979876
47 0.99897 0.983427
48 0.999363 0.986625
49 0.999678 0.989333
50 0.999883 0.991608
51 0.999959 0.993681
52 0.999993 0.995227
53 1 0.996465
54 1 0.997484
