1 0.00492869 0.0062163
2 0.00962613 0.0122128
3 0.0148775 0.0182294
4 0.0216267 0.0244374
5 0.0286419 0.0312871
6 0.0366436 0.0391255
7 0.0462191 0.0493768
8 0.0587875 0.0626338
9 0.0741264 0.0793466
10 0.0950927 0.10135
11 0.124578 0.129497
12 0.157963 0.158723
13 0.191166 0.192667
14 0.22451 0.232081
15 0.261231 0.273063
16 0.300348 0.314685
17 0.340692 0.357682
18 0.381191 0.400746
19 0.421944 0.443075
20 0.464057 0.485788
21 0.509143 0.527075
22 0.551288 0.567767
23 0.592057 0.60793
24 0.632059 0.644871
25 0.673269 0.680374
26 0.711227 0.714745
27 0.747797 0.74751
28 0.779121 0.777939
29 0.808109 0.806422
30 0.836454 0.832264
31 0.859863 0.855503
32 0.880152 0.876257
33 0.897649 0.895122
34 0.914374 0.912754
35 0.928739 0.927305
36 0.941516 0.939562
37 0.952222 0.95106
38 0.961295 0.962908
39 0.96959 0.97256
40 0.976463 0.979346
41 0.982096 0.985429
42 0.986414 0.990837
43 0.989933 0.994548
44 0.992936 0.996982
45 0.995608 0.999075
46 0.997738 0.999493
47 0.998579 0.999741
48 0.999061 0.999998
49 0.999486 1
50 0.999727 1
51 0.99983 1
52 0.999958 1
53 1 1
54 1 1
