1 0.00804513 0.00920618
2 0.0157787 0.0178492
3 0.0239698 0.0269964
4 0.0344879 0.0368932
5 0.0465649 0.047356
6 0.0613105 0.0592228
7 0.0776585 0.0742887
8 0.095199 0.0916224
9 0.118228 0.111366
10 0.153713 0.134519
11 0.199416 0.162063
12 0.247472 0.194422
13 0.302785 0.233292
14 0.362551 0.28542
15 0.420295 0.340552
16 0.475212 0.398507
17 0.52755 0.457986
18 0.577292 0.509922
19 0.63176 0.557292
20 0.684255 0.600956
21 0.732735 0.644034
22 0.777219 0.686163
23 0.817061 0.723893
24 0.851331 0.759967
25 0.882016 0.798125
26 0.908564 0.838296
27 0.93176 0.881875
28 0.951576 0.911645
29 0.966832 0.932775
30 0.977467 0.948591
31 0.985251 0.961494
32 0.990787 0.972546
33 0.994343 0.981944
34 0.996605 0.988922
35 0.998084 0.993665
36 0.999092 0.996803
37 0.999745 0.998457
38 0.999986 0.999418
39 1 0.999796
