1 0.00830599 0.00954611
2 0.0160965 0.0189443
3 0.0242337 0.02921
4 0.0338523 0.0408173
5 0.0462988 0.0569937
6 0.0618094 0.079888
7 0.0781595 0.10848
8 0.0956659 0.142778
9 0.119054 0.179535
10 0.153074 0.229989
11 0.196905 0.28476
12 0.246853 0.344022
13 0.303318 0.405287
14 0.365901 0.470214
15 0.424784 0.532086
16 0.481631 0.591745
17 0.536493 0.652725
18 0.586096 0.72289
19 0.638992 0.780369
20 0.690681 0.82953
21 0.739149 0.875608
22 0.782934 0.913854
23 0.822205 0.940124
24 0.855149 0.960198
25 0.883983 0.975338
26 0.911321 0.986591
27 0.934149 0.99429
28 0.953096 0.997489
29 0.968393 0.999214
30 0.979189 0.999905
31 0.986578 1
32 0.992004 1
33 0.995459 1
34 0.997592 1
