1 0.0112318 0.0159096
2 0.022436 0.0309499
3 0.0343182 0.0463734
4 0.0464832 0.0620505
5 0.0611011 0.0770776
6 0.0787756 0.09304
7 0.0964927 0.110519
8 0.117704 0.132488
9 0.147926 0.168905
10 0.187518 0.225906
11 0.239333 0.29359
12 0.29391 0.363173
13 0.352998 0.422648
14 0.410109 0.482521
15 0.469361 0.541149
16 0.52409 0.596924
17 0.578518 0.646215
18 0.630333 0.693201
19 0.676975 0.739358
20 0.72446 0.781554
21 0.766545 0.813196
22 0.803163 0.843401
23 0.838125 0.871795
24 0.872869 0.899762
25 0.902615 0.919551
26 0.928224 0.93499
27 0.950167 0.948426
28 0.96744 0.959762
29 0.981849 0.968337
30 0.991755 0.97546
31 0.995908 0.983483
32 0.997768 0.992337
33 0.998776 0.998629
34 0.999352 1
35 0.999722 1
36 0.999936 1
