1 0.0111319 0.0115058
2 0.0219534 0.0229252
3 0.0336167 0.0356078
4 0.0464534 0.0500078
5 0.0605845 0.0667878
6 0.0788543 0.0846028
7 0.0973047 0.105042
8 0.118642 0.12966
9 0.149306 0.152078
10 0.187416 0.181671
11 0.235657 0.22088
12 0.290292 0.265819
13 0.348111 0.31319
14 0.40065 0.365616
15 0.457577 0.423854
16 0.513814 0.485986
17 0.56599 0.548762
18 0.616097 0.608403
19 0.661188 0.665259
20 0.707767 0.711685
21 0.752193 0.753081
22 0.789667 0.790848
23 0.826347 0.823812
24 0.865055 0.855326
25 0.899469 0.886591
26 0.927659 0.911388
27 0.947952 0.931721
28 0.965901 0.948822
29 0.980636 0.961618
30 0.989742 0.971058
31 0.994575 0.978447
32 0.997043 0.984576
33 0.998302 0.989678
34 0.99908 0.993219
35 0.999554 0.996419
36 0.999819 0.998752
37 0.999972 0.999929
38 1 1
