1 0.0266199 0.0217521
2 0.0534694 0.045924
3 0.0808291 0.0730182
4 0.110408 0.101177
5 0.140045 0.130268
6 0.170466 0.159147
7 0.201735 0.189461
8 0.235089 0.227081
9 0.278884 0.276998
10 0.332404 0.322532
11 0.399381 0.365686
12 0.477761 0.406856
13 0.550676 0.448377
14 0.613151 0.489428
15 0.656563 0.530585
16 0.700242 0.573309
17 0.743935 0.614387
18 0.780676 0.654638
19 0.818042 0.702393
20 0.859356 0.750625
21 0.895619 0.798023
22 0.93449 0.837349
23 0.965619 0.866089
24 0.989496 0.890545
25 0.997149 0.914658
26 0.999426 0.934803
27 1 0.952648
28 1 0.965653
29 1 0.974704
30 1 0.984833
31 1 0.993362
32 1 0.998585
