1 0.0291518 0.0110718
2 0.0556186 0.0216451
3 0.0825255 0.0332283
4 0.114974 0.0475517
5 0.144841 0.0670584
6 0.172883 0.0965238
7 0.202468 0.128559
8 0.234305 0.164933
9 0.279694 0.207805
10 0.333119 0.261779
11 0.404101 0.322074
12 0.482181 0.386878
13 0.550944 0.453499
14 0.609477 0.517658
15 0.651008 0.585834
16 0.690835 0.651965
17 0.729585 0.721493
18 0.773099 0.780227
19 0.811747 0.83462
20 0.855415 0.877301
21 0.895969 0.908523
22 0.933221 0.934065
23 0.967066 0.953574
24 0.991952 0.966444
25 0.997851 0.976154
26 0.999477 0.983892
27 0.999987 0.989447
28 1 0.993401
29 1 0.99626
30 1 0.998146
31 1 0.999181
32 1 0.99969
