1 0.028463 0.0163112
2 0.0527934 0.0322243
3 0.0799872 0.0491125
4 0.111722 0.0690102
5 0.141008 0.0955296
6 0.170765 0.123126
7 0.200606 0.154511
8 0.23111 0.194956
9 0.275408 0.248335
10 0.333444 0.300223
11 0.409114 0.355847
12 0.492551 0.411516
13 0.558138 0.470471
14 0.612991 0.521808
15 0.658061 0.571245
16 0.696416 0.624755
17 0.739656 0.682023
18 0.782991 0.722454
19 0.824388 0.754982
20 0.866594 0.785226
21 0.910115 0.812747
22 0.939413 0.83908
23 0.970351 0.867765
24 0.990861 0.888901
25 0.997608 0.905679
26 0.999362 0.920113
27 0.999968 0.934511
28 1 0.94695
29 1 0.958751
30 1 0.970179
31 1 0.974649
32 1 0.97836
