1 0.0170222 0.0158343
2 0.0338833 0.0309349
3 0.0519389 0.0469207
4 0.0745944 0.0673278
5 0.10325 0.0890414
6 0.134489 0.116701
7 0.171817 0.152118
8 0.215133 0.191749
9 0.264478 0.241089
10 0.327311 0.299082
11 0.425344 0.378452
12 0.526739 0.456099
13 0.6092 0.532876
14 0.686361 0.610499
15 0.749189 0.678996
16 0.799411 0.739976
17 0.842006 0.797927
18 0.882106 0.849439
19 0.924356 0.90906
20 0.955861 0.943678
21 0.972661 0.965946
22 0.982611 0.979924
23 0.988578 0.989595
24 0.9947 0.995493
25 0.997789 0.998059
26 0.998883 0.998987
27 0.999439 0.99955
28 0.999706 0.999896
29 0.999867 1
30 0.999983 1
31 1 1
