1 0.0162778 0.012206
2 0.0318389 0.0239774
3 0.0496056 0.0370562
4 0.0694389 0.0535756
5 0.0961 0.078634
6 0.126133 0.108031
7 0.162078 0.136468
8 0.201567 0.173134
9 0.25075 0.216622
10 0.314528 0.265533
11 0.408744 0.314543
12 0.505017 0.370376
13 0.586806 0.432695
14 0.659311 0.502261
15 0.726217 0.573086
16 0.783483 0.638313
17 0.832922 0.701297
18 0.873972 0.756278
19 0.915111 0.801034
20 0.945906 0.84099
21 0.964833 0.87668
22 0.977089 0.907644
23 0.985061 0.932071
24 0.991506 0.952743
25 0.995467 0.971249
26 0.99725 0.982743
27 0.998289 0.989364
28 0.999033 0.992969
29 0.999644 0.995358
30 0.999972 0.996947
31 1 0.997911
