1 0.00903472 0.011208
2 0.0176722 0.022526
3 0.0279444 0.035352
4 0.0396028 0.05005
5 0.0532389 0.067478
6 0.0725083 0.090088
7 0.0919917 0.115742
8 0.119482 0.146722
9 0.152137 0.185384
10 0.192014 0.226202
11 0.241533 0.266504
12 0.302101 0.309844
13 0.365964 0.362062
14 0.426771 0.417942
15 0.483181 0.474194
16 0.537222 0.531016
17 0.589342 0.589714
18 0.640419 0.646688
19 0.690875 0.70162
20 0.740629 0.748638
21 0.787737 0.791384
22 0.832853 0.8283
23 0.871778 0.86232
24 0.908588 0.889406
25 0.932426 0.909794
26 0.950894 0.927076
27 0.96524 0.941012
28 0.975403 0.952268
29 0.982183 0.961168
30 0.986701 0.96858
31 0.990492 0.975178
32 0.993219 0.981104
33 0.994919 0.986812
34 0.99651 0.990968
35 0.997571 0.99466
36 0.998493 0.997278
37 0.999151 0.998762
38 0.999617 0.99967
39 0.999972 1
40 1 1
