1 0.0236257 0.0123478
2 0.0466544 0.0247975
3 0.0717944 0.0383441
4 0.0953278 0.0531236
5 0.120585 0.0691529
6 0.149418 0.0885535
7 0.178221 0.111019
8 0.209843 0.135955
9 0.250662 0.167644
10 0.296442 0.214867
11 0.344217 0.274522
12 0.394694 0.332594
13 0.448304 0.396395
14 0.497839 0.469147
15 0.542936 0.53493
16 0.58996 0.588721
17 0.63659 0.639284
18 0.682216 0.688488
19 0.722881 0.737373
20 0.765429 0.78643
21 0.801699 0.829125
22 0.834404 0.867542
23 0.858701 0.906766
24 0.879366 0.937515
25 0.898492 0.961535
26 0.914017 0.975774
27 0.926753 0.98356
28 0.938738 0.989217
29 0.950132 0.993766
30 0.960203 0.996909
31 0.968335 0.998697
32 0.975008 0.999658
33 0.981354 0.99997
34 0.988427 1
35 0.994472 1
36 0.998843 1
37 1 1
38 1 1
