1 0.00655961 0.00853838
2 0.013315 0.0164435
3 0.0211208 0.0250407
4 0.0309713 0.0371807
5 0.0417313 0.0511891
6 0.0554832 0.0682325
7 0.0709674 0.0864837
8 0.0893065 0.108807
9 0.112354 0.139161
10 0.141547 0.175042
11 0.176753 0.215455
12 0.215804 0.264488
13 0.260359 0.317104
14 0.308441 0.366842
15 0.35787 0.424407
16 0.407892 0.475691
17 0.460593 0.523533
18 0.514566 0.569432
19 0.570307 0.612963
20 0.626644 0.655487
21 0.684879 0.693991
22 0.736337 0.729256
23 0.783776 0.761018
24 0.825985 0.790658
25 0.862188 0.817765
26 0.893988 0.841539
27 0.919686 0.862559
28 0.940471 0.882006
29 0.956815 0.900061
30 0.969401 0.916928
31 0.978901 0.932512
32 0.985858 0.945995
33 0.991427 0.957973
34 0.995471 0.967886
35 0.997553 0.975708
36 0.998873 0.981649
37 0.999656 0.986152
38 0.99987 0.990283
39 0.999972 0.993714
40 1 0.995981
41 1 0.998047
