1 0.0123668 0.0120226
2 0.0241043 0.02303
3 0.037483 0.0345008
4 0.0544076 0.0462643
5 0.0745918 0.0625667
6 0.099212 0.0845725
7 0.129583 0.110331
8 0.171125 0.136382
9 0.217809 0.167036
10 0.268999 0.207843
11 0.325808 0.250056
12 0.396241 0.301308
13 0.476185 0.360954
14 0.550533 0.417092
15 0.61265 0.471318
16 0.670023 0.522664
17 0.719255 0.576702
18 0.761604 0.626987
19 0.798815 0.671087
20 0.832956 0.711431
21 0.862965 0.755696
22 0.890349 0.799195
23 0.912945 0.832495
24 0.931321 0.859896
25 0.946406 0.883469
26 0.958135 0.907843
27 0.968852 0.928718
28 0.977032 0.946801
29 0.983727 0.961421
30 0.989467 0.972824
31 0.993929 0.982442
32 0.996995 0.9893
33 0.998597 0.994208
34 0.999768 0.997064
35 0.99996 0.998741
36 1 0.999598
37 1 0.999884
