1 0.0121147 0.00195618
2 0.0235819 0.00384898
3 0.0353567 0.00606745
4 0.0488889 0.00864608
5 0.0661464 0.0118502
6 0.0859013 0.0158924
7 0.111877 0.0207444
8 0.14031 0.0268345
9 0.175475 0.0340243
10 0.22173 0.0434372
11 0.272434 0.0550536
12 0.327756 0.0686106
13 0.393479 0.0840226
14 0.456767 0.100516
15 0.508986 0.118038
16 0.565987 0.136359
17 0.627363 0.154815
18 0.6882 0.173415
19 0.745406 0.193463
20 0.802692 0.214253
21 0.857327 0.235355
22 0.900858 0.257738
23 0.931523 0.280446
24 0.952418 0.30328
25 0.969502 0.326708
26 0.986496 0.35081
27 0.995405 0.374688
28 0.999572 0.398573
29 1 0.422081
30 1 0.446153
31 1 0.471096
32 1 0.496003
