1 0.0116568 0.00973062
2 0.0227495 0.0186389
3 0.0343138 0.027578
4 0.0490068 0.0367935
5 0.0672956 0.0486106
6 0.0880472 0.0624362
7 0.115248 0.080241
8 0.144329 0.0978237
9 0.180506 0.116387
10 0.227455 0.139338
11 0.279935 0.169431
12 0.336367 0.205347
13 0.400752 0.240813
14 0.463714 0.279844
15 0.515685 0.317647
16 0.57331 0.353455
17 0.636217 0.391196
18 0.695484 0.430499
19 0.752996 0.473374
20 0.803961 0.515468
21 0.857251 0.552772
22 0.899683 0.586139
23 0.928505 0.616068
24 0.949633 0.643223
25 0.968924 0.668745
26 0.985025 0.694513
27 0.99523 0.721011
28 0.99988 0.74535
29 1 0.769015
30 1 0.791158
31 1 0.813058
32 1 0.83371
