1 0.0082068 0.00912424
2 0.0155138 0.0180705
3 0.0235683 0.0273229
4 0.0325297 0.0384478
5 0.0458739 0.0514899
6 0.0642866 0.0677056
7 0.0865778 0.0920844
8 0.109435 0.119975
9 0.136446 0.150255
10 0.172969 0.194664
11 0.225321 0.246201
12 0.272481 0.301431
13 0.321763 0.36044
14 0.370792 0.419106
15 0.4194 0.479276
16 0.467799 0.545272
17 0.513868 0.60626
18 0.561602 0.661153
19 0.605444 0.70932
20 0.646006 0.75793
21 0.684724 0.802225
22 0.720853 0.842526
23 0.752553 0.878254
24 0.782485 0.910368
25 0.810805 0.935596
26 0.835267 0.954665
27 0.857341 0.968553
28 0.87799 0.978443
29 0.896849 0.986136
30 0.91479 0.990892
31 0.931577 0.994354
32 0.94513 0.996881
33 0.957205 0.998094
34 0.966933 0.99874
35 0.975525 0.999265
36 0.983527 0.999523
37 0.990081 0.999712
38 0.994304 0.999831
39 0.996938 0.99992
40 0.998326 0.999982
41 0.999398 0.999996
42 0.999918 1
