1 0.00900865 0.0106174
2 0.0174303 0.0209558
3 0.0263219 0.0314978
4 0.0377937 0.0439137
5 0.053692 0.0585277
6 0.0719941 0.0776699
7 0.0925618 0.103865
8 0.118693 0.132695
9 0.15179 0.162933
10 0.19173 0.206191
11 0.239036 0.256646
12 0.297123 0.316831
13 0.359534 0.377806
14 0.426261 0.436899
15 0.488846 0.496654
16 0.544386 0.564796
17 0.599759 0.629686
18 0.655617 0.698443
19 0.704601 0.750666
20 0.750548 0.793892
21 0.792812 0.830808
22 0.82901 0.861846
23 0.862807 0.88719
24 0.894779 0.910934
25 0.921529 0.932478
26 0.944753 0.951979
27 0.962561 0.968547
28 0.975248 0.980243
29 0.98527 0.986366
30 0.991489 0.990031
31 0.99572 0.992821
32 0.998106 0.995119
33 0.999097 0.996362
34 0.999789 0.997453
35 1 0.998405
36 1 0.999108
37 1 0.999581
