1 0.00883221 0.0115361
2 0.0170443 0.0227056
3 0.0257053 0.0349691
4 0.0369919 0.0481796
5 0.0517163 0.0646917
6 0.0698908 0.0854995
7 0.0917582 0.110207
8 0.1196 0.14535
9 0.152583 0.183202
10 0.189845 0.230677
11 0.239265 0.285145
12 0.294096 0.342835
13 0.350331 0.40097
14 0.410125 0.459008
15 0.469465 0.52308
16 0.523478 0.582437
17 0.576723 0.646311
18 0.632361 0.69991
19 0.680963 0.748278
20 0.728121 0.788346
21 0.771503 0.82389
22 0.809714 0.857875
23 0.846467 0.885472
24 0.881387 0.907889
25 0.910347 0.929042
26 0.934469 0.946497
27 0.954473 0.961437
28 0.970418 0.973105
29 0.982091 0.981882
30 0.989061 0.988509
31 0.994667 0.993085
32 0.997766 0.997085
33 0.998922 0.999318
34 0.999645 0.999935
35 1 0.999996
36 1 1
37 1 1
