1 0.00331544 0.00298507
2 0.00648106 0.0058044
3 0.00989138 0.00867579
4 0.0139496 0.0118126
5 0.0182555 0.0160496
6 0.0233505 0.021314
7 0.0295302 0.0276478
8 0.0371044 0.0360082
9 0.0480255 0.0475852
10 0.0612781 0.0616483
11 0.0777597 0.0786665
12 0.096801 0.0984778
13 0.119214 0.120741
14 0.144029 0.146195
15 0.171394 0.172584
16 0.198518 0.19999
17 0.226977 0.226826
18 0.256719 0.254612
19 0.287315 0.282772
20 0.320301 0.312563
21 0.354822 0.34385
22 0.391516 0.376169
23 0.427954 0.408011
24 0.465377 0.438997
25 0.50257 0.470515
26 0.538819 0.502265
27 0.57285 0.533855
28 0.605291 0.564969
29 0.637177 0.593578
30 0.66736 0.620242
31 0.696813 0.646695
32 0.726029 0.672516
33 0.753145 0.696412
34 0.780054 0.719025
35 0.806259 0.740866
36 0.83048 0.761259
37 0.851877 0.781189
38 0.872562 0.799801
39 0.890792 0.816931
40 0.906538 0.832549
41 0.920097 0.847694
42 0.931945 0.862447
43 0.942169 0.877239
44 0.95181 0.89051
45 0.96055 0.902281
46 0.968266 0.913281
47 0.974693 0.923814
48 0.979855 0.933404
49 0.984342 0.942092
50 0.98822 0.950096
51 0.99152 0.957424
52 0.993943 0.964168
53 0.995603 0.969687
54 0.996948 0.974678
55 0.997967 0.979014
56 0.99876 0.982863
57 0.999398 0.986357
58 0.999825 0.989572
59 0.999993 0.991802
60 1 0.993973
61 1 0.995746
62 1 0.997162
63 1 0.998095
64 1 0.998807
