1 0.0121742 0.0119356
2 0.0233351 0.0246641
3 0.0373867 0.041018
4 0.0545707 0.0608622
5 0.0800533 0.0832964
6 0.10885 0.106181
7 0.142738 0.130717
8 0.185422 0.158605
9 0.242439 0.192898
10 0.304046 0.237233
11 0.370492 0.301118
12 0.442446 0.368747
13 0.526421 0.446814
14 0.599911 0.536219
15 0.663456 0.603393
16 0.716334 0.656565
17 0.774596 0.703864
18 0.826564 0.746309
19 0.874773 0.788882
20 0.910535 0.827078
21 0.938443 0.863449
22 0.959388 0.895994
23 0.975744 0.92269
24 0.98768 0.946641
25 0.994364 0.961839
26 0.997554 0.973289
27 0.999019 0.982583
28 0.999694 0.989675
29 1 0.994983
30 1 0.997839
31 1 0.999498
