1 0.0245816 0.0126852
2 0.047284 0.024305
3 0.0700069 0.0364062
4 0.0932305 0.049205
5 0.116749 0.0669713
6 0.140878 0.0894673
7 0.166399 0.114743
8 0.193107 0.141958
9 0.223388 0.169191
10 0.26677 0.199959
11 0.332716 0.251322
12 0.38559 0.312201
13 0.433656 0.371336
14 0.475974 0.435373
15 0.515734 0.500281
16 0.55118 0.56695
17 0.586173 0.632861
18 0.618409 0.691798
19 0.648265 0.743889
20 0.677545 0.794684
21 0.705912 0.834773
22 0.732709 0.868518
23 0.757311 0.896266
24 0.780549 0.919803
25 0.80262 0.93864
26 0.8238 0.952904
27 0.842455 0.965035
28 0.859342 0.975146
29 0.875947 0.982985
30 0.890898 0.989116
31 0.905069 0.993672
32 0.918848 0.996541
33 0.932188 0.998507
34 0.942058 0.99957
35 0.950069 0.9999
36 0.957819 1
37 0.965576 1
38 0.972414 1
39 0.978176 1
