1 0.0241495 0.0196412
2 0.0471262 0.0380208
3 0.0700686 0.056115
4 0.0929287 0.0769792
5 0.116241 0.10125
6 0.138999 0.128731
7 0.162908 0.157512
8 0.191619 0.187708
9 0.219534 0.238218
10 0.255919 0.287299
11 0.326029 0.338426
12 0.376468 0.393499
13 0.419568 0.452338
14 0.459883 0.513422
15 0.499273 0.561262
16 0.536139 0.604722
17 0.570741 0.646713
18 0.604239 0.685004
19 0.636221 0.718094
20 0.66596 0.74936
21 0.692524 0.77914
22 0.718621 0.806427
23 0.743265 0.832276
24 0.766708 0.855204
25 0.7888 0.874402
26 0.810117 0.89125
27 0.83011 0.906867
28 0.8488 0.920355
29 0.866303 0.933121
30 0.882449 0.943156
31 0.896852 0.952133
32 0.909417 0.959819
33 0.921077 0.966875
34 0.930933 0.972836
35 0.940199 0.976879
36 0.948848 0.980845
37 0.95692 0.984352
38 0.964602 0.986906
39 0.971481 0.989051
40 0.977894 0.991123
41 0.98323 0.993009
42 0.988134 0.994549
43 0.99192 0.995976
44 0.994774 0.997207
45 0.997277 0.99811
46 0.99917 0.998684
47 1 0.99912
48 1 0.999614
