1 0.01139 0.0102013
2 0.0224166 0.0197494
3 0.0335911 0.0294056
4 0.0446507 0.0408395
5 0.0559574 0.0544397
6 0.0686523 0.0713556
7 0.0830656 0.0905678
8 0.0995519 0.11139
9 0.122577 0.135486
10 0.157494 0.175852
11 0.199737 0.225101
12 0.243653 0.277904
13 0.286216 0.328212
14 0.332564 0.372726
15 0.385501 0.420138
16 0.437303 0.471855
17 0.483273 0.518604
18 0.526249 0.573461
19 0.565387 0.624669
20 0.601635 0.671996
21 0.634337 0.71444
22 0.665501 0.747916
23 0.695156 0.777038
24 0.72447 0.804357
25 0.75141 0.83189
26 0.776395 0.857942
27 0.801011 0.878186
28 0.826742 0.894975
29 0.853988 0.910475
30 0.876785 0.922674
31 0.897047 0.933782
32 0.914485 0.943842
33 0.93022 0.952734
34 0.945353 0.96162
35 0.959439 0.969962
36 0.97269 0.97626
37 0.982357 0.981341
38 0.989571 0.985499
39 0.994075 0.989301
40 0.996733 0.992817
41 0.998481 0.996358
42 0.999475 0.998473
43 0.999876 0.999503
44 0.999991 0.999934
45 1 1
46 1 1
