1 0.00359457 0.00361942
2 0.00703453 0.00713036
3 0.0106647 0.0107746
4 0.0144628 0.0147787
5 0.0184371 0.0191608
6 0.0226569 0.0240351
7 0.0274927 0.0302371
8 0.0338803 0.0380869
9 0.0423816 0.0481899
10 0.0534046 0.0616849
11 0.0689527 0.0782872
12 0.0867029 0.0995647
13 0.108217 0.121748
14 0.132504 0.145094
15 0.156119 0.169763
16 0.180087 0.194726
17 0.204205 0.221622
18 0.228012 0.251554
19 0.254824 0.282476
20 0.283819 0.31672
21 0.314846 0.352657
22 0.348219 0.389889
23 0.383372 0.425879
24 0.418396 0.46108
25 0.450746 0.496633
26 0.483326 0.534298
27 0.515711 0.572565
28 0.548792 0.614511
29 0.582229 0.65432
30 0.61771 0.693266
31 0.653868 0.72843
32 0.691169 0.76036
33 0.727058 0.790555
34 0.759532 0.818454
35 0.790301 0.844334
36 0.818223 0.868398
37 0.842805 0.891505
38 0.865401 0.911719
39 0.885912 0.930399
40 0.906137 0.947763
41 0.924526 0.960334
42 0.939477 0.96983
43 0.953053 0.977075
44 0.96398 0.983
45 0.972771 0.987878
46 0.979321 0.99169
47 0.984343 0.994735
48 0.987987 0.997014
49 0.991524 0.998349
50 0.993805 0.998818
51 0.996055 0.999134
52 0.997881 0.999355
53 0.998755 0.999542
54 0.999279 0.999721
55 0.999638 0.999845
56 0.999841 0.999933
57 0.999954 0.999999
58 0.999992 1
59 1 1
60 1 1
61 1 1
