1 0.006739 0.00675933
2 0.0131245 0.0133945
3 0.0194716 0.020143
4 0.0263558 0.0282857
5 0.0347685 0.0384003
6 0.0460314 0.0508354
7 0.0626557 0.0645217
8 0.0823363 0.0793773
9 0.106669 0.0978386
10 0.135688 0.123802
11 0.166948 0.153488
12 0.201391 0.187895
13 0.241542 0.222986
14 0.287276 0.260756
15 0.334015 0.300512
16 0.383946 0.342504
17 0.433781 0.387844
18 0.480306 0.428633
19 0.526351 0.467378
20 0.575739 0.507021
21 0.621603 0.545954
22 0.667643 0.580407
23 0.708995 0.611456
24 0.745845 0.64365
25 0.776509 0.672517
26 0.801957 0.698341
27 0.825829 0.723709
28 0.849119 0.750962
29 0.875721 0.777651
30 0.898755 0.804989
31 0.919306 0.830158
32 0.936603 0.851828
33 0.949824 0.86818
34 0.958906 0.881801
35 0.967245 0.894411
36 0.975131 0.906496
37 0.981936 0.916269
38 0.986557 0.924792
39 0.989933 0.933323
40 0.992659 0.942501
41 0.995147 0.951755
42 0.997214 0.961031
43 0.998861 0.967732
44 0.999771 0.9719
45 0.999985 0.975568
46 1 0.979597
47 1 0.984461
48 1 0.989493
49 1 0.992654
