1 0.00645304 0.00589634
2 0.0125809 0.0113437
3 0.0189403 0.0170845
4 0.0261388 0.023216
5 0.034804 0.0324533
6 0.0464995 0.0450189
7 0.0642757 0.0590991
8 0.0831928 0.0772232
9 0.106227 0.100012
10 0.134101 0.126185
11 0.164763 0.15379
12 0.199541 0.183628
13 0.240066 0.216844
14 0.28524 0.255092
15 0.333477 0.300488
16 0.383391 0.349014
17 0.433474 0.399181
18 0.480475 0.448362
19 0.52609 0.497064
20 0.574089 0.535817
21 0.61957 0.576117
22 0.661573 0.611184
23 0.701013 0.642693
24 0.737014 0.673035
25 0.767031 0.702208
26 0.792487 0.727622
27 0.816042 0.748857
28 0.839708 0.771061
29 0.866048 0.792159
30 0.890711 0.814162
31 0.913305 0.833492
32 0.930583 0.849202
33 0.943815 0.863697
34 0.953117 0.877459
35 0.962097 0.891501
36 0.970883 0.905364
37 0.97861 0.91944
38 0.983651 0.929747
39 0.987591 0.940118
40 0.991137 0.948735
41 0.994255 0.957524
42 0.996766 0.964139
43 0.998688 0.970742
44 0.99974 0.976833
45 0.999984 0.981622
46 1 0.985461
47 1 0.989769
48 1 0.991758
49 1 0.993372
