1 0.00415009 0.00477198
2 0.00800852 0.00930325
3 0.0124723 0.0140482
4 0.0174023 0.0190503
5 0.0231597 0.0245313
6 0.0301323 0.0307692
7 0.0388772 0.0390935
8 0.049691 0.0493225
9 0.0634401 0.0633194
10 0.0804459 0.080187
11 0.10121 0.0992942
12 0.127943 0.120411
13 0.158315 0.143429
14 0.193632 0.168154
15 0.229468 0.194779
16 0.265692 0.224099
17 0.301948 0.253341
18 0.338846 0.28558
19 0.377089 0.322128
20 0.41708 0.358299
21 0.46065 0.394639
22 0.503955 0.431328
23 0.548432 0.468196
24 0.591556 0.504405
25 0.631445 0.541254
26 0.669217 0.578016
27 0.705546 0.615224
28 0.741325 0.648033
29 0.774997 0.676324
30 0.80708 0.703057
31 0.837606 0.7277
32 0.863674 0.750637
33 0.887091 0.772428
34 0.907654 0.793071
35 0.924334 0.813673
36 0.938286 0.831216
37 0.95009 0.846218
38 0.962172 0.859693
39 0.972325 0.872386
40 0.980272 0.884067
41 0.986228 0.895142
42 0.99063 0.905156
43 0.994054 0.913986
44 0.996268 0.921666
45 0.997788 0.928425
46 0.998708 0.934942
47 0.999277 0.94109
48 0.999588 0.946928
49 0.9998 0.952564
50 0.99991 0.957475
51 0.999957 0.962036
52 0.999994 0.966722
53 1 0.971101
54 1 0.974892
55 1 0.978348
