1 0.0141066 0.0115191
2 0.0273606 0.0229008
3 0.0424609 0.0361086
4 0.0609273 0.0510006
5 0.083009 0.0690593
6 0.107261 0.0907324
7 0.137783 0.117093
8 0.176797 0.154347
9 0.217304 0.194367
10 0.266231 0.245035
11 0.329066 0.304678
12 0.394256 0.366059
13 0.46532 0.42597
14 0.533755 0.487493
15 0.589965 0.549731
16 0.638084 0.604665
17 0.683006 0.649642
18 0.726513 0.692587
19 0.771737 0.735309
20 0.817539 0.77698
21 0.85342 0.809341
22 0.879983 0.834994
23 0.902101 0.856016
24 0.920825 0.872286
25 0.9384 0.886914
26 0.954018 0.899045
27 0.968878 0.908924
28 0.97788 0.91752
29 0.983709 0.924946
30 0.987535 0.931836
31 0.991062 0.938358
32 0.993846 0.944273
33 0.996 0.949948
34 0.997351 0.955444
35 0.998372 0.960875
36 0.998832 0.965939
37 0.999208 0.97026
38 0.999444 0.974043
39 0.99961 0.977429
40 0.999751 0.980796
41 0.999887 0.983663
42 0.999956 0.986287
43 0.999989 0.988778
44 1 0.991153
45 1 0.993565
