1 0.0087236 0.0100885
2 0.0171044 0.0206474
3 0.026585 0.0325776
4 0.0386348 0.0484582
5 0.0569064 0.0696472
6 0.081355 0.0957141
7 0.110313 0.128596
8 0.142465 0.171777
9 0.184469 0.221654
10 0.238012 0.280708
11 0.296355 0.346722
12 0.352793 0.411806
13 0.405693 0.474935
14 0.463787 0.541826
15 0.525271 0.600658
16 0.583194 0.654834
17 0.636015 0.705018
18 0.688434 0.753101
19 0.7371 0.793679
20 0.77982 0.827576
21 0.814341 0.856618
22 0.844877 0.882093
23 0.871682 0.903657
24 0.895062 0.922463
25 0.915892 0.938298
26 0.934015 0.951922
27 0.949685 0.963557
28 0.963157 0.972649
29 0.974421 0.980254
30 0.983289 0.986424
31 0.990334 0.991452
32 0.995198 0.995194
33 0.997892 0.997577
34 0.999498 0.999051
35 0.999896 0.999683
36 0.999986 0.999947
37 1 1
38 1 1
39 1 1
