1 0.0042654 0.00471668
2 0.00857746 0.00914569
3 0.0134961 0.0136535
4 0.0189683 0.0184153
5 0.0249846 0.0232246
6 0.0319657 0.0286135
7 0.0402966 0.0345038
8 0.0515106 0.0418169
9 0.0671459 0.050803
10 0.089146 0.0623592
11 0.115268 0.0789436
12 0.143342 0.100437
13 0.17416 0.124915
14 0.205884 0.150685
15 0.238275 0.176663
16 0.27341 0.205127
17 0.309549 0.23538
18 0.349094 0.265955
19 0.3894 0.296185
20 0.428633 0.328989
21 0.46968 0.362356
22 0.512825 0.399388
23 0.554408 0.43889
24 0.593344 0.479723
25 0.635406 0.519007
26 0.674854 0.557566
27 0.712301 0.596863
28 0.748307 0.634218
29 0.782991 0.670089
30 0.813249 0.703512
31 0.840508 0.73542
32 0.865122 0.769116
33 0.887219 0.800466
34 0.908833 0.827575
35 0.927289 0.852092
36 0.942485 0.874661
37 0.954977 0.897196
38 0.965003 0.916976
39 0.973078 0.932769
40 0.980196 0.947249
41 0.986797 0.958471
42 0.991411 0.96682
43 0.994883 0.973291
44 0.997246 0.978888
45 0.998493 0.983495
46 0.999172 0.987119
47 0.99957 0.990155
48 0.999843 0.992352
49 0.999967 0.994447
50 0.999999 0.996136
51 1 0.997759
52 1 0.998736
53 1 0.999079
