1 0.00293442 0.00331611
2 0.00586388 0.0065019
3 0.00914362 0.00982172
4 0.0134114 0.0137238
5 0.0195622 0.018262
6 0.0276883 0.0244676
7 0.0375271 0.0329731
8 0.0495427 0.0431164
9 0.0654735 0.0558957
10 0.0843172 0.070546
11 0.105121 0.0863974
12 0.129871 0.104809
13 0.158643 0.125344
14 0.191219 0.146421
15 0.226782 0.169226
16 0.263286 0.192763
17 0.299838 0.215645
18 0.33518 0.23833
19 0.371655 0.260974
20 0.409389 0.284774
21 0.448605 0.309351
22 0.488968 0.33536
23 0.530875 0.363401
24 0.572957 0.39016
25 0.614536 0.417343
26 0.652816 0.443133
27 0.690422 0.469637
28 0.728025 0.494891
29 0.762764 0.519356
30 0.793285 0.54189
31 0.82152 0.563465
32 0.847317 0.586079
33 0.871013 0.606866
34 0.891167 0.626217
35 0.909645 0.645347
36 0.926734 0.664614
37 0.941759 0.684692
38 0.953728 0.704066
39 0.962736 0.722613
40 0.969925 0.740151
41 0.975745 0.756864
42 0.980855 0.773538
43 0.984309 0.790265
44 0.98709 0.807976
45 0.989422 0.826461
46 0.99141 0.844787
47 0.993028 0.861932
48 0.994474 0.877267
49 0.995652 0.891312
50 0.996614 0.904416
51 0.997365 0.916807
52 0.998 0.927778
53 0.99854 0.938234
54 0.999014 0.947784
55 0.999314 0.955756
56 0.999602 0.9629
57 0.99977 0.970727
58 0.999867 0.977238
59 0.999952 0.982432
60 0.999976 0.986048
61 0.999992 0.98897
62 1 0.99129
63 1 0.993398
64 1 0.99522
