1 0.00534726 0.00545034
2 0.0103688 0.0106397
3 0.0155234 0.016267
4 0.0210064 0.0224408
5 0.0278767 0.0295662
6 0.0368406 0.037751
7 0.0467152 0.047415
8 0.05797 0.0592166
9 0.0723335 0.0746361
10 0.0932818 0.0970219
11 0.120445 0.125972
12 0.153422 0.155803
13 0.190055 0.188363
14 0.228352 0.222371
15 0.267352 0.260191
16 0.306533 0.295279
17 0.344961 0.331422
18 0.382564 0.367667
19 0.422325 0.406795
20 0.464348 0.446966
21 0.510548 0.490371
22 0.559046 0.533429
23 0.604659 0.576705
24 0.647588 0.619678
25 0.689765 0.657292
26 0.728028 0.693376
27 0.761521 0.728206
28 0.794319 0.761777
29 0.826055 0.794823
30 0.853703 0.82599
31 0.877184 0.854787
32 0.897668 0.882788
33 0.913974 0.905402
34 0.928266 0.924753
35 0.941661 0.941047
36 0.95326 0.954434
37 0.963145 0.966429
38 0.972098 0.974797
39 0.979115 0.981057
40 0.984221 0.985507
41 0.988207 0.989394
42 0.991792 0.992663
43 0.99474 0.995292
44 0.997342 0.997098
45 0.99818 0.99816
46 0.998905 0.998667
47 0.999519 0.99905
48 0.999856 0.999374
49 0.999953 0.999633
50 0.999981 0.999857
51 0.999992 0.999976
52 1 1
53 1 1
