1 0.00549582 0.00463271
2 0.0107073 0.00918056
3 0.0160034 0.0142878
4 0.0216963 0.020884
5 0.0287178 0.0288077
6 0.0378607 0.0383281
7 0.0474602 0.0507145
8 0.0586356 0.0648101
9 0.0731438 0.0807633
10 0.0956279 0.102876
11 0.124472 0.128875
12 0.159622 0.156207
13 0.197145 0.187149
14 0.235219 0.219324
15 0.273185 0.251685
16 0.312507 0.2828
17 0.351353 0.313446
18 0.389382 0.343355
19 0.430268 0.375361
20 0.472572 0.407352
21 0.519271 0.438884
22 0.567393 0.472038
23 0.611366 0.503238
24 0.653643 0.53513
25 0.69526 0.563683
26 0.731909 0.590832
27 0.763887 0.616516
28 0.796294 0.641435
29 0.826407 0.664779
30 0.853228 0.687922
31 0.876752 0.711045
32 0.896793 0.734632
33 0.912143 0.757492
34 0.926009 0.778407
35 0.938781 0.797574
36 0.950564 0.814717
37 0.960088 0.830712
38 0.969033 0.8464
39 0.97715 0.862094
40 0.982681 0.877211
41 0.987148 0.890684
42 0.991332 0.90287
43 0.994519 0.913915
44 0.997517 0.924449
45 0.998452 0.934214
46 0.999145 0.943196
47 0.999709 0.951606
48 0.999914 0.958957
49 0.999974 0.965602
50 0.999998 0.971191
51 1 0.976075
52 1 0.980504
53 1 0.984379
