1 0.0104402 0.00915737
2 0.0200038 0.0178141
3 0.0312584 0.0268354
4 0.0431992 0.0371247
5 0.0560637 0.0524227
6 0.0698633 0.0722449
7 0.0880347 0.0959764
8 0.115 0.123799
9 0.144308 0.153544
10 0.181578 0.19276
11 0.226442 0.235583
12 0.272834 0.28304
13 0.327273 0.329814
14 0.380483 0.375949
15 0.435347 0.417036
16 0.487808 0.455681
17 0.543452 0.492156
18 0.589407 0.527761
19 0.631534 0.561856
20 0.672953 0.593241
21 0.711353 0.623688
22 0.748883 0.652426
23 0.786002 0.680488
24 0.819689 0.706795
25 0.85068 0.730817
26 0.879689 0.753399
27 0.902994 0.775254
28 0.922837 0.796096
29 0.941331 0.816504
30 0.955415 0.835835
31 0.966513 0.854153
32 0.974901 0.872343
33 0.98128 0.889903
34 0.986885 0.906237
35 0.992197 0.921774
36 0.995783 0.936593
37 0.998731 0.949177
38 1 0.959479
39 1 0.968332
40 1 0.975113
41 1 0.981136
