1 0.00848855 0.0126678
2 0.0162591 0.0253835
3 0.0250754 0.0385967
4 0.0351808 0.0520727
5 0.0494537 0.0656628
6 0.0665127 0.080443
7 0.0882609 0.0952215
8 0.113399 0.114929
9 0.142741 0.145531
10 0.178323 0.189293
11 0.219014 0.238253
12 0.265183 0.296807
13 0.314853 0.352998
14 0.368836 0.404078
15 0.423641 0.452788
16 0.478732 0.494821
17 0.53471 0.534245
18 0.581461 0.571217
19 0.624928 0.611479
20 0.664296 0.663802
21 0.699579 0.711779
22 0.731922 0.758377
23 0.762734 0.800241
24 0.79394 0.838245
25 0.825202 0.871076
26 0.852033 0.899213
27 0.875548 0.922932
28 0.896155 0.943656
29 0.914357 0.968593
30 0.930498 0.984962
31 0.943978 0.994145
32 0.955749 0.999342
33 0.964731 0.999998
34 0.971707 1
35 0.977291 1
36 0.982231 1
37 0.986392 1
