1 0.00723478 0.00821225
2 0.0135516 0.0163764
3 0.0202571 0.0254035
4 0.0293036 0.0358224
5 0.0430972 0.0483697
6 0.0628265 0.063376
7 0.0836355 0.0804687
8 0.108183 0.101903
9 0.13766 0.134593
10 0.176635 0.177059
11 0.219947 0.222303
12 0.264062 0.265822
13 0.310409 0.311848
14 0.363433 0.364648
15 0.417167 0.422267
16 0.470521 0.481883
17 0.523533 0.539814
18 0.581154 0.594981
19 0.639558 0.647033
20 0.691741 0.699042
21 0.738312 0.74296
22 0.782123 0.782334
23 0.818657 0.824572
24 0.851881 0.860749
25 0.87979 0.888622
26 0.903395 0.91267
27 0.923 0.932299
28 0.939029 0.947802
29 0.954149 0.960451
30 0.967763 0.970526
31 0.977606 0.979017
32 0.981951 0.986598
33 0.985422 0.992338
34 0.988445 0.994881
35 0.990501 0.996272
36 0.992476 0.997279
37 0.994482 0.998067
38 0.996541 0.998787
39 0.998105 0.999406
40 1 0.999844
41 1 1
42 1 1
