1 0.00337397 0.00341281
2 0.00661663 0.00674745
3 0.009948 0.0103243
4 0.013723 0.0142055
5 0.0183925 0.018892
6 0.0238914 0.0245468
7 0.0303083 0.031941
8 0.0387678 0.0414641
9 0.0491002 0.0547051
10 0.0623367 0.0701943
11 0.0800618 0.0882972
12 0.101191 0.108479
13 0.124348 0.13093
14 0.14987 0.155766
15 0.177665 0.181853
16 0.205915 0.207935
17 0.234255 0.236317
18 0.264485 0.266988
19 0.296365 0.298469
20 0.332298 0.332171
21 0.369758 0.366321
22 0.407706 0.401981
23 0.445505 0.437975
24 0.484057 0.472835
25 0.524986 0.507643
26 0.565743 0.541718
27 0.606021 0.575032
28 0.642472 0.606574
29 0.677883 0.636093
30 0.712412 0.664016
31 0.745756 0.692302
32 0.777051 0.720422
33 0.806299 0.745715
34 0.833364 0.767715
35 0.858305 0.787672
36 0.881765 0.805967
37 0.903585 0.823073
38 0.923863 0.839268
39 0.941679 0.853981
40 0.955499 0.867081
41 0.966331 0.878649
42 0.975343 0.889365
43 0.983013 0.899451
44 0.988552 0.908858
45 0.99301 0.917478
46 0.995246 0.925252
47 0.996828 0.932208
48 0.997935 0.938839
49 0.998706 0.945012
50 0.999298 0.950747
51 0.999678 0.956314
52 0.999838 0.961395
53 0.999906 0.966131
54 0.999946 0.970744
55 0.999975 0.975084
56 0.999993 0.978929
57 0.999999 0.982266
58 1 0.984818
59 1 0.98712
