1 0.00592202 0.00511957
2 0.0115132 0.0099749
3 0.017607 0.0155404
4 0.0252818 0.0224032
5 0.0355595 0.0337416
6 0.0499188 0.0486266
7 0.067445 0.0649379
8 0.0858518 0.0834344
9 0.107898 0.107868
10 0.135418 0.141198
11 0.16796 0.17567
12 0.201649 0.209949
13 0.235493 0.248889
14 0.272781 0.293185
15 0.312027 0.339131
16 0.352002 0.384721
17 0.395662 0.432609
18 0.435145 0.482802
19 0.472892 0.529857
20 0.511265 0.573566
21 0.550142 0.616117
22 0.587541 0.660257
23 0.621672 0.701237
24 0.651762 0.738302
25 0.67958 0.772327
26 0.706654 0.803835
27 0.732892 0.833245
28 0.757595 0.860376
29 0.781307 0.882736
30 0.803359 0.900019
31 0.825207 0.915728
32 0.846335 0.929409
33 0.867366 0.940297
34 0.888632 0.949611
35 0.905323 0.958536
36 0.918743 0.96667
37 0.93014 0.973955
38 0.93821 0.980235
39 0.945218 0.985947
40 0.951441 0.990221
41 0.957003 0.993656
42 0.962187 0.996024
43 0.96743 0.997632
44 0.970946 0.998674
45 0.974216 0.999446
46 0.977197 0.999867
47 0.979896 1
48 0.982456 1
49 0.984785 1
