1 0.0032946 0.00312579
2 0.0063823 0.00606902
3 0.00972021 0.00921424
4 0.0135461 0.0123967
5 0.0181668 0.0162834
6 0.0234798 0.0208144
7 0.0296819 0.0260539
8 0.0378519 0.0332404
9 0.048174 0.0445299
10 0.0612716 0.0588109
11 0.0787249 0.0761449
12 0.100404 0.0967854
13 0.123464 0.118637
14 0.148547 0.141301
15 0.17599 0.164556
16 0.203901 0.188567
17 0.232268 0.21244
18 0.262607 0.237417
19 0.294039 0.263727
20 0.328995 0.292543
21 0.365842 0.323583
22 0.40342 0.35451
23 0.440718 0.385321
24 0.478409 0.415038
25 0.518125 0.444222
26 0.558801 0.473079
27 0.598273 0.501734
28 0.634741 0.530362
29 0.669626 0.559158
30 0.704198 0.588386
31 0.737209 0.619117
32 0.768967 0.649053
33 0.798452 0.678568
34 0.825754 0.706768
35 0.851491 0.733585
36 0.875865 0.7595
37 0.898823 0.783956
38 0.919733 0.807789
39 0.937981 0.831444
40 0.952314 0.852981
41 0.963721 0.873155
42 0.973183 0.891031
43 0.981456 0.906711
44 0.987731 0.92044
45 0.992325 0.932675
46 0.994834 0.944401
47 0.996404 0.955156
48 0.997612 0.965373
49 0.998404 0.973903
50 0.999117 0.979789
51 0.999647 0.984314
52 0.999843 0.988066
53 0.999914 0.99149
54 0.999953 0.993692
55 0.999976 0.995681
56 0.999995 0.997261
57 1 0.998322
58 1 0.998972
59 1 0.999424
