1 0.00574493 0.0050133
2 0.0112052 0.00986427
3 0.0174012 0.015159
4 0.0251789 0.0216892
5 0.0350396 0.0300958
6 0.0486465 0.0409706
7 0.0661065 0.0550105
8 0.0856166 0.070692
9 0.109883 0.0888687
10 0.137866 0.109059
11 0.170423 0.134475
12 0.202936 0.164116
13 0.236284 0.197592
14 0.273223 0.231359
15 0.310987 0.265224
16 0.351239 0.299761
17 0.395309 0.333376
18 0.436214 0.368182
19 0.476341 0.408213
20 0.519152 0.447828
21 0.560988 0.490327
22 0.602896 0.531483
23 0.642632 0.571184
24 0.674766 0.608243
25 0.704232 0.642082
26 0.731333 0.67182
27 0.756175 0.699106
28 0.779447 0.725619
29 0.802197 0.750318
30 0.822699 0.773688
31 0.843762 0.795811
32 0.863585 0.816213
33 0.88218 0.835784
34 0.898994 0.854709
35 0.913295 0.871819
36 0.92639 0.88694
37 0.937881 0.901233
38 0.946153 0.913937
39 0.952563 0.92545
40 0.957939 0.936261
41 0.962723 0.945995
42 0.967434 0.955111
43 0.972067 0.96317
44 0.975293 0.970119
45 0.978073 0.97609
46 0.980501 0.981255
47 0.982965 0.98576
48 0.985056 0.989218
49 0.987104 0.991875
50 0.988878 0.994044
51 0.990518 0.995896
52 0.991976 0.997281
53 0.993326 0.998317
54 0.994406 0.999042
55 0.995364 0.999451
56 0.996193 0.999714
57 0.996922 0.999883
58 0.997463 0.999973
59 0.997946 1
60 0.998296 1
61 0.998597 1
