1 0.00960059 0.0110035
2 0.0183931 0.021411
3 0.0274778 0.0323087
4 0.0393565 0.0465225
5 0.0538018 0.0688389
6 0.0695618 0.101563
7 0.0882304 0.135684
8 0.107006 0.170898
9 0.127818 0.220761
10 0.160876 0.273028
11 0.199166 0.328874
12 0.242923 0.385796
13 0.291535 0.447974
14 0.335841 0.513051
15 0.376888 0.575646
16 0.413221 0.645113
17 0.446596 0.708147
18 0.480675 0.761344
19 0.514662 0.80481
20 0.548597 0.838262
21 0.582663 0.872305
22 0.61515 0.899915
23 0.646603 0.925552
24 0.67299 0.948168
25 0.696272 0.965746
26 0.715118 0.976751
27 0.733497 0.98747
28 0.751091 0.994229
29 0.766522 0.996482
30 0.779101 0.998151
31 0.792008 0.999431
32 0.806146 0.999975
33 0.819432 1
34 0.831568 1
35 0.8436 1
