1 0.00971806 0.00840494
2 0.0190264 0.0165015
3 0.0289 0.0249723
4 0.0398306 0.0337449
5 0.0513458 0.0448604
6 0.0637514 0.0597355
7 0.0784111 0.0773344
8 0.097425 0.103407
9 0.122539 0.134461
10 0.152065 0.171226
11 0.190215 0.211707
12 0.237092 0.254353
13 0.282846 0.296087
14 0.326107 0.338452
15 0.368143 0.382938
16 0.407904 0.426494
17 0.446175 0.470318
18 0.481346 0.519222
19 0.520426 0.565247
20 0.560404 0.604194
21 0.599015 0.64107
22 0.639615 0.676882
23 0.67565 0.713192
24 0.708339 0.748683
25 0.741201 0.785028
26 0.775101 0.819414
27 0.809842 0.850515
28 0.844611 0.876624
29 0.877882 0.900002
30 0.905643 0.922478
31 0.926261 0.943964
32 0.943993 0.962873
33 0.960946 0.976178
34 0.974729 0.986055
35 0.983682 0.992548
36 0.989422 0.996446
37 0.991889 0.998934
38 0.994096 0.999903
39 0.99621 1
40 0.997999 1
41 0.999054 1
42 0.999494 1
