1 0.00961389 0.00916944
2 0.0188625 0.0181806
3 0.0285833 0.0280069
4 0.0395375 0.0381681
5 0.0510625 0.0491083
6 0.0632222 0.06155
7 0.0788514 0.079325
8 0.0995042 0.101285
9 0.125733 0.129353
10 0.158513 0.164343
11 0.195899 0.204947
12 0.242857 0.255153
13 0.288315 0.305489
14 0.331275 0.352311
15 0.37139 0.401781
16 0.412629 0.454
17 0.453764 0.503706
18 0.490468 0.550624
19 0.52884 0.594253
20 0.570263 0.6357
21 0.611521 0.676131
22 0.654774 0.715332
23 0.695824 0.749969
24 0.728687 0.781503
25 0.760374 0.814586
26 0.793029 0.843249
27 0.825964 0.869497
28 0.8599 0.893861
29 0.891189 0.916324
30 0.91696 0.940312
31 0.935085 0.959683
32 0.950801 0.97674
33 0.965769 0.989442
34 0.977147 0.995497
35 0.986958 0.99821
36 0.994589 0.999867
37 0.995956 1
38 0.997071 1
39 0.99804 1
40 0.998883 1
41 0.999439 1
42 0.999712 1
