1 0.00637868 0.00771713
2 0.0122091 0.0151539
3 0.0185272 0.0229321
4 0.0250151 0.0323878
5 0.0343588 0.0467241
6 0.0471551 0.0641068
7 0.0623638 0.0851265
8 0.079801 0.11308
9 0.0996702 0.144054
10 0.124453 0.186939
11 0.154955 0.229966
12 0.189457 0.276676
13 0.224846 0.325485
14 0.260748 0.3782
15 0.295622 0.434942
16 0.329762 0.490176
17 0.362611 0.540114
18 0.396648 0.583612
19 0.429951 0.62304
20 0.461254 0.659621
21 0.494369 0.693265
22 0.527242 0.724193
23 0.559122 0.753711
24 0.590021 0.781084
25 0.620866 0.8059
26 0.653273 0.828055
27 0.686071 0.848538
28 0.715562 0.86692
29 0.746185 0.883848
30 0.778418 0.899297
31 0.804763 0.913273
32 0.83045 0.926295
33 0.851165 0.93768
34 0.870382 0.947581
35 0.888654 0.956864
36 0.904799 0.964539
37 0.918435 0.971186
38 0.930495 0.977281
39 0.941857 0.982384
40 0.951527 0.986619
41 0.959508 0.990192
42 0.965883 0.993237
43 0.971093 0.99545
44 0.975186 0.997342
45 0.979114 0.998556
46 0.982274 0.999314
47 0.984814 0.999673
48 0.987341 0.999872
49 0.989669 0.999992
50 0.991764 1
51 0.993462 1
