1 0.00617647 0.00895991
2 0.0119237 0.0175689
3 0.0180017 0.0279345
4 0.024707 0.0414332
5 0.0338365 0.0582413
6 0.046942 0.0768042
7 0.0635932 0.105754
8 0.0811462 0.141194
9 0.101092 0.181325
10 0.126271 0.229042
11 0.157251 0.283633
12 0.191937 0.342445
13 0.226756 0.394759
14 0.262039 0.444776
15 0.296827 0.492877
16 0.33003 0.539898
17 0.362587 0.582457
18 0.394835 0.621959
19 0.427066 0.659198
20 0.458342 0.694363
21 0.490937 0.728227
22 0.523293 0.759843
23 0.555076 0.788111
24 0.586368 0.815071
25 0.615591 0.838753
26 0.645488 0.862208
27 0.676759 0.879855
28 0.707332 0.896434
29 0.736798 0.912283
30 0.767689 0.92619
31 0.793891 0.938814
32 0.817901 0.950021
33 0.837921 0.959904
34 0.856442 0.968289
35 0.873456 0.975304
36 0.889237 0.980829
37 0.903224 0.985094
38 0.915347 0.988546
39 0.926018 0.991448
40 0.935416 0.993783
41 0.943389 0.99562
42 0.951796 0.996945
43 0.958676 0.998012
44 0.964331 0.998781
45 0.968422 0.999341
46 0.972194 0.999714
47 0.976741 0.999914
48 0.980727 0.999992
49 0.984363 1
50 0.987419 1
51 0.989916 1
