1 0.011281 0.0163552
2 0.0218711 0.0315244
3 0.0333124 0.0467128
4 0.0458694 0.0615148
5 0.0591322 0.0759323
6 0.0728744 0.0910208
7 0.087443 0.108001
8 0.104458 0.128045
9 0.128217 0.154429
10 0.17445 0.185484
11 0.221993 0.23644
12 0.270742 0.298033
13 0.318593 0.361382
14 0.371931 0.415386
15 0.424797 0.459275
16 0.473329 0.502291
17 0.515453 0.543906
18 0.554698 0.58496
19 0.598043 0.623329
20 0.643693 0.662701
21 0.688342 0.708304
22 0.732866 0.757003
23 0.783438 0.795565
24 0.832463 0.826203
25 0.878264 0.852092
26 0.912084 0.874631
27 0.936372 0.895373
28 0.954734 0.917611
29 0.96842 0.939264
30 0.979179 0.954892
31 0.98526 0.968925
32 0.991084 0.979892
33 0.995939 0.989143
34 0.99839 0.995967
35 0.998896 0.999541
36 0.99923 0.99999
37 0.999648 1
38 0.999947 1
39 1 1
40 1 1
