1 0.0109355 0.00843461
2 0.0221289 0.0166725
3 0.0337983 0.0253733
4 0.0462694 0.0346383
5 0.0594347 0.0443056
6 0.0731736 0.054265
7 0.0876744 0.064945
8 0.10363 0.0769088
9 0.12834 0.0946181
10 0.174883 0.116472
11 0.221155 0.142405
12 0.269182 0.171662
13 0.315762 0.205741
14 0.363545 0.242333
15 0.412686 0.285778
16 0.460096 0.321934
17 0.500302 0.351716
18 0.537436 0.381218
19 0.581906 0.412543
20 0.62778 0.443818
21 0.677071 0.478844
22 0.726684 0.511997
23 0.778671 0.544088
24 0.828309 0.573555
25 0.873286 0.59902
26 0.909279 0.621727
27 0.936914 0.642018
28 0.957228 0.659637
29 0.972088 0.675317
30 0.98278 0.689523
31 0.990992 0.700222
32 0.99475 0.708942
33 0.997689 0.715534
34 0.999099 0.722253
35 0.999382 0.728781
36 0.999628 0.735264
37 0.999817 0.741841
38 0.999929 0.748109
39 1 0.754095
40 1 0.759898
