1 0.0104201 0.010681
2 0.0203584 0.0209339
3 0.0322257 0.0320231
4 0.0453704 0.0451868
5 0.0601766 0.0609686
6 0.0790809 0.0801041
7 0.100676 0.102612
8 0.125334 0.128767
9 0.152881 0.167372
10 0.187779 0.212749
11 0.227611 0.264021
12 0.269573 0.315177
13 0.309522 0.359843
14 0.348512 0.400269
15 0.384407 0.438529
16 0.41988 0.47586
17 0.456073 0.51065
18 0.493222 0.54377
19 0.527877 0.577567
20 0.559842 0.609681
21 0.58744 0.64145
22 0.613882 0.673893
23 0.636891 0.700002
24 0.657718 0.721226
25 0.678899 0.7404
26 0.69832 0.758988
27 0.716975 0.776793
28 0.735547 0.792595
29 0.754587 0.808745
30 0.773738 0.822826
31 0.79059 0.835962
32 0.80768 0.849003
33 0.823146 0.861278
34 0.836718 0.875007
35 0.850201 0.888957
36 0.863201 0.90106
37 0.874026 0.913514
38 0.886421 0.924861
39 0.897166 0.934572
40 0.907582 0.943117
41 0.916324 0.950248
42 0.925312 0.955936
43 0.934474 0.961302
44 0.943069 0.966021
45 0.951912 0.970246
46 0.961145 0.974521
47 0.970211 0.978902
48 0.975643 0.983732
49 0.98043 0.98846
50 0.985297 0.991826
51 0.988961 0.994782
52 0.991816 0.996709
53 0.994468 0.997922
54 0.996857 0.998742
55 0.998443 0.999471
56 0.999745 0.999957
57 1 1
58 1 1
59 1 1
60 1 1
