1 0.0106584 0.00710689
2 0.0209122 0.0137255
3 0.0336283 0.0203162
4 0.0476063 0.0272132
5 0.0623457 0.036711
6 0.08262 0.0569857
7 0.103716 0.0801811
8 0.129165 0.102937
9 0.157063 0.128452
10 0.191742 0.159584
11 0.231519 0.196352
12 0.272505 0.238392
13 0.311533 0.284633
14 0.348248 0.333799
15 0.382491 0.387147
16 0.417392 0.442267
17 0.451634 0.499242
18 0.48507 0.556421
19 0.518755 0.61484
20 0.550622 0.671568
21 0.578117 0.717836
22 0.607313 0.759568
23 0.63237 0.797751
24 0.653464 0.829346
25 0.674909 0.857669
26 0.69433 0.88073
27 0.713534 0.903975
28 0.732968 0.927122
29 0.753153 0.950778
30 0.772462 0.965738
31 0.790564 0.976213
32 0.809491 0.984435
33 0.825717 0.990313
34 0.840389 0.994364
35 0.853548 0.996566
36 0.867018 0.997935
37 0.878479 0.998978
38 0.889576 0.999656
39 0.900859 0.999957
40 0.910264 1
41 0.919513 1
42 0.929561 1
43 0.939547 1
