1 0.00821397 0.0103104
2 0.0161669 0.0194786
3 0.0254834 0.0297407
4 0.036034 0.0409285
5 0.0490962 0.0539008
6 0.0649764 0.0685206
7 0.0839531 0.0859097
8 0.108672 0.107901
9 0.138423 0.137458
10 0.184437 0.173299
11 0.233258 0.2176
12 0.286367 0.265867
13 0.348825 0.318499
14 0.407645 0.369991
15 0.463176 0.420996
16 0.516366 0.472261
17 0.570233 0.525583
18 0.624058 0.575485
19 0.678238 0.629911
20 0.724453 0.682411
21 0.765084 0.728949
22 0.800871 0.772028
23 0.833358 0.803382
24 0.867963 0.831486
25 0.897023 0.857751
26 0.915465 0.879465
27 0.928392 0.898253
28 0.939812 0.916082
29 0.95026 0.933154
30 0.959625 0.947188
31 0.967724 0.959888
32 0.974855 0.970568
33 0.980547 0.980083
34 0.985471 0.987059
35 0.989531 0.992862
36 0.99275 0.996305
37 0.995214 0.998402
38 0.996986 0.999347
39 0.998213 0.999831
40 0.999117 0.999981
41 0.999669 1
42 0.999962 1
43 1 1
44 1 1
