1 0.00849149 0.00971299
2 0.0169951 0.0189715
3 0.0260703 0.0302735
4 0.0369028 0.042956
5 0.049166 0.0574245
6 0.0655335 0.0763067
7 0.0843206 0.100463
8 0.103961 0.128925
9 0.126958 0.160367
10 0.156089 0.195746
11 0.192318 0.234556
12 0.232367 0.279152
13 0.275313 0.325388
14 0.321024 0.375573
15 0.363251 0.430794
16 0.412219 0.487038
17 0.463065 0.541778
18 0.50896 0.596076
19 0.554063 0.64451
20 0.597818 0.690568
21 0.634932 0.737956
22 0.669131 0.780207
23 0.701234 0.819492
24 0.730439 0.854721
25 0.757367 0.879965
26 0.782633 0.902419
27 0.805505 0.921093
28 0.827279 0.93719
29 0.847401 0.951908
30 0.866427 0.964259
31 0.884189 0.974376
32 0.900612 0.982454
33 0.915489 0.988775
34 0.929778 0.993024
35 0.941936 0.995962
36 0.952954 0.997987
37 0.962857 0.999224
38 0.971903 0.999985
39 0.97923 1
40 0.985211 1
41 0.989934 1
42 0.993766 1
43 0.99664 1
