1 0.00855198 0.00771235
2 0.0170873 0.014938
3 0.0262639 0.0237557
4 0.0376605 0.0357427
5 0.0502049 0.0483976
6 0.067383 0.0623255
7 0.0863985 0.0800379
8 0.105765 0.103472
9 0.127952 0.132763
10 0.156029 0.164008
11 0.192977 0.194711
12 0.234851 0.229392
13 0.280507 0.263804
14 0.327757 0.301341
15 0.371353 0.343314
16 0.420451 0.386508
17 0.472328 0.429512
18 0.518834 0.470886
19 0.563634 0.511489
20 0.609084 0.557222
21 0.6478 0.597713
22 0.683168 0.635249
23 0.715394 0.670287
24 0.744398 0.706351
25 0.770849 0.739249
26 0.795714 0.768409
27 0.818223 0.793654
28 0.839699 0.816427
29 0.860009 0.837381
30 0.878376 0.856849
31 0.895035 0.874726
32 0.910539 0.891521
33 0.924631 0.906484
34 0.936919 0.920837
35 0.948363 0.933567
36 0.958923 0.945963
37 0.968047 0.956282
38 0.975767 0.965014
39 0.982196 0.971975
40 0.987451 0.977532
41 0.991398 0.98223
42 0.994654 0.986364
43 0.996805 0.989846
44 0.998362 0.992723
45 0.999425 0.995121
46 0.999933 0.997025
47 1 0.998367
48 1 0.999269
