1 0.00461798 0.00453832
2 0.00925419 0.00876448
3 0.0140391 0.0133284
4 0.0193169 0.0182644
5 0.0252099 0.023515
6 0.0321949 0.030834
7 0.041675 0.0392142
8 0.0538476 0.0499351
9 0.0697207 0.0642535
10 0.0913018 0.0818211
11 0.117882 0.1052
12 0.150788 0.130102
13 0.18447 0.15885
14 0.221495 0.186702
15 0.258428 0.21462
16 0.294276 0.242771
17 0.332656 0.272002
18 0.374531 0.30246
19 0.416254 0.33503
20 0.460117 0.366851
21 0.506565 0.397468
22 0.551018 0.426315
23 0.596085 0.456688
24 0.640014 0.489515
25 0.682349 0.519786
26 0.723496 0.549615
27 0.76497 0.578682
28 0.799111 0.607171
29 0.830368 0.637838
30 0.859562 0.666837
31 0.887284 0.695341
32 0.913073 0.723098
33 0.934117 0.749346
34 0.951757 0.774076
35 0.966148 0.798593
36 0.976384 0.822064
37 0.983597 0.842469
38 0.988271 0.860971
39 0.991687 0.878235
40 0.993922 0.893439
41 0.995624 0.907509
42 0.996916 0.920035
43 0.997946 0.931573
44 0.998959 0.941967
45 1 0.951608
46 1 0.960035
47 1 0.967272
48 1 0.974703
49 1 0.980762
