1 0.00853081 0.00958058
2 0.0171569 0.0190664
3 0.0263516 0.0304323
4 0.0371977 0.0434071
5 0.0496635 0.0584013
6 0.0659372 0.0749612
7 0.0843614 0.0977636
8 0.102917 0.122537
9 0.12371 0.159384
10 0.150578 0.198939
11 0.187146 0.241284
12 0.22764 0.293667
13 0.272829 0.344101
14 0.31754 0.394759
15 0.361656 0.447494
16 0.409573 0.49393
17 0.462199 0.535697
18 0.50849 0.573737
19 0.554745 0.610905
20 0.600472 0.647856
21 0.639958 0.681498
22 0.675162 0.712054
23 0.707592 0.73926
24 0.737567 0.766234
25 0.764805 0.789267
26 0.789837 0.809413
27 0.812839 0.828169
28 0.834223 0.845677
29 0.854105 0.862305
30 0.872295 0.879803
31 0.889071 0.894387
32 0.904342 0.907264
33 0.918255 0.918874
34 0.930674 0.928927
35 0.942666 0.939042
36 0.953778 0.947459
37 0.963253 0.95428
38 0.971029 0.960474
39 0.977807 0.966372
40 0.983496 0.971704
41 0.988502 0.977519
42 0.992671 0.981806
43 0.995687 0.986375
44 0.997874 0.990461
45 0.999306 0.994263
46 0.99984 0.99688
47 1 0.999415
48 1 0.99995
