1 0.00455643 0.00475663
2 0.00895176 0.00919897
3 0.0137503 0.0137997
4 0.0189879 0.0189445
5 0.0249369 0.0250691
6 0.031914 0.0325401
7 0.041408 0.0421303
8 0.0542501 0.0543276
9 0.0707337 0.0696845
10 0.0927291 0.0902713
11 0.119962 0.119843
12 0.154495 0.152977
13 0.188449 0.185238
14 0.223747 0.217682
15 0.259368 0.251358
16 0.294418 0.288523
17 0.333279 0.327991
18 0.375713 0.369858
19 0.417894 0.412679
20 0.462666 0.455452
21 0.509863 0.498946
22 0.555613 0.540748
23 0.602373 0.58095
24 0.646449 0.62087
25 0.689295 0.660167
26 0.730677 0.697873
27 0.770718 0.735154
28 0.80608 0.770418
29 0.838754 0.80105
30 0.868103 0.83036
31 0.895809 0.857328
32 0.921653 0.881815
33 0.941681 0.903229
34 0.9578 0.922048
35 0.9714 0.938814
36 0.9809 0.953368
37 0.987444 0.965858
38 0.991264 0.976467
39 0.993993 0.983907
40 0.995717 0.989012
41 0.996988 0.992947
42 0.997994 0.996597
43 0.998746 0.998615
44 0.999438 0.999152
45 1 0.999538
46 1 0.999889
47 1 0.999979
48 1 1
49 1 1
