1 0.00571986 0.0081307
2 0.0111591 0.0155186
3 0.0174012 0.0241937
4 0.0261023 0.0356414
5 0.0360485 0.0481047
6 0.0480666 0.0658764
7 0.0626625 0.0885622
8 0.0808809 0.113728
9 0.102282 0.145462
10 0.130538 0.183202
11 0.166181 0.223285
12 0.209932 0.266658
13 0.252912 0.317539
14 0.297049 0.376363
15 0.346949 0.438119
16 0.398467 0.497449
17 0.447866 0.555076
18 0.494747 0.609549
19 0.542457 0.654656
20 0.58821 0.696929
21 0.634032 0.738082
22 0.676983 0.779533
23 0.71502 0.817862
24 0.748995 0.854099
25 0.779602 0.88158
26 0.80847 0.904232
27 0.834903 0.922518
28 0.858652 0.934183
29 0.879633 0.944696
30 0.898749 0.954115
31 0.91565 0.962874
32 0.931295 0.970545
33 0.945066 0.977439
34 0.956477 0.983153
35 0.966141 0.987671
36 0.97442 0.991262
37 0.98106 0.994029
38 0.986576 0.995953
39 0.990855 0.997279
40 0.994294 0.998243
41 0.996772 0.999007
42 0.998266 0.999559
43 0.999034 0.999882
44 0.999467 0.999995
45 0.999761 1
46 0.999905 1
