1 0.00576076 0.00586512
2 0.0109527 0.0110978
3 0.0172081 0.0167641
4 0.0252052 0.0246571
5 0.034362 0.0372817
6 0.0468224 0.0546514
7 0.0618616 0.0728958
8 0.0802606 0.093138
9 0.10289 0.121188
10 0.133097 0.154854
11 0.16985 0.194334
12 0.213209 0.235955
13 0.255735 0.279933
14 0.299134 0.325074
15 0.347798 0.371897
16 0.39763 0.416382
17 0.444333 0.462036
18 0.489223 0.506293
19 0.535104 0.547894
20 0.579394 0.588642
21 0.623115 0.62758
22 0.665071 0.666773
23 0.70349 0.702617
24 0.738421 0.736277
25 0.770676 0.767214
26 0.800075 0.79614
27 0.827262 0.821956
28 0.851836 0.844143
29 0.87378 0.863923
30 0.894352 0.882434
31 0.912012 0.898397
32 0.928098 0.913458
33 0.942215 0.925283
34 0.954454 0.935382
35 0.964589 0.944921
36 0.973052 0.953054
37 0.979907 0.960479
38 0.985415 0.967479
39 0.989954 0.973783
40 0.993413 0.979331
41 0.996151 0.984609
42 0.997782 0.988871
43 0.998783 0.992593
44 0.999387 0.994645
45 0.999753 0.996076
46 0.999928 0.996961
47 0.99999 0.997652
48 1 0.99828
