1 0.00262008 0.00269446
2 0.00516849 0.00532023
3 0.00813197 0.00833887
4 0.0118744 0.0119503
5 0.0168055 0.0164787
6 0.0233409 0.0225729
7 0.0314156 0.0314675
8 0.0417293 0.0421977
9 0.0547922 0.0547573
10 0.0723942 0.0708185
11 0.0932674 0.0897468
12 0.11599 0.111136
13 0.141522 0.135629
14 0.168156 0.163047
15 0.197462 0.19051
16 0.228721 0.219605
17 0.260145 0.248415
18 0.292215 0.278484
19 0.324353 0.310199
20 0.35798 0.344683
21 0.394061 0.379249
22 0.429252 0.413729
23 0.464781 0.448539
24 0.501517 0.483037
25 0.538654 0.518514
26 0.5748 0.553964
27 0.6095 0.588555
28 0.642333 0.622384
29 0.674368 0.6548
30 0.707395 0.685471
31 0.738597 0.714091
32 0.768115 0.741814
33 0.796795 0.767181
34 0.822735 0.790742
35 0.846707 0.813426
36 0.868248 0.834439
37 0.887129 0.854002
38 0.904337 0.872077
39 0.919554 0.888505
40 0.934923 0.902703
41 0.947476 0.915792
42 0.957773 0.927174
43 0.966656 0.936691
44 0.974522 0.945047
45 0.980688 0.952519
46 0.985335 0.959148
47 0.989698 0.965727
48 0.992908 0.971605
49 0.99506 0.976369
50 0.996674 0.980053
51 0.997939 0.983617
52 0.998834 0.987022
53 0.999314 0.989637
54 0.999634 0.991577
55 0.999875 0.993102
56 0.999985 0.99434
57 1 0.99531
58 1 0.996137
59 1 0.996818
60 1 0.997418
