1 0.00744561 0.00746807
2 0.0143273 0.014443
3 0.022499 0.0220859
4 0.0323895 0.0303299
5 0.0433107 0.041101
6 0.0549876 0.0568213
7 0.0709545 0.0750359
8 0.08906 0.0966655
9 0.110934 0.128405
10 0.140154 0.16421
11 0.178065 0.203125
12 0.216951 0.245441
13 0.260846 0.29492
14 0.309275 0.347075
15 0.359344 0.396849
16 0.40857 0.447185
17 0.456707 0.501071
18 0.508072 0.558521
19 0.555751 0.613401
20 0.596156 0.663783
21 0.635176 0.707834
22 0.67052 0.747359
23 0.701535 0.780975
24 0.730268 0.810788
25 0.759161 0.836959
26 0.785234 0.86002
27 0.807946 0.8809
28 0.827984 0.901397
29 0.846801 0.919727
30 0.864282 0.936946
31 0.880611 0.951106
32 0.895193 0.962512
33 0.90881 0.971502
34 0.921602 0.979553
35 0.933242 0.985468
36 0.943521 0.990893
37 0.952661 0.994812
38 0.961361 0.997339
39 0.968699 0.998433
40 0.974225 0.998996
41 0.97924 0.999419
42 0.984217 0.999749
43 0.988906 0.999966
44 0.992228 1
45 0.99494 1
46 0.996626 1
47 0.99735 1
