1 0.00740868 0.0071976
2 0.0143048 0.013999
3 0.0220269 0.0216324
4 0.0319184 0.0306837
5 0.0436287 0.0432976
6 0.0564506 0.059556
7 0.0732039 0.0797172
8 0.093312 0.103358
9 0.116444 0.130524
10 0.145512 0.164004
11 0.185309 0.200645
12 0.226371 0.239534
13 0.272449 0.285326
14 0.32294 0.334798
15 0.373601 0.385628
16 0.423291 0.440663
17 0.471407 0.490815
18 0.519929 0.537646
19 0.5649 0.58293
20 0.605059 0.626635
21 0.642381 0.666927
22 0.676385 0.704716
23 0.706578 0.739083
24 0.734202 0.770521
25 0.761523 0.796256
26 0.785834 0.821352
27 0.808137 0.846136
28 0.828328 0.868789
29 0.847573 0.8889
30 0.864973 0.906987
31 0.881322 0.922583
32 0.896273 0.936295
33 0.911016 0.94784
34 0.923876 0.958512
35 0.935604 0.968693
36 0.946146 0.97625
37 0.955017 0.982044
38 0.963057 0.986519
39 0.970123 0.988672
40 0.975803 0.99058
41 0.980905 0.992503
42 0.985172 0.994155
43 0.989537 0.995731
44 0.993152 0.996906
45 0.99558 0.997906
46 0.996984 0.998644
47 0.997564 0.999257
48 0.997922 0.999678
49 0.998335 0.99999
50 0.998778 1
51 0.999225 1
