1 0.00716815 0.00586039
2 0.0139768 0.0115922
3 0.0223233 0.0180071
4 0.0318355 0.0253434
5 0.0428026 0.0359871
6 0.0551029 0.052022
7 0.0713887 0.0689285
8 0.0904518 0.0863943
9 0.113953 0.106753
10 0.143363 0.131758
11 0.180703 0.162484
12 0.218542 0.197922
13 0.262248 0.241567
14 0.309837 0.291807
15 0.357833 0.347974
16 0.405311 0.401084
17 0.450755 0.451895
18 0.498197 0.503452
19 0.544085 0.553591
20 0.584117 0.601685
21 0.621021 0.642877
22 0.655213 0.68365
23 0.685519 0.720196
24 0.714371 0.755038
25 0.742366 0.790191
26 0.767556 0.824284
27 0.79116 0.853237
28 0.812405 0.877652
29 0.831797 0.899118
30 0.850626 0.917468
31 0.868771 0.932229
32 0.885529 0.94554
33 0.900404 0.957058
34 0.91395 0.966758
35 0.926431 0.974847
36 0.937856 0.981658
37 0.947828 0.986769
38 0.957251 0.990734
39 0.965289 0.993701
40 0.971746 0.99563
41 0.977924 0.997177
42 0.983335 0.998314
43 0.988293 0.999003
44 0.992004 0.999452
45 0.994536 0.999741
46 0.99621 0.999878
47 0.997016 0.999963
48 0.997514 0.999993
49 0.997893 1
