1 0.0106114 0.0188222
2 0.020789 0.0362833
3 0.0334615 0.0536833
4 0.0491519 0.0719889
5 0.0708416 0.0953167
6 0.0995135 0.121517
7 0.126009 0.151856
8 0.154993 0.183961
9 0.189336 0.22355
10 0.228064 0.265922
11 0.271042 0.325061
12 0.313412 0.38165
13 0.35668 0.451833
14 0.405855 0.519172
15 0.453951 0.575217
16 0.501933 0.628022
17 0.551575 0.67415
18 0.60335 0.717944
19 0.654993 0.760294
20 0.704941 0.7916
21 0.749208 0.816556
22 0.788425 0.8371
23 0.823761 0.85605
24 0.857403 0.87325
25 0.893218 0.888983
26 0.921959 0.905439
27 0.941815 0.920867
28 0.956476 0.933956
29 0.967778 0.946639
30 0.977439 0.956522
31 0.984152 0.965839
32 0.989744 0.973272
33 0.992666 0.980261
34 0.995 0.985433
35 0.9967 0.989817
36 0.998093 0.9932
37 0.999198 0.995406
38 0.999869 0.997344
39 1 0.998583
40 1 0.999444
