1 0.00290348 0.00355133
2 0.00570036 0.00691262
3 0.00893728 0.0103734
4 0.0130636 0.0143697
5 0.0182012 0.0190293
6 0.0251789 0.0247821
7 0.0339079 0.0320471
8 0.0455458 0.0403155
9 0.0601719 0.050971
10 0.0779802 0.0641321
11 0.0977956 0.0812924
12 0.120574 0.101881
13 0.146867 0.124775
14 0.177126 0.149067
15 0.210537 0.174876
16 0.246353 0.201422
17 0.281203 0.229389
18 0.316175 0.258972
19 0.351545 0.292272
20 0.38733 0.326201
21 0.424314 0.360128
22 0.46231 0.393861
23 0.503674 0.426472
24 0.545006 0.458043
25 0.583603 0.490349
26 0.620669 0.522572
27 0.656903 0.554159
28 0.692543 0.585074
29 0.727111 0.616346
30 0.758629 0.647501
31 0.788054 0.677573
32 0.81485 0.705818
33 0.840152 0.734305
34 0.861964 0.761938
35 0.880616 0.788818
36 0.89644 0.814726
37 0.911736 0.839103
38 0.925403 0.860791
39 0.936599 0.879803
40 0.946029 0.897048
41 0.954683 0.912099
42 0.96269 0.925987
43 0.968988 0.937314
44 0.974201 0.947242
45 0.978145 0.955842
46 0.981164 0.963494
47 0.98379 0.969701
48 0.986236 0.975103
49 0.988631 0.979978
50 0.990576 0.98373
51 0.992158 0.986893
52 0.993526 0.989549
53 0.994772 0.991779
54 0.995726 0.993572
55 0.996596 0.99499
56 0.997302 0.996204
57 0.997841 0.997038
58 0.998244 0.997603
59 0.99861 0.99808
60 0.998978 0.998463
61 0.999253 0.998812
62 0.999465 0.999081
63 0.999642 0.999314
64 0.999796 0.999493
65 0.999926 0.999629
66 0.999984 0.999745
67 1 0.999825
68 1 0.999893
