1 0.00552168 0.00505208
2 0.0104293 0.00961263
3 0.0157282 0.014534
4 0.0219013 0.0204601
5 0.0307729 0.0288254
6 0.0427177 0.0383181
7 0.0573004 0.0490186
8 0.0733909 0.0624669
9 0.0925275 0.0809418
10 0.114277 0.106986
11 0.139022 0.138713
12 0.168996 0.169672
13 0.201186 0.204553
14 0.236804 0.241528
15 0.276344 0.280984
16 0.319477 0.319707
17 0.360863 0.357072
18 0.402329 0.39527
19 0.443172 0.435239
20 0.484132 0.476889
21 0.522978 0.518974
22 0.559957 0.561041
23 0.595876 0.601594
24 0.630885 0.639777
25 0.663559 0.677641
26 0.693553 0.7139
27 0.722933 0.747428
28 0.751185 0.777576
29 0.776696 0.804188
30 0.799544 0.829009
31 0.819758 0.852032
32 0.838451 0.874325
33 0.854822 0.895003
34 0.869378 0.913876
35 0.882819 0.929868
36 0.895941 0.942403
37 0.908262 0.953268
38 0.917316 0.963472
39 0.925139 0.97238
40 0.931292 0.980498
41 0.937236 0.986915
42 0.942903 0.99113
43 0.947947 0.993759
44 0.952335 0.995282
45 0.95618 0.996658
46 0.959689 0.997905
47 0.963166 0.999079
48 0.966526 0.999703
49 0.969687 0.999864
50 0.972583 0.999939
51 0.975393 0.99999
52 0.978122 1
53 0.980757 1
54 0.983268 1
