1 0.00490041 0.00534145
2 0.00932549 0.0103887
3 0.0141942 0.0158052
4 0.0201437 0.0223234
5 0.02878 0.0319164
6 0.0397827 0.0451294
7 0.0525939 0.0592214
8 0.0672131 0.0747088
9 0.0864645 0.0954005
10 0.11103 0.124342
11 0.140254 0.155191
12 0.17174 0.189437
13 0.208019 0.22476
14 0.247483 0.260103
15 0.288066 0.299275
16 0.329672 0.338808
17 0.372385 0.379829
18 0.415843 0.420015
19 0.458599 0.460564
20 0.500643 0.501385
21 0.543315 0.542449
22 0.585706 0.586166
23 0.62602 0.628755
24 0.666524 0.668196
25 0.702774 0.70273
26 0.735568 0.735248
27 0.765054 0.76552
28 0.792593 0.793318
29 0.817894 0.817647
30 0.842194 0.840169
31 0.864509 0.859931
32 0.888274 0.878725
33 0.907975 0.896616
34 0.925737 0.911536
35 0.942138 0.923793
36 0.954361 0.9347
37 0.964469 0.944653
38 0.972635 0.953339
39 0.979453 0.960561
40 0.984908 0.966404
41 0.989438 0.971661
42 0.993409 0.976667
43 0.995264 0.981077
44 0.996511 0.984663
45 0.997506 0.987948
46 0.998326 0.990359
47 0.99897 0.99225
48 0.999449 0.993995
49 0.999852 0.995393
50 0.999992 0.996418
51 1 0.997295
52 1 0.997844
53 1 0.998555
