1 0.0048946 0.00457326
2 0.00958305 0.00883129
3 0.0145675 0.013336
4 0.0203537 0.0185981
5 0.0277348 0.024692
6 0.0363814 0.0322281
7 0.0468817 0.0414168
8 0.0597768 0.0527004
9 0.0765801 0.0668383
10 0.0982745 0.0857132
11 0.126616 0.111186
12 0.15878 0.141694
13 0.193312 0.175344
14 0.229219 0.209796
15 0.266556 0.243523
16 0.304272 0.279593
17 0.346703 0.317876
18 0.388332 0.355884
19 0.431788 0.394264
20 0.474329 0.437173
21 0.519465 0.481975
22 0.567429 0.529489
23 0.615608 0.573758
24 0.659132 0.618017
25 0.700902 0.659027
26 0.7412 0.700954
27 0.776737 0.740365
28 0.809867 0.778533
29 0.841613 0.813207
30 0.870786 0.844783
31 0.894761 0.872937
32 0.916689 0.89747
33 0.936618 0.91956
34 0.951752 0.938614
35 0.964046 0.953051
36 0.974771 0.964066
37 0.982636 0.972405
38 0.988257 0.979297
39 0.992135 0.984953
40 0.995286 0.989355
41 0.997539 0.992673
42 0.998955 0.995463
43 0.999584 0.997537
44 0.999809 0.998753
45 0.999937 0.99947
46 0.999994 0.999842
47 1 0.999985
48 1 1
49 1 1
