1 0.00525234 0.00416147
2 0.0101872 0.00817051
3 0.015372 0.0124361
4 0.0210769 0.0170224
5 0.0283517 0.0223382
6 0.0370426 0.0288364
7 0.0475643 0.0368633
8 0.0602108 0.0461287
9 0.0769648 0.0598224
10 0.0986431 0.08144
11 0.127079 0.107816
12 0.157952 0.136502
13 0.192118 0.166939
14 0.227547 0.196777
15 0.264684 0.228925
16 0.3035 0.262572
17 0.343925 0.297185
18 0.384666 0.333361
19 0.427656 0.371425
20 0.470649 0.411741
21 0.516624 0.454618
22 0.565588 0.495878
23 0.613854 0.537555
24 0.656609 0.578935
25 0.697029 0.620447
26 0.735807 0.662585
27 0.770066 0.702421
28 0.802673 0.740875
29 0.833654 0.777928
30 0.862808 0.810799
31 0.886792 0.840359
32 0.910449 0.864951
33 0.931756 0.885595
34 0.9478 0.903215
35 0.960882 0.920252
36 0.971807 0.9358
37 0.9799 0.949669
38 0.985867 0.963059
39 0.990285 0.974086
40 0.993999 0.98236
41 0.996697 0.988199
42 0.998474 0.992216
43 0.999495 0.995444
44 0.999784 0.99836
45 0.999905 0.999564
46 0.999988 0.999987
47 1 1
48 1 1
49 1 1
