1 0.0340479 0.0200905
2 0.0642248 0.0404255
3 0.115858 0.0670258
4 0.1641 0.0948302
5 0.209823 0.144427
6 0.258939 0.192594
7 0.308907 0.251182
8 0.386576 0.316206
9 0.478876 0.398787
10 0.572737 0.477655
11 0.658689 0.559366
12 0.724932 0.631607
13 0.777877 0.694043
14 0.824183 0.750638
15 0.860874 0.797338
16 0.891426 0.840652
17 0.918793 0.878642
18 0.94204 0.911716
19 0.959105 0.937257
20 0.973174 0.95407
21 0.982976 0.966021
22 0.989886 0.977103
23 0.994943 0.986193
24 0.998065 0.99416
25 0.999605 0.998072
26 0.999958 0.999701
27 1 1
28 1 1
