1 0.0131756 0.0118127
2 0.0256424 0.0232807
3 0.0380149 0.0354726
4 0.0509303 0.0478426
5 0.0648619 0.0605157
6 0.0805995 0.0732649
7 0.0995551 0.0880078
8 0.12161 0.103456
9 0.147096 0.119539
10 0.176688 0.137535
11 0.209539 0.158664
12 0.251066 0.191523
13 0.292082 0.233894
14 0.340025 0.280527
15 0.388583 0.316222
16 0.44572 0.347607
17 0.506125 0.374446
18 0.572559 0.399614
19 0.6352 0.422222
20 0.688636 0.444332
21 0.732642 0.466119
22 0.768527 0.487442
23 0.799612 0.507109
24 0.832001 0.526053
25 0.868142 0.545241
26 0.897253 0.564555
27 0.927056 0.584336
28 0.95274 0.603641
29 0.969877 0.62287
30 0.981557 0.640455
31 0.989366 0.658074
32 0.993875 0.67346
33 0.996299 0.68867
34 0.99809 0.703002
35 0.999389 0.715901
36 0.999991 0.727792
37 1 0.739135
38 1 0.749963
39 1 0.760454
