1 0.0130399 0.00993664
2 0.0251541 0.0193498
3 0.0373042 0.028873
4 0.0495768 0.0390042
5 0.0630955 0.0515098
6 0.0795853 0.0657498
7 0.0992591 0.0819571
8 0.123378 0.101038
9 0.149688 0.124509
10 0.1776 0.151448
11 0.207835 0.186821
12 0.246888 0.227031
13 0.288274 0.267201
14 0.33409 0.309066
15 0.38181 0.349341
16 0.433911 0.388736
17 0.491221 0.427255
18 0.551656 0.467459
19 0.611954 0.507363
20 0.668463 0.548335
21 0.714985 0.588832
22 0.753008 0.628187
23 0.785235 0.673215
24 0.82065 0.71486
25 0.857832 0.751887
26 0.893415 0.785985
27 0.924815 0.816552
28 0.950107 0.846252
29 0.969422 0.873766
30 0.980258 0.897667
31 0.988152 0.918186
32 0.993355 0.935776
33 0.996275 0.95078
34 0.99819 0.963136
35 0.999525 0.972964
36 0.999979 0.98197
37 1 0.989037
38 1 0.994797
39 1 0.998034
