1 0.00400596 0.00342105
2 0.00781733 0.00674601
3 0.0118388 0.0103336
4 0.016213 0.0143589
5 0.0213747 0.018927
6 0.0278146 0.0246693
7 0.0349907 0.0312043
8 0.0445934 0.0390228
9 0.0563576 0.0492574
10 0.0724672 0.062966
11 0.092084 0.079488
12 0.115103 0.10045
13 0.140908 0.122466
14 0.168252 0.147426
15 0.195968 0.172885
16 0.224619 0.198695
17 0.255196 0.225087
18 0.285709 0.251368
19 0.317519 0.27851
20 0.351178 0.306882
21 0.38664 0.336458
22 0.423348 0.367836
23 0.461433 0.400528
24 0.500833 0.433271
25 0.538632 0.466191
26 0.573985 0.497924
27 0.607783 0.529633
28 0.64093 0.561835
29 0.675364 0.593582
30 0.707733 0.624985
31 0.738357 0.655818
32 0.768679 0.685817
33 0.797122 0.714083
34 0.824631 0.739622
35 0.849135 0.763289
36 0.872235 0.785596
37 0.89503 0.806754
38 0.915564 0.82631
39 0.932296 0.844265
40 0.945409 0.860971
41 0.957531 0.877557
42 0.96891 0.891975
43 0.978147 0.905383
44 0.984632 0.918415
45 0.990535 0.931086
46 0.995487 0.942161
47 0.997674 0.952304
48 0.998806 0.961124
49 0.99956 0.969067
50 0.999867 0.976029
51 0.999963 0.981684
52 0.999998 0.98661
53 1 0.990338
54 1 0.9928
55 1 0.994735
56 1 0.99636
