1 0.00393255 0.00418561
2 0.00766204 0.00814503
3 0.0116777 0.0124096
4 0.0161177 0.0170129
5 0.021372 0.022493
6 0.0277464 0.0291304
7 0.0353381 0.0369897
8 0.0453711 0.0469675
9 0.0575985 0.0604044
10 0.0740422 0.0797367
11 0.0938313 0.10411
12 0.117204 0.129728
13 0.143824 0.155783
14 0.171365 0.182525
15 0.199005 0.211556
16 0.228094 0.243481
17 0.259251 0.275655
18 0.290935 0.311037
19 0.323247 0.349611
20 0.357607 0.390944
21 0.392359 0.432071
22 0.429191 0.471303
23 0.466816 0.509035
24 0.50617 0.547057
25 0.543888 0.584207
26 0.579047 0.61988
27 0.613768 0.658395
28 0.646812 0.697311
29 0.680462 0.733776
30 0.711526 0.767329
31 0.741289 0.796189
32 0.77133 0.822782
33 0.798994 0.847405
34 0.826282 0.870567
35 0.850656 0.892462
36 0.872832 0.911056
37 0.895033 0.929059
38 0.915344 0.945928
39 0.931807 0.958194
40 0.945135 0.967265
41 0.956685 0.974
42 0.967554 0.979568
43 0.97679 0.984326
44 0.982951 0.987931
45 0.988764 0.991082
46 0.994151 0.994572
47 0.996903 0.996827
48 0.99844 0.998204
49 0.999402 0.999171
50 0.999824 0.999689
51 0.999955 0.999924
52 0.999998 1
53 1 1
54 1 1
55 1 1
