1 0.00440311 0.00401413
2 0.00855152 0.00784215
3 0.01307 0.0120791
4 0.0180284 0.0168367
5 0.0234644 0.022722
6 0.0295347 0.0297369
7 0.0375214 0.0380039
8 0.0472981 0.0488358
9 0.059097 0.062549
10 0.0754738 0.0809853
11 0.0945946 0.105218
12 0.11698 0.1329
13 0.144231 0.162391
14 0.171408 0.193092
15 0.199636 0.225242
16 0.229071 0.259543
17 0.261118 0.293195
18 0.294159 0.329438
19 0.328906 0.366055
20 0.363429 0.405517
21 0.396984 0.446098
22 0.431938 0.488482
23 0.468416 0.530524
24 0.504956 0.57283
25 0.542225 0.615092
26 0.579455 0.6554
27 0.616479 0.694977
28 0.652673 0.731818
29 0.686328 0.765953
30 0.717984 0.798499
31 0.749923 0.830613
32 0.779172 0.858405
33 0.805971 0.882692
34 0.831362 0.904896
35 0.854849 0.923694
36 0.8758 0.941402
37 0.897029 0.955638
38 0.912861 0.968529
39 0.927128 0.977859
40 0.93984 0.984014
41 0.950684 0.989146
42 0.959068 0.992603
43 0.966498 0.995476
44 0.973805 0.997184
45 0.981008 0.9987
46 0.98672 0.999768
47 0.990355 0.999973
48 0.9919 1
49 0.992935 1
50 0.993993 1
51 0.99507 1
52 0.996219 1
53 0.997841 1
54 0.999615 1
