1 0.0109404 0.00906001
2 0.0212925 0.0170794
3 0.0328212 0.0256677
4 0.0472276 0.0386056
5 0.0654656 0.0540941
6 0.0906417 0.0736825
7 0.122524 0.0940155
8 0.154793 0.117597
9 0.194726 0.149358
10 0.23918 0.18998
11 0.302503 0.23975
12 0.372379 0.296809
13 0.452218 0.356076
14 0.52471 0.418788
15 0.611974 0.481602
16 0.689352 0.541027
17 0.754303 0.595914
18 0.807795 0.644831
19 0.846697 0.685728
20 0.877775 0.722063
21 0.903771 0.755715
22 0.927194 0.786454
23 0.947426 0.815833
24 0.96225 0.841498
25 0.973425 0.865462
26 0.982146 0.887649
27 0.987816 0.907439
28 0.992294 0.924673
29 0.995927 0.939443
30 0.997378 0.953442
31 0.998339 0.96539
32 0.99904 0.97445
33 1 0.981385
