1 0.0109983 0.0131737
2 0.0214906 0.0259429
3 0.0337449 0.0402052
4 0.0475934 0.057207
5 0.0655662 0.0746044
6 0.0905472 0.0903986
7 0.121161 0.107118
8 0.154934 0.124001
9 0.196257 0.139938
10 0.240372 0.15605
11 0.296025 0.172433
12 0.363304 0.1892
13 0.438945 0.209164
14 0.515952 0.239771
15 0.596659 0.290357
16 0.669026 0.338483
17 0.732141 0.382736
18 0.786347 0.423944
19 0.828139 0.454613
20 0.860902 0.473664
21 0.888322 0.490393
22 0.913001 0.508593
23 0.935918 0.524792
24 0.953574 0.538935
25 0.967703 0.551675
26 0.97886 0.563546
27 0.985911 0.578322
28 0.990919 0.591356
29 0.995604 0.603424
30 0.997229 0.619622
31 0.998022 0.640274
32 0.998656 0.662469
33 1 0.687308
