1 0.0107514 0.0167192
2 0.0216888 0.0322285
3 0.0340375 0.0481411
4 0.0485902 0.0639488
5 0.0683615 0.0798152
6 0.0966499 0.0957782
7 0.127691 0.11264
8 0.16021 0.131141
9 0.198247 0.152086
10 0.243887 0.173968
11 0.305795 0.204037
12 0.369084 0.236631
13 0.447029 0.264297
14 0.524402 0.291754
15 0.614056 0.319387
16 0.692541 0.344604
17 0.759073 0.373132
18 0.813138 0.401521
19 0.850925 0.430632
20 0.882332 0.461189
21 0.907618 0.493926
22 0.930584 0.52765
23 0.949779 0.567771
24 0.964039 0.604785
25 0.974733 0.636963
26 0.982905 0.662718
27 0.988764 0.685495
28 0.993108 0.711451
29 0.996113 0.736908
30 0.997183 0.761353
31 0.998296 0.784558
32 0.998945 0.808708
33 1 0.831321
