1 0.0034064 0.00340661
2 0.00671393 0.00688496
3 0.010263 0.0105479
4 0.0143522 0.0146085
5 0.0192714 0.0193919
6 0.0256493 0.0257505
7 0.0334318 0.0335502
8 0.042653 0.0420505
9 0.0546633 0.0521099
10 0.0691593 0.0656039
11 0.0872003 0.0812254
12 0.108233 0.0987877
13 0.131957 0.117334
14 0.159077 0.136425
15 0.187949 0.157366
16 0.217977 0.180632
17 0.249408 0.206576
18 0.283868 0.233949
19 0.318926 0.261126
20 0.354901 0.28846
21 0.392214 0.316751
22 0.429387 0.347377
23 0.46837 0.37745
24 0.509664 0.408032
25 0.551901 0.4379
26 0.590917 0.467453
27 0.628172 0.496357
28 0.664352 0.524891
29 0.700511 0.552547
30 0.735018 0.579259
31 0.767242 0.605495
32 0.797505 0.631661
33 0.82777 0.657828
34 0.855921 0.68328
35 0.880438 0.708876
36 0.902809 0.733074
37 0.922667 0.755574
38 0.94027 0.777591
39 0.955234 0.798233
40 0.968434 0.816422
41 0.978672 0.833266
42 0.985782 0.849084
43 0.991194 0.864338
44 0.995371 0.878877
45 0.997465 0.891636
46 0.998645 0.903295
47 0.99934 0.914496
48 0.999702 0.924814
49 0.999831 0.933895
50 0.999923 0.941947
51 0.999982 0.948888
52 1 0.954856
53 1 0.960242
54 1 0.964806
55 1 0.968674
