1 0.00339373 0.00432067
2 0.00672086 0.00848356
3 0.0102941 0.0127
4 0.0143611 0.0174936
5 0.0191139 0.0232831
6 0.0252391 0.0303729
7 0.0328078 0.0395089
8 0.0421686 0.0506956
9 0.0537816 0.0656778
10 0.0685083 0.0864038
11 0.0864841 0.111438
12 0.107599 0.138027
13 0.131605 0.16814
14 0.15887 0.198925
15 0.187809 0.231366
16 0.218475 0.267557
17 0.250928 0.306101
18 0.285182 0.346501
19 0.32028 0.387533
20 0.356534 0.42744
21 0.394348 0.467865
22 0.431289 0.51088
23 0.470647 0.555533
24 0.511754 0.597376
25 0.553382 0.637555
26 0.591344 0.677367
27 0.628797 0.7145
28 0.665862 0.751402
29 0.701916 0.788466
30 0.736617 0.820791
31 0.768652 0.849456
32 0.799492 0.875112
33 0.829744 0.897514
34 0.858096 0.917757
35 0.883018 0.935752
36 0.905406 0.950832
37 0.925024 0.962699
38 0.941946 0.972022
39 0.956601 0.979643
40 0.969258 0.985716
41 0.978977 0.990145
42 0.98593 0.993398
43 0.99164 0.996256
44 0.995656 0.997986
45 0.997567 0.998708
46 0.998731 0.999218
47 0.999396 0.999535
48 0.999733 0.999768
49 0.999848 0.999942
50 0.99993 0.999999
51 0.999986 1
