1 0.00439372 0.00451634
2 0.00855771 0.00874411
3 0.0132624 0.0132744
4 0.0187496 0.0187031
5 0.0248517 0.0247507
6 0.0321408 0.0322094
7 0.0409911 0.0408376
8 0.0530425 0.0504825
9 0.0704345 0.0633133
10 0.0898773 0.0801057
11 0.114854 0.102227
12 0.141324 0.126947
13 0.169245 0.156544
14 0.199834 0.189315
15 0.235323 0.222206
16 0.271739 0.255946
17 0.309364 0.291221
18 0.347447 0.326489
19 0.38747 0.361788
20 0.427792 0.399656
21 0.46812 0.436802
22 0.509339 0.474361
23 0.550874 0.513993
24 0.589565 0.553897
25 0.626941 0.593202
26 0.665976 0.63108
27 0.704689 0.668163
28 0.741328 0.704221
29 0.776666 0.739577
30 0.809905 0.772908
31 0.839918 0.802968
32 0.866818 0.831736
33 0.891626 0.858697
34 0.912771 0.88316
35 0.930293 0.903493
36 0.946143 0.920544
37 0.95958 0.934845
38 0.969588 0.946846
39 0.977693 0.956937
40 0.984105 0.965627
41 0.988669 0.973401
42 0.992198 0.980148
43 0.994664 0.985791
44 0.996529 0.990084
45 0.998146 0.992936
46 0.999192 0.994939
47 0.99976 0.996246
48 0.999959 0.997309
49 0.999991 0.998127
50 1 0.998731
51 1 0.99924
52 1 0.999575
53 1 0.999778
54 1 0.999925
55 1 0.999991
