1 0.00666825 0.00759155
2 0.0136542 0.0148254
3 0.0226939 0.0238257
4 0.0333089 0.0344446
5 0.0441122 0.0471008
6 0.0561798 0.0606421
7 0.0714312 0.0764746
8 0.0896637 0.0967065
9 0.115259 0.123612
10 0.147737 0.158677
11 0.185523 0.200363
12 0.231716 0.243997
13 0.28138 0.291599
14 0.334809 0.342144
15 0.389784 0.391765
16 0.444405 0.44428
17 0.499151 0.498209
18 0.559418 0.555366
19 0.618496 0.621324
20 0.676705 0.683368
21 0.729512 0.742435
22 0.778855 0.8002
23 0.823983 0.851372
24 0.862298 0.892584
25 0.893685 0.926471
26 0.918889 0.950214
27 0.938603 0.967133
28 0.954605 0.979115
29 0.966822 0.987631
30 0.976625 0.99295
31 0.984351 0.996389
32 0.98974 0.998131
33 0.993027 0.999009
34 0.99531 0.99957
35 0.997019 0.999874
36 0.998403 1
37 0.999192 1
38 0.999534 1
