1 0.0148046 0.02112
2 0.0300215 0.041848
3 0.0475162 0.064544
4 0.070791 0.106232
5 0.0950754 0.156784
6 0.12125 0.213496
7 0.160813 0.281576
8 0.20618 0.349648
9 0.26791 0.415256
10 0.320326 0.475592
11 0.37305 0.528592
12 0.427547 0.582304
13 0.483423 0.628648
14 0.538369 0.665976
15 0.587805 0.701064
16 0.628267 0.732576
17 0.66839 0.763632
18 0.706334 0.793712
19 0.747375 0.820376
20 0.790877 0.842536
21 0.82599 0.861944
22 0.857101 0.880632
23 0.885417 0.903312
24 0.912662 0.9232
25 0.937519 0.939152
26 0.961022 0.951728
27 0.980936 0.962424
28 0.991105 0.971176
29 0.997021 0.979944
30 0.999557 0.986168
31 1 0.99124
32 1 0.99492
33 1 0.99748
