1 0.0147799 0.0112229
2 0.0292705 0.0223734
3 0.0460757 0.0344707
4 0.0684395 0.052666
5 0.0901508 0.079783
6 0.114669 0.107061
7 0.15217 0.13499
8 0.195254 0.166496
9 0.251216 0.217587
10 0.303392 0.272834
11 0.352939 0.331995
12 0.405842 0.391331
13 0.457144 0.464484
14 0.51771 0.527929
15 0.574995 0.584701
16 0.620837 0.644665
17 0.663299 0.7062
18 0.70442 0.763139
19 0.74426 0.815092
20 0.788403 0.857285
21 0.82871 0.890986
22 0.864789 0.918195
23 0.896436 0.940398
24 0.922401 0.957196
25 0.94498 0.970973
26 0.965226 0.981147
27 0.981102 0.988872
28 0.990588 0.99334
29 0.996547 0.995947
30 0.999428 0.997571
31 1 0.998682
32 1 0.999494
33 1 0.999776
