1 0.00571557 0.00649985
2 0.0112215 0.0127104
3 0.0170381 0.0199896
4 0.024627 0.029211
5 0.0329619 0.0399941
6 0.0452671 0.0530213
7 0.0614291 0.0699026
8 0.0792159 0.0894259
9 0.102934 0.116046
10 0.132217 0.143795
11 0.166393 0.17359
12 0.206204 0.2087
13 0.248516 0.250905
14 0.294208 0.295422
15 0.343571 0.345419
16 0.393219 0.401581
17 0.445706 0.453472
18 0.496867 0.504885
19 0.55119 0.555344
20 0.602097 0.607321
21 0.650187 0.654317
22 0.69405 0.697846
23 0.733725 0.741391
24 0.769787 0.784543
25 0.80401 0.823229
26 0.8361 0.857594
27 0.864859 0.890656
28 0.891484 0.917467
29 0.914757 0.940521
30 0.933868 0.957673
31 0.94828 0.969898
32 0.959844 0.979213
33 0.970528 0.986675
34 0.978964 0.992257
35 0.984862 0.995789
36 0.989792 0.99753
37 0.993507 0.998546
38 0.995939 0.999191
39 0.997486 0.999607
40 0.99852 0.999848
41 0.999202 0.999987
42 0.999656 1
43 0.999921 1
