1 0.00592856 0.0067015
2 0.0115247 0.013194
3 0.0175884 0.0201595
4 0.0241863 0.0294464
5 0.0347669 0.0417873
6 0.0497743 0.0578397
7 0.0663907 0.0772344
8 0.0836097 0.0978271
9 0.102689 0.125984
10 0.126749 0.156929
11 0.159053 0.190905
12 0.197508 0.229325
13 0.242153 0.274983
14 0.290457 0.327822
15 0.340949 0.381038
16 0.389877 0.431793
17 0.437258 0.481034
18 0.481536 0.52541
19 0.52447 0.572067
20 0.565795 0.614488
21 0.607101 0.652835
22 0.647403 0.687318
23 0.687565 0.71876
24 0.723632 0.741664
25 0.75557 0.761946
26 0.784621 0.781261
27 0.810848 0.799232
28 0.834175 0.816
29 0.855106 0.830063
30 0.875258 0.841434
31 0.893307 0.851785
32 0.908764 0.860376
33 0.921795 0.866888
34 0.93431 0.87257
35 0.945447 0.877927
36 0.954937 0.883078
37 0.963545 0.888319
38 0.971865 0.893521
39 0.979226 0.898906
40 0.986711 0.904296
41 0.991967 0.910051
42 0.995379 0.915811
43 0.997915 0.921648
44 0.999407 0.927138
45 0.999792 0.932818
46 1 0.93836
47 1 0.944091
48 1 0.949641
49 1 0.95478
50 1 0.959598
51 1 0.964521
