1 0.00319033 0.00337815
2 0.00632428 0.00659965
3 0.00961923 0.00991261
4 0.0133919 0.0137095
5 0.0180199 0.0184217
6 0.0235395 0.0240579
7 0.0305766 0.0311402
8 0.0393004 0.040739
9 0.0500819 0.0532234
10 0.0629183 0.0678253
11 0.0781276 0.085679
12 0.0965715 0.106902
13 0.118491 0.131927
14 0.141959 0.158807
15 0.165979 0.18656
16 0.190114 0.215059
17 0.21601 0.246551
18 0.242871 0.279614
19 0.272325 0.314441
20 0.304437 0.351578
21 0.335922 0.391599
22 0.367297 0.432
23 0.399102 0.474556
24 0.431381 0.515341
25 0.464609 0.554057
26 0.498197 0.592297
27 0.530403 0.629387
28 0.561498 0.663596
29 0.592607 0.695664
30 0.622652 0.730048
31 0.651727 0.762436
32 0.681016 0.792466
33 0.708838 0.821898
34 0.735787 0.847569
35 0.761045 0.870985
36 0.784144 0.893067
37 0.805371 0.911806
38 0.825146 0.928005
39 0.844286 0.942021
40 0.86276 0.955176
41 0.880089 0.964904
42 0.896185 0.972812
43 0.910747 0.979557
44 0.923649 0.984418
45 0.934609 0.988185
46 0.944095 0.991242
47 0.952679 0.993771
48 0.961179 0.995687
49 0.969283 0.997094
50 0.975557 0.99799
51 0.980445 0.998632
52 0.984381 0.999096
53 0.987758 0.999541
54 0.990666 0.999893
55 0.993065 0.999946
56 0.994853 0.999987
57 0.996224 1
58 0.997331 1
59 0.998168 1
60 0.998805 1
61 0.999302 1
