1 0.00866326 0.00727395
2 0.0168282 0.0138668
3 0.0263404 0.0210372
4 0.0400584 0.0287759
5 0.0538447 0.0393893
6 0.06835 0.0554216
7 0.0852577 0.073136
8 0.106199 0.0929362
9 0.129697 0.115811
10 0.155254 0.146008
11 0.182537 0.179058
12 0.211062 0.215337
13 0.242096 0.261556
14 0.280343 0.31337
15 0.319831 0.365377
16 0.364376 0.416321
17 0.419386 0.465819
18 0.469285 0.514734
19 0.522943 0.560687
20 0.56971 0.608281
21 0.610006 0.648199
22 0.64692 0.686274
23 0.685727 0.721191
24 0.718836 0.753062
25 0.750382 0.7861
26 0.779291 0.816669
27 0.806691 0.846152
28 0.831783 0.871831
29 0.855179 0.896192
30 0.8752 0.916735
31 0.892936 0.933512
32 0.908728 0.947786
33 0.921961 0.959874
34 0.933126 0.971479
35 0.942212 0.98
36 0.949274 0.986702
37 0.955263 0.992046
38 0.960469 0.995717
39 0.965082 0.998095
40 0.969509 0.999431
41 0.973231 1
42 0.97744 1
43 0.981076 1
44 0.984858 1
