1 0.0133242 0.0101341
2 0.025326 0.0194238
3 0.0371763 0.0301363
4 0.0529568 0.0435546
5 0.0834665 0.0605363
6 0.115785 0.0824886
7 0.148623 0.110037
8 0.187374 0.14406
9 0.238297 0.182083
10 0.30242 0.229966
11 0.366331 0.286794
12 0.436084 0.346905
13 0.509086 0.402932
14 0.576235 0.453296
15 0.643669 0.505804
16 0.70573 0.55655
17 0.757957 0.602229
18 0.811387 0.645525
19 0.856185 0.686852
20 0.888356 0.727337
21 0.911263 0.768197
22 0.930803 0.808357
23 0.947934 0.838398
24 0.962475 0.862287
25 0.973058 0.883107
26 0.981345 0.900988
27 0.988636 0.916609
28 0.993549 0.931298
29 0.997259 0.943335
30 0.999334 0.953511
31 0.999995 0.962021
32 1 0.969471
33 1 0.975991
34 1 0.981268
