1 0.0128742 0.0160455
2 0.0245317 0.0305478
3 0.036809 0.0472338
4 0.0520845 0.0684954
5 0.0775849 0.0962423
6 0.107075 0.128372
7 0.137374 0.162137
8 0.174761 0.201798
9 0.224261 0.241404
10 0.284513 0.286281
11 0.346758 0.342967
12 0.41382 0.402751
13 0.48601 0.469259
14 0.548586 0.551948
15 0.610592 0.625899
16 0.678783 0.691231
17 0.737401 0.757623
18 0.797567 0.811339
19 0.844789 0.843661
20 0.881538 0.874965
21 0.9082 0.900251
22 0.92888 0.918256
23 0.947227 0.935397
24 0.962397 0.949961
25 0.97421 0.963484
26 0.983728 0.972554
27 0.990721 0.980806
28 0.995445 0.98662
29 0.998687 0.990941
30 0.999807 0.994078
31 0.999995 0.997253
32 1 0.999055
33 1 0.999792
34 1 0.999981
