1 0.00952967 0.00831419
2 0.0185689 0.016119
3 0.0276022 0.0241031
4 0.0365594 0.0320844
5 0.0458883 0.0399903
6 0.0550985 0.0480125
7 0.0650784 0.0560035
8 0.0768226 0.0663246
9 0.0957256 0.0860657
10 0.125247 0.112583
11 0.164 0.142202
12 0.19849 0.181021
13 0.233939 0.219293
14 0.270449 0.254275
15 0.308142 0.287536
16 0.341329 0.317981
17 0.374596 0.347549
18 0.413302 0.376852
19 0.45704 0.413122
20 0.495575 0.449572
21 0.529548 0.484057
22 0.560488 0.516354
23 0.591009 0.545965
24 0.61913 0.573536
25 0.644876 0.599857
26 0.668956 0.62443
27 0.69211 0.647594
28 0.714005 0.669839
29 0.73562 0.691236
30 0.756414 0.712238
31 0.775263 0.731543
32 0.793468 0.750292
33 0.810733 0.768028
34 0.82698 0.784657
35 0.841974 0.800938
36 0.856289 0.81649
37 0.870513 0.832046
38 0.883896 0.846448
39 0.896243 0.860554
40 0.908058 0.875606
41 0.919808 0.890812
42 0.930605 0.905263
43 0.940903 0.917946
44 0.949887 0.929343
45 0.958102 0.940167
46 0.964779 0.95085
47 0.971057 0.959427
48 0.976888 0.966937
49 0.981885 0.97361
50 0.986789 0.979541
51 0.98917 0.984448
52 0.991526 0.987512
53 0.993405 0.989886
54 0.994758 0.991927
55 0.996027 0.993473
56 0.997263 0.994781
57 0.99832 0.99579
58 0.998915 0.996627
59 0.999308 0.99739
60 0.999659 0.998252
61 0.999972 0.998947
62 1 0.999863
63 1 1
64 1 1
65 1 1
66 1 1
67 1 1
68 1 1
