1 0.00642577 0.00578577
2 0.0127157 0.0114927
3 0.0194909 0.0176346
4 0.0271431 0.0243954
5 0.0369436 0.0323245
6 0.0484803 0.0423098
7 0.0603711 0.054659
8 0.0763555 0.0690778
9 0.0931247 0.0870561
10 0.118128 0.111933
11 0.148927 0.138906
12 0.181704 0.167459
13 0.21497 0.198248
14 0.25084 0.229117
15 0.289273 0.260839
16 0.330406 0.293589
17 0.368945 0.32899
18 0.408463 0.364974
19 0.44882 0.400965
20 0.489778 0.440391
21 0.529031 0.478785
22 0.565934 0.517608
23 0.60253 0.555899
24 0.639604 0.590362
25 0.677816 0.62199
26 0.71473 0.651605
27 0.748388 0.681729
28 0.779832 0.712267
29 0.809861 0.740981
30 0.837501 0.767778
31 0.859448 0.792154
32 0.877305 0.814683
33 0.892703 0.836469
34 0.907105 0.855937
35 0.920164 0.872827
36 0.931826 0.887974
37 0.942205 0.901593
38 0.950625 0.914028
39 0.959588 0.925244
40 0.966808 0.935223
41 0.972802 0.944483
42 0.97807 0.952983
43 0.982918 0.960649
44 0.987258 0.967611
45 0.990664 0.97374
46 0.99321 0.978957
47 0.994776 0.983531
48 0.995955 0.986738
49 0.996927 0.989426
50 0.997712 0.99172
51 0.998381 0.993681
52 0.998932 0.995301
53 0.999354 0.996698
54 0.999691 0.997839
55 0.999901 0.998778
56 0.999982 0.999424
57 1 0.999748
58 1 0.999911
