1 0.00645754 0.00675169
2 0.0123675 0.01327
3 0.0187561 0.0198736
4 0.0266982 0.0269513
5 0.0368909 0.033989
6 0.0483437 0.0414316
7 0.0605483 0.0498899
8 0.0764738 0.060962
9 0.0940407 0.0771724
10 0.118741 0.0951952
11 0.149725 0.120987
12 0.183958 0.150878
13 0.218292 0.185326
14 0.254342 0.223315
15 0.291929 0.262999
16 0.33106 0.305809
17 0.370218 0.346194
18 0.409774 0.386685
19 0.450459 0.429245
20 0.492722 0.472569
21 0.531116 0.512841
22 0.567722 0.553303
23 0.602958 0.599484
24 0.640041 0.646761
25 0.676421 0.68887
26 0.712508 0.726662
27 0.746459 0.760536
28 0.776671 0.791776
29 0.805596 0.822029
30 0.832094 0.851284
31 0.854111 0.875266
32 0.872 0.89599
33 0.887954 0.914048
34 0.903 0.930103
35 0.916955 0.944185
36 0.929266 0.956513
37 0.940133 0.966795
38 0.948751 0.975476
39 0.958268 0.982321
40 0.9658 0.987423
41 0.971942 0.991112
42 0.977293 0.994097
43 0.982115 0.996101
44 0.986456 0.997604
45 0.990111 0.998794
46 0.992679 0.999602
47 0.994513 0.99996
48 0.99583 1
49 0.996823 1
