1 0.0040176 0.00350233
2 0.00793408 0.0066716
3 0.0121514 0.0102579
4 0.0173203 0.0143912
5 0.0251814 0.0197693
6 0.0359526 0.0271564
7 0.0479562 0.0369608
8 0.0612138 0.0481638
9 0.0780518 0.0622722
10 0.0991462 0.0796776
11 0.124057 0.100516
12 0.150694 0.12387
13 0.180143 0.150126
14 0.21194 0.179769
15 0.245907 0.212121
16 0.282861 0.24526
17 0.32214 0.279901
18 0.361523 0.314773
19 0.401101 0.350291
20 0.44177 0.388352
21 0.481758 0.426836
22 0.521583 0.463358
23 0.560888 0.500524
24 0.600016 0.539005
25 0.638384 0.576346
26 0.676644 0.61545
27 0.715386 0.654179
28 0.752738 0.693242
29 0.78899 0.729187
30 0.821442 0.762489
31 0.851093 0.793521
32 0.877969 0.82236
33 0.901961 0.849199
34 0.922355 0.872963
35 0.939452 0.894378
36 0.954528 0.913913
37 0.966485 0.930829
38 0.975057 0.946286
39 0.982028 0.959244
40 0.987259 0.968937
41 0.991102 0.97734
42 0.9939 0.983047
43 0.995833 0.987414
44 0.997136 0.990729
45 0.997898 0.993227
46 0.998472 0.995441
47 0.998912 0.996765
48 0.999192 0.997588
49 0.999437 0.998257
50 0.999616 0.998747
51 0.999741 0.999154
52 0.999823 0.999443
53 0.999882 0.999671
54 0.999924 0.999834
55 0.999961 0.999935
56 0.999982 0.999982
57 0.999996 1
58 1 1
59 1 1
