1 0.00984217 0.00915826
2 0.0191413 0.0179357
3 0.0293697 0.0269752
4 0.0421821 0.0372495
5 0.056565 0.0499991
6 0.0745888 0.0666189
7 0.0948966 0.0855198
8 0.115498 0.108025
9 0.143602 0.13635
10 0.173026 0.173294
11 0.206813 0.213962
12 0.247425 0.260341
13 0.299435 0.310876
14 0.356322 0.359367
15 0.417283 0.41002
16 0.475379 0.462903
17 0.537673 0.516644
18 0.592462 0.565665
19 0.635989 0.61656
20 0.679049 0.665548
21 0.720006 0.713879
22 0.749846 0.755592
23 0.776489 0.791109
24 0.802864 0.824924
25 0.828005 0.857127
26 0.849619 0.888691
27 0.870009 0.916414
28 0.887958 0.935155
29 0.905939 0.949686
30 0.924774 0.963035
31 0.940823 0.974473
32 0.953814 0.980858
33 0.962702 0.987041
34 0.968134 0.991647
35 0.972342 0.996184
36 0.975795 1
37 0.978647 1
38 0.981921 1
39 0.985009 1
40 0.988632 1
41 0.992734 1
