1 0.00393152 0.00382969
2 0.00772896 0.00751043
3 0.0118035 0.0114706
4 0.0166381 0.0158633
5 0.0243514 0.0214525
6 0.0345306 0.0283922
7 0.0462026 0.0375895
8 0.0586051 0.0483241
9 0.0743933 0.0616256
10 0.0939904 0.0781724
11 0.11786 0.0974211
12 0.143953 0.116995
13 0.17275 0.137874
14 0.20392 0.158982
15 0.237843 0.180028
16 0.273131 0.201194
17 0.311615 0.222325
18 0.349146 0.242927
19 0.387592 0.2635
20 0.426652 0.283939
21 0.466165 0.30347
22 0.504416 0.322475
23 0.542299 0.341727
24 0.580431 0.36164
25 0.618069 0.383312
26 0.656532 0.4048
27 0.695364 0.42424
28 0.733065 0.442843
29 0.769934 0.461638
30 0.803052 0.480897
31 0.834581 0.500541
32 0.863573 0.519336
33 0.889247 0.538174
34 0.910982 0.557449
35 0.929828 0.577785
36 0.947037 0.599504
37 0.960355 0.620202
38 0.970384 0.640302
39 0.978575 0.660683
40 0.9847 0.681624
41 0.989403 0.701707
42 0.992859 0.71879
43 0.995086 0.735267
44 0.996524 0.751491
45 0.997449 0.767346
46 0.998139 0.782317
47 0.998647 0.796778
48 0.999022 0.811054
49 0.999278 0.826045
50 0.999454 0.840096
51 0.999625 0.853979
52 0.999735 0.866503
53 0.999803 0.87871
54 0.999863 0.890244
55 0.999916 0.901634
56 0.999948 0.911096
57 0.999979 0.919724
58 1 0.927818
59 1 0.935422
60 1 0.942696
