1 0.0102519 0.0115851
2 0.0197098 0.022628
3 0.0299539 0.0339193
4 0.0429977 0.046118
5 0.0569121 0.0597111
6 0.0740437 0.0743251
7 0.0924772 0.0946595
8 0.112344 0.116625
9 0.139555 0.14691
10 0.168634 0.180409
11 0.203843 0.223521
12 0.244631 0.268668
13 0.297379 0.311345
14 0.352069 0.357065
15 0.412797 0.40599
16 0.472079 0.450158
17 0.532622 0.490103
18 0.587687 0.527043
19 0.630595 0.561255
20 0.674795 0.590264
21 0.718594 0.619177
22 0.751766 0.644964
23 0.779845 0.668626
24 0.80589 0.69011
25 0.830005 0.709522
26 0.85265 0.727316
27 0.872371 0.742544
28 0.890513 0.755986
29 0.908115 0.768485
30 0.926874 0.77925
31 0.943613 0.789416
32 0.955361 0.798917
33 0.963284 0.8076
34 0.968954 0.81621
35 0.973991 0.824878
36 0.977287 0.833981
37 0.980382 0.843305
38 0.983386 0.855177
39 0.986664 0.866137
40 0.989868 0.877667
41 0.993424 0.887462
42 0.996306 0.896236
43 0.9978 0.90406
44 0.999543 0.911572
45 1 0.918245
46 1 0.924816
