1 0.0101088 0.00980499
2 0.0192863 0.0190531
3 0.0293246 0.0297868
4 0.0422782 0.0416435
5 0.0562847 0.0545143
6 0.0737163 0.0673161
7 0.0927046 0.0849379
8 0.111807 0.105259
9 0.141098 0.128053
10 0.169868 0.161644
11 0.203288 0.197723
12 0.244525 0.237419
13 0.295802 0.278458
14 0.350379 0.320504
15 0.413159 0.368259
16 0.470348 0.417868
17 0.527993 0.470649
18 0.582696 0.530572
19 0.626754 0.58728
20 0.671736 0.635993
21 0.715783 0.678099
22 0.74757 0.715837
23 0.775055 0.748749
24 0.800723 0.779229
25 0.825162 0.808345
26 0.84956 0.83506
27 0.870213 0.858211
28 0.888317 0.883361
29 0.907217 0.905156
30 0.925223 0.922848
31 0.940296 0.938081
32 0.951965 0.951068
33 0.959896 0.961357
34 0.965694 0.968793
35 0.971268 0.975144
36 0.975379 0.979995
37 0.978586 0.983862
38 0.981723 0.986975
39 0.985274 0.989248
40 0.988758 0.990765
41 0.993205 0.991822
42 0.996334 0.992678
43 0.998218 0.993529
44 0.999702 0.994409
45 1 0.995166
46 1 0.99581
