1 0.0102127 0.00763936
2 0.0196589 0.0150034
3 0.0296873 0.0228446
4 0.0421684 0.0322023
5 0.0558573 0.0451374
6 0.0736163 0.0590321
7 0.0922263 0.0754557
8 0.112932 0.0963791
9 0.142955 0.125038
10 0.172793 0.154741
11 0.207729 0.186437
12 0.250746 0.228229
13 0.306566 0.275998
14 0.366727 0.328026
15 0.429544 0.384723
16 0.48817 0.444598
17 0.545225 0.502969
18 0.596973 0.556899
19 0.643094 0.609195
20 0.688785 0.658606
21 0.732379 0.710214
22 0.764151 0.758132
23 0.792991 0.804084
24 0.819337 0.842625
25 0.844113 0.87585
26 0.865713 0.900889
27 0.884451 0.922056
28 0.902568 0.94064
29 0.919794 0.955228
30 0.934899 0.96559
31 0.947903 0.974143
32 0.958694 0.980955
33 0.966488 0.986037
34 0.971952 0.98978
35 0.975646 0.992929
36 0.978596 0.995389
37 0.981386 0.997058
38 0.984192 0.998307
39 0.987309 0.99918
40 0.990309 0.999717
41 0.993646 0.999949
42 0.996745 1
43 0.998808 1
44 0.999771 1
