1 0.0113425 0.0111927
2 0.0234307 0.0219379
3 0.0356047 0.0336261
4 0.0484673 0.0468658
5 0.0616228 0.0657212
6 0.0750004 0.0918436
7 0.0888949 0.12569
8 0.105092 0.16039
9 0.130686 0.202206
10 0.158451 0.250719
11 0.198226 0.306422
12 0.244562 0.369209
13 0.294292 0.425597
14 0.342032 0.483103
15 0.383373 0.538094
16 0.41845 0.58877
17 0.452898 0.635545
18 0.485592 0.680311
19 0.514044 0.726442
20 0.540549 0.771868
21 0.565501 0.821313
22 0.59009 0.861305
23 0.613874 0.893138
24 0.635896 0.917363
25 0.656489 0.935521
26 0.675768 0.950509
27 0.694812 0.963273
28 0.712783 0.972881
29 0.7299 0.981596
30 0.746106 0.992829
31 0.761963 0.997726
32 0.777913 0.999038
33 0.793538 0.999713
34 0.809238 0.999937
35 0.82454 1
36 0.839662 1
37 0.853502 1
38 0.866193 1
39 0.878763 1
