1 0.0110832 0.0115961
2 0.0234475 0.0228005
3 0.036103 0.0341056
4 0.0488225 0.045286
5 0.0621631 0.0565016
6 0.0757798 0.0688032
7 0.0898662 0.0808844
8 0.106365 0.0989972
9 0.131821 0.119449
10 0.157726 0.144325
11 0.195241 0.176572
12 0.239027 0.213662
13 0.287144 0.259257
14 0.334176 0.307401
15 0.374817 0.358039
16 0.41312 0.407944
17 0.447829 0.460436
18 0.480258 0.510971
19 0.510834 0.560513
20 0.538232 0.611541
21 0.563806 0.654461
22 0.588562 0.695008
23 0.613288 0.733947
24 0.635566 0.769995
25 0.656598 0.800038
26 0.676122 0.830869
27 0.694827 0.855452
28 0.71363 0.879705
29 0.731039 0.898932
30 0.74859 0.916363
31 0.765291 0.934524
32 0.781672 0.949352
33 0.79744 0.962183
34 0.812854 0.975481
35 0.82725 0.983219
36 0.841446 0.988042
37 0.855204 0.991662
38 0.868291 0.994274
39 0.881791 0.996261
40 0.893916 0.997855
41 0.90603 0.998933
42 0.916783 0.999801
43 0.927058 1
44 0.936202 1
45 0.945087 1
46 0.953312 1
47 0.960158 1
48 0.966676 1
49 0.972341 1
