1 0.0198123 0.0175053
2 0.038784 0.0333491
3 0.058131 0.0502864
4 0.0791368 0.0671527
5 0.101407 0.0844686
6 0.123171 0.101936
7 0.14554 0.120999
8 0.170584 0.139527
9 0.202713 0.157652
10 0.254847 0.178026
11 0.323265 0.198684
12 0.38712 0.221098
13 0.454074 0.241079
14 0.518161 0.258225
15 0.574145 0.27618
16 0.622413 0.296644
17 0.666399 0.315962
18 0.701032 0.33467
19 0.726887 0.351375
20 0.748542 0.367389
21 0.765509 0.383735
22 0.782571 0.399058
23 0.80003 0.414575
24 0.815046 0.428407
25 0.828827 0.441983
26 0.844263 0.456975
27 0.858574 0.472383
28 0.871375 0.487205
29 0.886436 0.502206
30 0.899553 0.517756
31 0.913466 0.532327
32 0.925532 0.547465
33 0.937474 0.563205
34 0.94954 0.577643
35 0.959632 0.591953
36 0.967968 0.610002
37 0.975496 0.629093
38 0.982879 0.646192
39 0.988707 0.663849
40 0.992603 0.680303
41 0.99589 0.692847
42 0.99851 0.711285
43 0.999685 0.728502
44 1 0.744672
45 1 0.761974
46 1 0.778656
