1 0.0101145 0.00924859
2 0.0191606 0.0179722
3 0.0296427 0.0269891
4 0.0427379 0.0379403
5 0.0594473 0.0539335
6 0.082176 0.0789308
7 0.109904 0.10487
8 0.140326 0.136508
9 0.181283 0.170877
10 0.226216 0.212467
11 0.276841 0.258918
12 0.331368 0.308311
13 0.397829 0.369978
14 0.465379 0.428728
15 0.524137 0.487633
16 0.580673 0.551338
17 0.642574 0.613209
18 0.692357 0.674939
19 0.736319 0.731903
20 0.776934 0.781239
21 0.815414 0.823244
22 0.849985 0.860648
23 0.88037 0.88992
24 0.907226 0.913723
25 0.929546 0.933742
26 0.947858 0.950722
27 0.962976 0.964596
28 0.974487 0.975742
29 0.983408 0.984747
30 0.989701 0.990998
31 0.994002 0.994888
32 0.996841 0.997215
33 0.99834 0.998591
34 0.999112 0.999356
35 0.999655 0.999685
36 0.999968 0.999911
37 1 0.999998
