1 0.0067353 0.00693067
2 0.0131533 0.0134213
3 0.0202628 0.0201644
4 0.0283777 0.0282427
5 0.0396523 0.0396916
6 0.0528417 0.0566907
7 0.0694288 0.0736107
8 0.0909069 0.0921929
9 0.115634 0.113008
10 0.144427 0.13998
11 0.181275 0.1738
12 0.218539 0.21615
13 0.259263 0.259972
14 0.308984 0.302652
15 0.358749 0.346494
16 0.408276 0.392251
17 0.458884 0.44426
18 0.511121 0.49771
19 0.562516 0.549385
20 0.607786 0.594794
21 0.64976 0.642215
22 0.688192 0.685851
23 0.722838 0.725115
24 0.756936 0.761653
25 0.790014 0.79579
26 0.823217 0.828524
27 0.853517 0.858676
28 0.882282 0.885939
29 0.908059 0.91095
30 0.931603 0.934493
31 0.949171 0.955904
32 0.962238 0.96857
33 0.972156 0.977369
34 0.979818 0.984044
35 0.986187 0.98868
36 0.990601 0.992227
37 0.994246 0.995231
38 0.997073 0.997339
39 0.998924 0.998766
40 0.999578 0.999636
41 0.999849 0.999979
42 0.999992 1
43 1 1
