1 0.00847821 0.00921046
2 0.0163202 0.0181074
3 0.0257773 0.0278148
4 0.0385462 0.0383351
5 0.0538209 0.0508988
6 0.070519 0.0670955
7 0.0877349 0.0858143
8 0.109603 0.106995
9 0.129737 0.13563
10 0.155878 0.175557
11 0.189722 0.221232
12 0.230218 0.27022
13 0.274984 0.325898
14 0.31857 0.384043
15 0.362763 0.44486
16 0.404462 0.501233
17 0.449021 0.562789
18 0.497103 0.623945
19 0.544365 0.683725
20 0.595217 0.736639
21 0.64264 0.779896
22 0.686374 0.820325
23 0.723083 0.856008
24 0.755128 0.885857
25 0.783357 0.908867
26 0.809216 0.928127
27 0.833735 0.942934
28 0.857357 0.953926
29 0.879903 0.963063
30 0.898525 0.971124
31 0.914467 0.977124
32 0.92802 0.981688
33 0.94028 0.985601
34 0.951101 0.988949
35 0.96044 0.991243
36 0.968584 0.993472
37 0.975588 0.995274
38 0.981377 0.996578
39 0.986092 0.997919
40 0.98997 0.998745
41 0.992491 0.999239
42 0.994482 0.999599
43 0.995981 0.999761
44 0.997157 0.999892
45 0.998088 0.999987
46 0.998786 1
