1 0.0115733 0.0135319
2 0.0219307 0.0260873
3 0.0333369 0.0393663
4 0.0462791 0.0564612
5 0.0646436 0.078196
6 0.0896818 0.102382
7 0.120871 0.12713
8 0.151282 0.154858
9 0.188864 0.197164
10 0.234585 0.252517
11 0.288117 0.313116
12 0.343918 0.374799
13 0.40406 0.43981
14 0.471445 0.508078
15 0.53707 0.578251
16 0.601152 0.64474
17 0.653842 0.698303
18 0.698905 0.74679
19 0.738752 0.786105
20 0.774425 0.819221
21 0.806428 0.850184
22 0.838457 0.876693
23 0.867904 0.902749
24 0.891278 0.924692
25 0.914482 0.948951
26 0.934357 0.972091
27 0.949796 0.989131
28 0.961244 0.997514
29 0.971602 0.999903
30 0.978912 1
31 0.98634 1
