1 0.0139839 0.011054
2 0.0270445 0.0218712
3 0.041186 0.0338782
4 0.0555752 0.0476298
5 0.072265 0.0625712
6 0.101314 0.0816733
7 0.128715 0.110134
8 0.157024 0.14403
9 0.195099 0.182171
10 0.249371 0.224979
11 0.311559 0.276694
12 0.380961 0.339306
13 0.457786 0.401349
14 0.523468 0.452072
15 0.584537 0.504185
16 0.640844 0.561814
17 0.705033 0.619145
18 0.755992 0.667046
19 0.806125 0.711733
20 0.846399 0.75265
21 0.881163 0.788315
22 0.909169 0.822045
23 0.933755 0.85617
24 0.955046 0.88746
25 0.971462 0.914301
26 0.982458 0.935188
27 0.99055 0.95126
28 0.995132 0.965655
29 0.997613 0.97788
30 0.999058 0.988148
31 0.999786 0.994486
32 1 0.997339
33 1 0.998914
