1 0.0138863 0.024216
2 0.0274385 0.0467234
3 0.04158 0.0690607
4 0.0572152 0.0927959
5 0.0755714 0.114926
6 0.105074 0.140096
7 0.13517 0.164216
8 0.164076 0.188462
9 0.202188 0.214593
10 0.25565 0.241176
11 0.315744 0.266176
12 0.385453 0.290163
13 0.464785 0.313935
14 0.533443 0.338654
15 0.596228 0.363905
16 0.653811 0.389763
17 0.718731 0.416006
18 0.771278 0.439283
19 0.820844 0.459216
20 0.859279 0.477197
21 0.893496 0.494904
22 0.922094 0.512108
23 0.945127 0.530362
24 0.962571 0.548972
25 0.975759 0.56912
26 0.984815 0.589223
27 0.99222 0.607204
28 0.996442 0.622973
29 0.99854 0.637596
30 0.999505 0.651361
31 0.999936 0.667781
32 0.999996 0.683365
33 1 0.699364
