1 0.0101393 0.00997917
2 0.0196007 0.0191877
3 0.0290434 0.0285072
4 0.0393062 0.0377544
5 0.0502528 0.0476899
6 0.0614263 0.0596231
7 0.0743522 0.0715185
8 0.0902341 0.0860097
9 0.109589 0.103242
10 0.135161 0.126724
11 0.168447 0.158304
12 0.210595 0.195794
13 0.252281 0.238304
14 0.293167 0.275241
15 0.33627 0.312727
16 0.384344 0.347342
17 0.436551 0.384236
18 0.486942 0.420764
19 0.534043 0.457071
20 0.585626 0.487029
21 0.631225 0.514013
22 0.676646 0.540979
23 0.728624 0.568448
24 0.765106 0.596907
25 0.80008 0.623118
26 0.83606 0.643814
27 0.866518 0.665419
28 0.894385 0.690301
29 0.920465 0.716354
30 0.940718 0.743781
31 0.956313 0.771041
32 0.969362 0.798484
33 0.97847 0.823517
34 0.98582 0.844744
35 0.991405 0.864218
36 0.995129 0.881617
37 0.997471 0.89806
38 0.999028 0.91361
39 0.999739 0.930408
40 0.999973 0.944539
41 1 0.955498
42 1 0.965069
43 1 0.972708
44 1 0.979487
45 1 0.984799
46 1 0.989065
