1 0.0142438 0.0151862
2 0.0274846 0.029486
3 0.0419522 0.0472207
4 0.0586381 0.0748784
5 0.08174 0.107098
6 0.104734 0.141748
7 0.129159 0.184623
8 0.163511 0.23124
9 0.206439 0.280068
10 0.256235 0.339335
11 0.314653 0.405282
12 0.370397 0.474312
13 0.427095 0.534078
14 0.484904 0.592533
15 0.554846 0.65627
16 0.633075 0.716497
17 0.695008 0.766857
18 0.762921 0.808052
19 0.814622 0.844777
20 0.860401 0.877649
21 0.898013 0.905054
22 0.927272 0.92948
23 0.951439 0.947455
24 0.973152 0.96269
25 0.991358 0.975432
26 0.999387 0.984808
27 0.999985 0.991622
28 1 0.995826
29 1 0.998387
30 1 0.999846
31 1 1
32 1 1
