1 0.010293 0.0135901
2 0.0196311 0.0270222
3 0.0307878 0.0408296
4 0.0440842 0.057158
5 0.0595681 0.0752123
6 0.0780946 0.0942074
7 0.106437 0.117074
8 0.134635 0.14283
9 0.172841 0.172148
10 0.212665 0.206106
11 0.261942 0.243625
12 0.31322 0.281931
13 0.367383 0.316899
14 0.419221 0.352017
15 0.471732 0.386933
16 0.519664 0.41856
17 0.562444 0.452422
18 0.603253 0.502254
19 0.646382 0.546825
20 0.68801 0.589274
21 0.724768 0.628119
22 0.755158 0.663894
23 0.785211 0.697533
24 0.806816 0.733079
25 0.825638 0.766373
26 0.84263 0.804869
27 0.858216 0.840758
28 0.873715 0.876556
29 0.887819 0.902978
30 0.900532 0.927052
31 0.909384 0.94564
32 0.91752 0.960763
33 0.926662 0.9748
34 0.93576 0.98777
35 0.944848 0.993091
36 0.953112 0.996395
37 0.960575 0.998802
38 0.966793 0.999519
39 0.971923 0.999891
40 0.976487 1
41 0.981211 1
42 0.985562 1
