1 0.0108312 0.0129339
2 0.0210373 0.0260009
3 0.0322526 0.0408356
4 0.0461003 0.0586639
5 0.0613824 0.0878512
6 0.0802431 0.120326
7 0.110434 0.154913
8 0.139631 0.19759
9 0.173392 0.247319
10 0.213281 0.309008
11 0.260386 0.384128
12 0.313733 0.471299
13 0.366593 0.554275
14 0.42268 0.642668
15 0.476654 0.726152
16 0.523921 0.80933
17 0.568594 0.867567
18 0.611191 0.912925
19 0.6539 0.946478
20 0.693164 0.969449
21 0.727598 0.985652
22 0.757415 0.992668
23 0.788171 0.996534
24 0.809392 0.99888
25 0.82849 0.999835
26 0.847661 1
27 0.864514 1
