1 0.030256 0.0144403
2 0.05896 0.0277334
3 0.087152 0.0414853
4 0.115664 0.0556696
5 0.144016 0.0721241
6 0.173288 0.0932689
7 0.20516 0.116747
8 0.238112 0.142707
9 0.275352 0.173641
10 0.32724 0.211895
11 0.402888 0.260283
12 0.483728 0.324799
13 0.574392 0.387721
14 0.645928 0.45373
15 0.704504 0.511284
16 0.75188 0.563381
17 0.790136 0.610803
18 0.820448 0.655001
19 0.846968 0.699348
20 0.870696 0.737479
21 0.89104 0.772441
22 0.910152 0.806048
23 0.926736 0.838435
24 0.941352 0.863029
25 0.953352 0.884898
26 0.963088 0.902934
27 0.971024 0.920217
28 0.977944 0.932648
29 0.983912 0.942833
30 0.988968 0.954121
31 0.99264 0.964355
32 0.995504 0.973928
33 0.997256 0.981007
34 0.998968 0.985656
35 0.9996 0.989509
36 1 0.992387
