1 0.031736 0.0165837
2 0.061488 0.0318571
3 0.090128 0.0512857
4 0.118208 0.0726327
5 0.147384 0.0956735
6 0.177256 0.12391
7 0.207088 0.153604
8 0.236176 0.188527
9 0.272184 0.231122
10 0.32476 0.283294
11 0.39892 0.344073
12 0.479792 0.404278
13 0.5758 0.460282
14 0.650264 0.522171
15 0.706856 0.577122
16 0.7552 0.628098
17 0.793136 0.674192
18 0.823088 0.720257
19 0.850432 0.759967
20 0.87356 0.795767
21 0.893304 0.827645
22 0.911016 0.86031
23 0.925992 0.892771
24 0.939424 0.920445
25 0.951312 0.939261
26 0.961048 0.960429
27 0.969192 0.975384
28 0.975688 0.986718
29 0.981464 0.993376
30 0.986672 0.99809
31 0.991392 0.999857
32 0.994688 1
33 0.99728 1
34 0.999216 1
