1 0.030144 0.0123457
2 0.058832 0.0245786
3 0.087768 0.0381375
4 0.116624 0.0560067
5 0.14508 0.0782198
6 0.173864 0.10392
7 0.203336 0.130889
8 0.234672 0.165978
9 0.277448 0.214077
10 0.338424 0.277735
11 0.413416 0.34792
12 0.493768 0.417342
13 0.58588 0.488965
14 0.661936 0.562457
15 0.718232 0.626334
16 0.759384 0.689599
17 0.796832 0.748371
18 0.829 0.800924
19 0.85592 0.843621
20 0.877912 0.880914
21 0.898328 0.912507
22 0.917704 0.938479
23 0.933704 0.959646
24 0.946184 0.976824
25 0.95692 0.988441
26 0.965856 0.993891
27 0.973264 0.996802
28 0.979288 0.998726
29 0.98456 0.999759
30 0.98912 1
31 0.992648 1
32 0.995384 1
33 0.99732 1
34 0.998936 1
