1 0.00543554 0.00461632
2 0.0107636 0.00899271
3 0.0167719 0.0135604
4 0.0236029 0.0185688
5 0.0317037 0.0251771
6 0.0418132 0.0345128
7 0.0539413 0.0446972
8 0.0713715 0.0568656
9 0.0939008 0.0707458
10 0.12149 0.0897101
11 0.155226 0.117293
12 0.190639 0.148155
13 0.229567 0.181156
14 0.269465 0.217527
15 0.311258 0.25619
16 0.355969 0.295769
17 0.403704 0.335134
18 0.454319 0.373638
19 0.503133 0.412979
20 0.554075 0.451939
21 0.603495 0.494084
22 0.650071 0.538808
23 0.692871 0.581848
24 0.733389 0.624355
25 0.768842 0.664988
26 0.802817 0.70176
27 0.8412 0.736005
28 0.879399 0.769055
29 0.908816 0.796724
30 0.93232 0.819327
31 0.951498 0.838774
32 0.965086 0.855886
33 0.974893 0.871747
34 0.981713 0.88547
35 0.986869 0.897365
36 0.990748 0.908091
37 0.993456 0.916353
38 0.995414 0.922579
39 0.996762 0.927757
40 0.997914 0.932399
41 0.998716 0.936817
42 0.999232 0.940981
43 0.999505 0.944851
44 0.99968 0.94879
45 0.999797 0.952542
46 0.999887 0.956234
47 0.999947 0.959778
48 0.999995 0.963193
49 1 0.966334
