1 0.01204 0.0115292
2 0.023536 0.0226189
3 0.035434 0.033487
4 0.047626 0.0449248
5 0.060794 0.0579092
6 0.080962 0.0717253
7 0.101318 0.0856974
8 0.12407 0.0995566
9 0.151862 0.115133
10 0.182998 0.135163
11 0.223988 0.158545
12 0.278868 0.18488
13 0.328166 0.214433
14 0.376438 0.24762
15 0.425304 0.282599
16 0.475228 0.316858
17 0.521292 0.347068
18 0.56072 0.374453
19 0.597712 0.399605
20 0.632542 0.422834
21 0.667062 0.444051
22 0.70095 0.465293
23 0.73071 0.486594
24 0.758502 0.507115
25 0.78664 0.527307
26 0.81303 0.549378
27 0.832688 0.57032
28 0.849472 0.59066
29 0.864152 0.610408
30 0.878364 0.629649
31 0.89263 0.648132
32 0.904764 0.664176
33 0.919414 0.678674
34 0.933574 0.694184
35 0.944422 0.708787
36 0.954782 0.723044
37 0.962392 0.736322
38 0.967784 0.748733
39 0.972212 0.761075
40 0.976066 0.772994
41 0.979652 0.784651
42 0.98312 0.79718
43 0.985648 0.810324
44 0.988202 0.823608
45 0.990386 0.836475
46 0.992332 0.849765
47 0.99416 0.862382
48 0.995762 0.873487
49 0.997102 0.883822
50 0.99825 0.894266
51 0.99917 0.904991
52 0.999836 0.915872
53 1 0.926086
