1 0.0142001 0.012313
2 0.0282389 0.0245464
3 0.0444243 0.0381371
4 0.0639456 0.0556891
5 0.0929705 0.0769841
6 0.130542 0.101323
7 0.177541 0.129778
8 0.225976 0.16598
9 0.287145 0.20653
10 0.350108 0.259301
11 0.41747 0.309737
12 0.483411 0.362026
13 0.543799 0.423906
14 0.606616 0.488193
15 0.661033 0.546153
16 0.709952 0.603473
17 0.751932 0.656555
18 0.787992 0.705731
19 0.819889 0.751066
20 0.849806 0.792365
21 0.8736 0.826662
22 0.893505 0.85768
23 0.911882 0.88197
24 0.927992 0.901981
25 0.941915 0.919917
26 0.953313 0.935502
27 0.962389 0.947604
28 0.970204 0.960526
29 0.976447 0.975274
30 0.981965 0.9834
31 0.986641 0.987195
32 0.990285 0.990402
33 0.993409 0.992666
34 0.995742 0.994726
35 0.997334 0.99635
36 0.998468 0.997521
37 0.999365 0.998456
38 0.999814 0.999301
39 1 0.999969
40 1 1
