1 0.0129705 0.00862687
2 0.0254549 0.01676
3 0.0384073 0.0248637
4 0.052205 0.0333194
5 0.065629 0.0421232
6 0.0797986 0.0520514
7 0.0969741 0.0623943
8 0.118531 0.0741413
9 0.144766 0.0897493
10 0.173493 0.109981
11 0.220972 0.139241
12 0.283127 0.170326
13 0.341491 0.203847
14 0.39542 0.238057
15 0.446099 0.271042
16 0.495421 0.303205
17 0.540684 0.336192
18 0.5839 0.369213
19 0.627049 0.403671
20 0.66498 0.442543
21 0.697068 0.476924
22 0.727416 0.509121
23 0.756542 0.539496
24 0.783521 0.569302
25 0.809714 0.598693
26 0.83651 0.626689
27 0.861518 0.653385
28 0.885344 0.679112
29 0.909504 0.703113
30 0.932528 0.726001
31 0.95259 0.748062
32 0.967782 0.769373
33 0.977301 0.792337
34 0.984415 0.813065
35 0.989693 0.830391
36 0.994005 0.846636
37 0.996646 0.86186
38 0.998219 0.876059
39 0.999552 0.888403
40 1 0.899653
41 1 0.909532
