1 0.0131937 0.0106171
2 0.0258957 0.0207986
3 0.0391601 0.0311083
4 0.0525315 0.0414123
5 0.0666395 0.0523067
6 0.0809433 0.0660225
7 0.0988898 0.0813065
8 0.122073 0.0978124
9 0.145693 0.117615
10 0.175265 0.140685
11 0.222534 0.167621
12 0.283953 0.196337
13 0.339742 0.234041
14 0.390823 0.270352
15 0.438607 0.305859
16 0.4882 0.339308
17 0.535086 0.372098
18 0.5801 0.402243
19 0.623661 0.431129
20 0.660675 0.455532
21 0.695298 0.47514
22 0.724782 0.492778
23 0.751004 0.508033
24 0.777767 0.522708
25 0.803075 0.536657
26 0.826376 0.548679
27 0.851833 0.559355
28 0.875909 0.569011
29 0.901723 0.579062
30 0.926444 0.589186
31 0.950228 0.599552
32 0.96695 0.610074
33 0.975946 0.620919
34 0.983303 0.63119
35 0.989286 0.641849
36 0.993731 0.652283
37 0.996566 0.662004
38 0.998113 0.674051
39 0.999508 0.685358
40 1 0.697449
41 1 0.711451
