1 0.0114217 0.010477
2 0.0225073 0.0213902
3 0.0339996 0.0346707
4 0.0455403 0.0482698
5 0.0576663 0.0629156
6 0.0705499 0.0817711
7 0.0857821 0.104473
8 0.105425 0.131944
9 0.132584 0.166787
10 0.163859 0.204883
11 0.201466 0.248368
12 0.26058 0.298033
13 0.31184 0.351467
14 0.361234 0.408939
15 0.408457 0.464357
16 0.460427 0.519459
17 0.509583 0.569379
18 0.554006 0.613313
19 0.597475 0.652221
20 0.645888 0.688649
21 0.690503 0.723613
22 0.736956 0.756479
23 0.776594 0.786125
24 0.811811 0.812803
25 0.845597 0.833895
26 0.879221 0.85246
27 0.906863 0.869861
28 0.931598 0.886182
29 0.950419 0.901908
30 0.962755 0.914616
31 0.973824 0.92542
32 0.981815 0.934078
33 0.987932 0.942296
34 0.992891 0.949372
35 0.995307 0.955769
36 0.997185 0.961239
37 0.998564 0.965797
38 0.999231 0.969722
39 0.99968 0.973953
40 0.999962 0.978318
41 1 0.982631
42 1 0.986728
