1 0.00678009 0.00899924
2 0.0131842 0.0176719
3 0.0206942 0.026725
4 0.029288 0.0367309
5 0.0423556 0.0492063
6 0.0581453 0.0629543
7 0.075482 0.0785675
8 0.0955682 0.103971
9 0.118498 0.135598
10 0.146915 0.170536
11 0.181115 0.209524
12 0.222105 0.253332
13 0.270641 0.306733
14 0.318873 0.364589
15 0.374861 0.426823
16 0.427801 0.487316
17 0.478217 0.551987
18 0.525683 0.608865
19 0.573117 0.661557
20 0.620119 0.710381
21 0.663192 0.754509
22 0.701016 0.795095
23 0.735409 0.83207
24 0.767763 0.863974
25 0.796691 0.8911
26 0.823189 0.91312
27 0.847572 0.932881
28 0.869411 0.948016
29 0.890045 0.9603
30 0.90719 0.969615
31 0.923104 0.977399
32 0.936415 0.984176
33 0.94804 0.989637
34 0.958469 0.993876
35 0.967592 0.998224
36 0.974669 0.999786
37 0.98064 0.999987
38 0.986753 1
39 0.990685 1
