1 0.010794 0.0167251
2 0.0203828 0.0318759
3 0.0307798 0.0502959
4 0.0425685 0.0728756
5 0.0578828 0.099977
6 0.0835657 0.139816
7 0.110744 0.189451
8 0.143816 0.25129
9 0.190017 0.318374
10 0.236673 0.404252
11 0.285829 0.50104
12 0.337826 0.575248
13 0.389679 0.638857
14 0.441503 0.699598
15 0.490591 0.767377
16 0.538528 0.832623
17 0.580149 0.889543
18 0.618492 0.940057
19 0.654289 0.969721
20 0.691992 0.983143
21 0.723655 0.989664
22 0.75392 0.993783
23 0.780314 0.99572
24 0.805158 0.997041
25 0.825593 0.998104
26 0.844598 0.998839
27 0.862283 0.999276
28 0.879244 0.999638
29 0.895234 0.999925
30 0.910035 1
31 0.924612 1
