1 0.0048536 0.00495372
2 0.00953174 0.00981529
3 0.0146041 0.0149785
4 0.0203658 0.0204665
5 0.0265908 0.0274194
6 0.0340317 0.036905
7 0.0434619 0.0494587
8 0.0553269 0.0636178
9 0.0708063 0.0806442
10 0.0913868 0.0999884
11 0.118498 0.122962
12 0.148946 0.151144
13 0.184054 0.183934
14 0.219173 0.218619
15 0.254789 0.255609
16 0.291884 0.293421
17 0.329593 0.332224
18 0.366447 0.371048
19 0.407842 0.41138
20 0.450525 0.455469
21 0.492151 0.501945
22 0.537563 0.547302
23 0.585607 0.592279
24 0.631922 0.638511
25 0.674336 0.680237
26 0.71372 0.719311
27 0.751422 0.75413
28 0.787579 0.786791
29 0.818546 0.818071
30 0.846275 0.844243
31 0.869233 0.867008
32 0.889541 0.889388
33 0.906666 0.910276
34 0.922544 0.926913
35 0.938876 0.940949
36 0.954265 0.953291
37 0.963251 0.964357
38 0.969525 0.973481
39 0.974353 0.98099
40 0.977913 0.986219
41 0.980631 0.989569
42 0.983228 0.992207
43 0.985775 0.994888
44 0.988271 0.997055
45 0.990455 0.998264
46 0.992194 0.999215
47 0.993583 0.999869
48 0.994644 1
49 0.995771 1
50 0.996731 1
51 0.997746 1
