1 0.00432361 0.00368829
2 0.00845668 0.00713737
3 0.012874 0.010905
4 0.0177551 0.0153413
5 0.0235701 0.0215785
6 0.0308286 0.028893
7 0.0400385 0.0365307
8 0.0502248 0.0450698
9 0.0625749 0.0554991
10 0.0792731 0.0695466
11 0.100583 0.0896217
12 0.126196 0.114361
13 0.155201 0.13929
14 0.18539 0.165213
15 0.218326 0.192802
16 0.252918 0.220014
17 0.290829 0.24792
18 0.328576 0.277999
19 0.366279 0.308601
20 0.406361 0.341099
21 0.447636 0.374756
22 0.487376 0.41023
23 0.52522 0.446522
24 0.563295 0.482274
25 0.604425 0.517339
26 0.643318 0.551078
27 0.680158 0.584312
28 0.714076 0.616124
29 0.747107 0.648125
30 0.779231 0.681324
31 0.812131 0.713349
32 0.841611 0.743953
33 0.868445 0.772014
34 0.893042 0.798582
35 0.914951 0.821814
36 0.933287 0.843319
37 0.948251 0.862624
38 0.960917 0.879693
39 0.972665 0.894839
40 0.981737 0.909365
41 0.988286 0.923302
42 0.992832 0.938275
43 0.9954 0.950943
44 0.997202 0.960607
45 0.99839 0.9689
46 0.999001 0.975714
47 0.999399 0.980197
48 0.999712 0.983676
49 0.999902 0.98705
50 0.99999 0.990454
51 1 0.993
52 1 0.994947
53 1 0.996525
54 1 0.997798
55 1 0.998673
