1 0.00437566 0.00431641
2 0.00844743 0.00854248
3 0.0127878 0.0129251
4 0.0176926 0.017782
5 0.0238535 0.0250153
6 0.0312475 0.033223
7 0.0401324 0.0436066
8 0.0506328 0.0563266
9 0.0634628 0.073938
10 0.0810343 0.094761
11 0.102363 0.118817
12 0.128384 0.14351
13 0.157662 0.170758
14 0.188779 0.200693
15 0.221438 0.233582
16 0.254946 0.268478
17 0.291649 0.303102
18 0.32886 0.338961
19 0.367009 0.374668
20 0.407362 0.412921
21 0.449619 0.448886
22 0.49032 0.485192
23 0.527803 0.522064
24 0.566423 0.560278
25 0.606722 0.59786
26 0.646185 0.637724
27 0.68345 0.674455
28 0.717938 0.708311
29 0.749944 0.739956
30 0.781971 0.771395
31 0.813584 0.800887
32 0.843476 0.829453
33 0.86949 0.854835
34 0.893438 0.878554
35 0.914579 0.899867
36 0.932722 0.918116
37 0.948192 0.935074
38 0.960889 0.949654
39 0.972878 0.960959
40 0.981925 0.970011
41 0.988298 0.977191
42 0.99282 0.983306
43 0.995498 0.988144
44 0.9972 0.991784
45 0.998355 0.994485
46 0.999054 0.996561
47 0.999475 0.998004
48 0.999734 0.998836
49 0.999881 0.9994
50 0.999974 0.999732
51 1 0.999861
52 1 0.999928
53 1 0.999973
54 1 0.999994
55 1 1
