1 0.00427561 0.00439164
2 0.00839885 0.0087591
3 0.0127375 0.0134616
4 0.0175957 0.0187574
5 0.0234368 0.0246766
6 0.0308971 0.031157
7 0.039734 0.0391935
8 0.0498079 0.0490318
9 0.0620428 0.0608091
10 0.0791435 0.0768994
11 0.100248 0.09525
12 0.126181 0.118068
13 0.155267 0.144235
14 0.186512 0.175229
15 0.220406 0.205311
16 0.253891 0.236707
17 0.291256 0.267507
18 0.329636 0.299939
19 0.367653 0.333857
20 0.408017 0.371685
21 0.450192 0.409675
22 0.490558 0.446888
23 0.528388 0.484243
24 0.567218 0.519186
25 0.607038 0.553488
26 0.646423 0.587547
27 0.683731 0.61954
28 0.717921 0.648551
29 0.750367 0.67736
30 0.782286 0.704277
31 0.814372 0.730745
32 0.844303 0.755894
33 0.870912 0.779169
34 0.894867 0.802176
35 0.916101 0.82425
36 0.934432 0.843884
37 0.9493 0.86253
38 0.962185 0.879607
39 0.974088 0.895138
40 0.982915 0.909221
41 0.988872 0.922184
42 0.993078 0.93458
43 0.99546 0.945319
44 0.997146 0.955138
45 0.998351 0.963148
46 0.999037 0.97005
47 0.999447 0.976565
48 0.999742 0.982491
49 0.999914 0.987589
50 0.999993 0.991642
51 1 0.994647
52 1 0.996668
53 1 0.998139
54 1 0.998923
55 1 0.999423
