1 0.00578174 0.00656617
2 0.011357 0.0125962
3 0.0170795 0.0186654
4 0.0232216 0.0249405
5 0.0293422 0.0321141
6 0.0356839 0.0401035
7 0.04238 0.0501705
8 0.0502442 0.0625395
9 0.0628678 0.0793589
10 0.081687 0.103556
11 0.104849 0.134361
12 0.131542 0.164219
13 0.159539 0.197172
14 0.188499 0.229724
15 0.220107 0.262037
16 0.250644 0.297696
17 0.283689 0.333436
18 0.320553 0.37087
19 0.357214 0.409276
20 0.39093 0.449353
21 0.424762 0.488375
22 0.458846 0.526433
23 0.491232 0.563905
24 0.522853 0.601903
25 0.55255 0.64252
26 0.58195 0.683871
27 0.608064 0.721024
28 0.632703 0.756848
29 0.658151 0.788
30 0.684366 0.817234
31 0.709368 0.845981
32 0.730632 0.872639
33 0.749911 0.898267
34 0.769144 0.920708
35 0.786484 0.939078
36 0.803088 0.952981
37 0.819148 0.963945
38 0.835219 0.972031
39 0.850834 0.978848
40 0.865481 0.985159
41 0.87921 0.990724
42 0.892254 0.99433
43 0.904891 0.99641
44 0.916631 0.997772
45 0.927811 0.998669
46 0.938696 0.999122
47 0.948968 0.999417
48 0.958762 0.99963
49 0.966829 0.999805
50 0.973364 0.999914
51 0.979117 0.99998
52 0.984025 1
53 0.987957 1
54 0.990953 1
