1 0.0123235 0.0116272
2 0.024084 0.0229554
3 0.0357086 0.0348469
4 0.049642 0.0516476
5 0.0676543 0.0705937
6 0.0891556 0.0901785
7 0.111973 0.11134
8 0.137237 0.134008
9 0.16442 0.165638
10 0.199237 0.20904
11 0.249331 0.282497
12 0.311037 0.351456
13 0.365202 0.420778
14 0.422158 0.483388
15 0.474126 0.544192
16 0.529538 0.609342
17 0.588778 0.670068
18 0.643469 0.732368
19 0.689262 0.796943
20 0.729765 0.858238
21 0.766044 0.89838
22 0.796928 0.929374
23 0.82438 0.95163
24 0.851746 0.967447
25 0.872681 0.977892
26 0.888459 0.985083
27 0.901548 0.989981
28 0.914437 0.993462
29 0.926474 0.996031
30 0.938007 0.997709
31 0.949422 0.998903
32 0.960296 0.999535
33 0.969393 0.999858
34 0.976973 1
