1 0.00338371 0.00334173
2 0.00665132 0.00654348
3 0.0101958 0.0098215
4 0.0143225 0.013436
5 0.0189444 0.0177983
6 0.023881 0.0231197
7 0.0296358 0.0293124
8 0.0368003 0.0373428
9 0.0460163 0.0484382
10 0.0595319 0.0620587
11 0.0771221 0.0795561
12 0.097275 0.0992756
13 0.121606 0.122774
14 0.146896 0.147834
15 0.172335 0.173813
16 0.198825 0.20189
17 0.227232 0.230982
18 0.256657 0.261015
19 0.28815 0.291648
20 0.320189 0.323654
21 0.354526 0.358503
22 0.38974 0.395987
23 0.427691 0.433749
24 0.464861 0.470558
25 0.501766 0.50563
26 0.538398 0.540868
27 0.577253 0.576291
28 0.617561 0.611389
29 0.658313 0.644238
30 0.696772 0.675425
31 0.730994 0.705857
32 0.764487 0.73468
33 0.79799 0.765147
34 0.827467 0.793847
35 0.854967 0.817944
36 0.881146 0.838081
37 0.905518 0.856408
38 0.926037 0.874739
39 0.944517 0.891301
40 0.961477 0.90653
41 0.974056 0.920765
42 0.98287 0.933382
43 0.989223 0.9449
44 0.993979 0.95654
45 0.996696 0.966305
46 0.998509 0.974987
47 0.999285 0.981697
48 0.99971 0.987157
49 0.999908 0.991032
50 0.999995 0.993871
51 1 0.995849
52 1 0.99737
53 1 0.998386
54 1 0.999167
55 1 0.999813
