1 0.00342855 0.00299167
2 0.00673548 0.00584961
3 0.010332 0.00881117
4 0.0143479 0.012227
5 0.0189635 0.0161941
6 0.0240361 0.0211956
7 0.0299843 0.0273532
8 0.0371371 0.0348509
9 0.0463212 0.0440015
10 0.059922 0.0554719
11 0.0787076 0.0706898
12 0.100143 0.0888539
13 0.125059 0.108851
14 0.150599 0.13013
15 0.176518 0.150737
16 0.203179 0.171365
17 0.230989 0.192266
18 0.26069 0.213903
19 0.291343 0.236953
20 0.32284 0.262059
21 0.356579 0.288891
22 0.392057 0.315219
23 0.430046 0.343303
24 0.467903 0.370926
25 0.504235 0.398603
26 0.541628 0.4279
27 0.581554 0.456784
28 0.62169 0.485982
29 0.661015 0.516011
30 0.698987 0.547612
31 0.732999 0.579127
32 0.766581 0.610232
33 0.800142 0.640299
34 0.830061 0.669744
35 0.857464 0.699035
36 0.883889 0.728731
37 0.907486 0.756015
38 0.927653 0.782473
39 0.946116 0.807418
40 0.963099 0.830303
41 0.97496 0.852355
42 0.983828 0.872442
43 0.989867 0.890673
44 0.994002 0.907299
45 0.996575 0.922729
46 0.998297 0.936462
47 0.9992 0.947992
48 0.999693 0.957918
49 0.999924 0.966628
50 0.999992 0.973656
51 1 0.979673
52 1 0.98463
53 1 0.988611
54 1 0.991511
55 1 0.993723
