1 0.00336626 0.00363242
2 0.00656004 0.00705189
3 0.0100636 0.0105659
4 0.0140891 0.0145459
5 0.0185996 0.0189231
6 0.0236828 0.0235139
7 0.029714 0.0289566
8 0.0369552 0.0357369
9 0.0462712 0.0453305
10 0.0600379 0.0577807
11 0.0784553 0.0748921
12 0.09931 0.0962718
13 0.123282 0.120309
14 0.148255 0.147508
15 0.173456 0.174142
16 0.199649 0.201822
17 0.227145 0.231063
18 0.256646 0.261237
19 0.287925 0.293635
20 0.320153 0.325122
21 0.354814 0.359501
22 0.389835 0.394777
23 0.427162 0.430773
24 0.463505 0.467599
25 0.499967 0.505938
26 0.537372 0.546064
27 0.576973 0.586606
28 0.617264 0.626974
29 0.657244 0.665589
30 0.695244 0.700992
31 0.729448 0.733732
32 0.762982 0.764308
33 0.796543 0.794002
34 0.826801 0.822275
35 0.854421 0.848794
36 0.881039 0.873802
37 0.905442 0.897793
38 0.926396 0.919578
39 0.944629 0.937463
40 0.9615 0.952411
41 0.974154 0.965156
42 0.983155 0.974754
43 0.989484 0.982285
44 0.993823 0.987842
45 0.996543 0.99208
46 0.998371 0.995564
47 0.999266 0.997765
48 0.999703 0.998992
49 0.999933 0.999542
50 0.999992 0.999835
51 1 0.999961
52 1 0.999997
53 1 1
54 1 1
55 1 1
