1 0.0083663 0.00804691
2 0.0158775 0.0156632
3 0.0237084 0.0231123
4 0.032568 0.0320627
5 0.0453952 0.0448231
6 0.065114 0.0613591
7 0.0902214 0.0845463
8 0.116972 0.111953
9 0.147994 0.14506
10 0.18049 0.185479
11 0.223437 0.227747
12 0.26978 0.270984
13 0.312898 0.316859
14 0.358273 0.365336
15 0.405089 0.41311
16 0.4503 0.457793
17 0.494147 0.506213
18 0.532804 0.552461
19 0.571314 0.596901
20 0.608796 0.640117
21 0.645407 0.67821
22 0.677889 0.711294
23 0.707685 0.742155
24 0.73346 0.770638
25 0.757297 0.795998
26 0.779179 0.819025
27 0.800961 0.839975
28 0.820705 0.85901
29 0.84048 0.875087
30 0.858719 0.890211
31 0.876403 0.903479
32 0.893576 0.916471
33 0.910201 0.928097
34 0.925887 0.937797
35 0.93928 0.945896
36 0.951268 0.95351
37 0.963047 0.960463
38 0.97092 0.96643
39 0.976568 0.971744
40 0.981087 0.976273
41 0.984793 0.980285
42 0.988296 0.98372
43 0.991651 0.986805
44 0.994295 0.989667
45 0.995862 0.99202
46 0.996962 0.994135
47 0.997896 0.995588
48 0.998505 0.996515
49 0.999104 0.997311
50 0.99947 0.997966
51 0.999682 0.998481
52 0.999801 0.998802
53 1 0.99915
54 1 0.999429
