1 0.00533201 0.00437527
2 0.0104628 0.00862704
3 0.015722 0.0130499
4 0.0218191 0.0178647
5 0.0284698 0.0236295
6 0.036328 0.0310723
7 0.0462009 0.0408846
8 0.0582835 0.053636
9 0.0740793 0.069019
10 0.0963414 0.0885728
11 0.123965 0.111242
12 0.156618 0.137072
13 0.187075 0.169606
14 0.21896 0.204765
15 0.250668 0.239851
16 0.286689 0.275236
17 0.326702 0.30969
18 0.370102 0.345879
19 0.415638 0.385571
20 0.4612 0.427651
21 0.508111 0.47185
22 0.555066 0.515857
23 0.600042 0.560807
24 0.643766 0.606068
25 0.688113 0.648555
26 0.730906 0.690908
27 0.77217 0.73126
28 0.809999 0.767468
29 0.842924 0.800879
30 0.873132 0.829771
31 0.901606 0.854973
32 0.927541 0.878481
33 0.947851 0.90033
34 0.963915 0.920326
35 0.975424 0.937685
36 0.983265 0.951486
37 0.988354 0.963073
38 0.992548 0.972016
39 0.996206 0.979211
40 0.998308 0.985075
41 0.999631 0.989722
42 0.999849 0.993099
43 0.999954 0.995491
44 0.999998 0.997124
45 1 0.998253
46 1 0.998997
47 1 0.999467
