1 0.00480363 0.005513
2 0.00950447 0.010952
3 0.0146513 0.0167825
4 0.0202418 0.024301
5 0.0275063 0.0327985
6 0.0365139 0.0436125
7 0.0464794 0.0569535
8 0.0587969 0.072196
9 0.0733731 0.092982
10 0.0934274 0.119144
11 0.119078 0.150979
12 0.148214 0.190563
13 0.181894 0.233056
14 0.218047 0.27999
15 0.252446 0.328877
16 0.286444 0.376324
17 0.32358 0.426383
18 0.362798 0.473907
19 0.401596 0.521458
20 0.443137 0.5666
21 0.487467 0.611546
22 0.532897 0.661987
23 0.579281 0.711225
24 0.624313 0.757545
25 0.666652 0.798999
26 0.707007 0.836461
27 0.746236 0.868785
28 0.78078 0.89682
29 0.814991 0.92049
30 0.848006 0.940607
31 0.876132 0.956627
32 0.900117 0.967668
33 0.919834 0.975963
34 0.936696 0.982549
35 0.950389 0.98725
36 0.961245 0.991329
37 0.969874 0.994538
38 0.977495 0.996911
39 0.983779 0.998543
40 0.988803 0.999401
41 0.992484 0.999731
42 0.995249 0.999921
43 0.997165 0.99999
44 0.998382 1
45 0.999114 1
46 0.999529 1
47 0.999756 1
48 0.999889 1
