1 0.0168835 0.0103822
2 0.0327419 0.0208523
3 0.0520812 0.0318827
4 0.0761342 0.0482774
5 0.103262 0.0696539
6 0.132357 0.0950568
7 0.169131 0.124739
8 0.211988 0.1661
9 0.259298 0.222149
10 0.313455 0.281439
11 0.366613 0.343022
12 0.416961 0.412639
13 0.465182 0.484827
14 0.514584 0.548812
15 0.559313 0.606996
16 0.599953 0.660586
17 0.638486 0.709184
18 0.675499 0.749677
19 0.703283 0.785114
20 0.727784 0.816534
21 0.751217 0.843786
22 0.773689 0.867862
23 0.793678 0.887944
24 0.812966 0.904037
25 0.830297 0.917136
26 0.848465 0.92751
27 0.865832 0.936748
28 0.882237 0.944243
29 0.896233 0.951198
30 0.908288 0.957221
31 0.919272 0.962818
32 0.931602 0.968241
33 0.942071 0.973567
34 0.951868 0.978722
35 0.960291 0.983184
36 0.967893 0.986774
37 0.975068 0.989424
38 0.981332 0.991428
39 0.98577 0.993236
40 0.989412 0.994837
41 0.992565 0.996235
42 0.995281 0.997412
43 0.996982 0.998383
44 0.998111 0.999124
45 0.998861 0.999579
46 0.999396 0.999871
47 0.999615 0.999995
48 0.999834 1
