1 0.00414477 0.00331666
2 0.008065 0.00652718
3 0.0121343 0.00983674
4 0.0167319 0.0137955
5 0.0219903 0.0188899
6 0.0287544 0.0262819
7 0.0370556 0.0352662
8 0.0474378 0.0466485
9 0.0601844 0.0606279
10 0.076717 0.0767873
11 0.0985045 0.0966636
12 0.124081 0.117488
13 0.152431 0.140003
14 0.182708 0.16322
15 0.212209 0.186778
16 0.242285 0.212377
17 0.275446 0.23882
18 0.312083 0.266096
19 0.348942 0.294804
20 0.386422 0.325309
21 0.424666 0.356474
22 0.462468 0.387464
23 0.500861 0.420458
24 0.54225 0.453855
25 0.585631 0.487272
26 0.626753 0.521608
27 0.665913 0.557956
28 0.702148 0.593667
29 0.736193 0.628593
30 0.767093 0.663879
31 0.797619 0.699616
32 0.823865 0.732145
33 0.847604 0.762115
34 0.869677 0.790211
35 0.8912 0.817125
36 0.913682 0.842893
37 0.931051 0.866782
38 0.945363 0.887544
39 0.958792 0.905656
40 0.970126 0.922197
41 0.97838 0.937951
42 0.984481 0.951268
43 0.989312 0.962154
44 0.993033 0.971496
45 0.995418 0.979132
46 0.997021 0.985343
47 0.99785 0.990693
48 0.998495 0.994541
49 0.999056 0.996702
50 0.999533 0.99848
51 0.999691 0.999767
52 0.999871 0.99995
53 1 0.99999
54 1 1
55 1 1
56 1 1
