1 0.00419499 0.00356369
2 0.00811499 0.0069543
3 0.0122835 0.0105751
4 0.0170234 0.0145469
5 0.0223484 0.019027
6 0.0289632 0.0248726
7 0.0372977 0.0320577
8 0.0474091 0.0416085
9 0.0603947 0.0539632
10 0.0771604 0.0683525
11 0.0991489 0.0863985
12 0.1252 0.107451
13 0.154643 0.130289
14 0.186667 0.154518
15 0.216263 0.179305
16 0.247303 0.206659
17 0.280366 0.236523
18 0.317646 0.26956
19 0.354387 0.303926
20 0.391714 0.338028
21 0.429919 0.373642
22 0.468156 0.409885
23 0.507657 0.44623
24 0.550262 0.48367
25 0.59395 0.523296
26 0.634168 0.562571
27 0.673089 0.600335
28 0.710361 0.6372
29 0.743937 0.671906
30 0.775625 0.705207
31 0.805433 0.737261
32 0.83167 0.768459
33 0.855159 0.797599
34 0.876525 0.824708
35 0.896771 0.85047
36 0.918878 0.873941
37 0.936138 0.894589
38 0.949432 0.914025
39 0.962 0.929297
40 0.972341 0.941881
41 0.980146 0.95299
42 0.985796 0.962635
43 0.99039 0.969707
44 0.993885 0.975541
45 0.996052 0.980194
46 0.997576 0.98446
47 0.998386 0.988269
48 0.998925 0.991572
49 0.999374 0.993933
50 0.999702 0.995588
51 0.999823 0.996879
52 0.999926 0.997978
53 1 0.998864
54 1 0.999536
55 1 0.999824
56 1 0.999952
