1 0.01312 0.0107549
2 0.0254825 0.0208629
3 0.0382814 0.0311631
4 0.0519896 0.0424094
5 0.0667955 0.05329
6 0.082697 0.0654982
7 0.0993253 0.0785382
8 0.117057 0.0935202
9 0.135119 0.112735
10 0.153583 0.144038
11 0.173545 0.184395
12 0.193833 0.2339
13 0.21737 0.27823
14 0.244064 0.321616
15 0.274739 0.365217
16 0.304796 0.413539
17 0.334327 0.46283
18 0.362489 0.511357
19 0.389387 0.556656
20 0.415827 0.597069
21 0.441428 0.636684
22 0.476674 0.671083
23 0.510484 0.701688
24 0.539798 0.732883
25 0.567092 0.762578
26 0.591621 0.790299
27 0.615098 0.817072
28 0.636957 0.840975
29 0.658972 0.863435
30 0.679969 0.883933
31 0.699616 0.902627
32 0.71984 0.920812
33 0.738895 0.936769
34 0.75659 0.951498
35 0.77322 0.964833
36 0.789546 0.976465
37 0.804694 0.98521
38 0.819606 0.99168
39 0.834921 0.996747
40 0.848918 0.999284
41 0.861926 0.999927
42 0.874123 1
43 0.885848 1
44 0.897028 1
45 0.908114 1
