1 0.00860862 0.0087887
2 0.0165146 0.0171402
3 0.0244719 0.0258257
4 0.0324724 0.0346941
5 0.0408036 0.0438478
6 0.0500131 0.0532483
7 0.0621738 0.0629236
8 0.0777451 0.0747335
9 0.0959074 0.0924357
10 0.119264 0.125929
11 0.154374 0.163673
12 0.193171 0.19949
13 0.236695 0.237914
14 0.278033 0.27814
15 0.318905 0.320077
16 0.368183 0.35967
17 0.409203 0.404499
18 0.449647 0.446443
19 0.489424 0.487008
20 0.529564 0.528136
21 0.572251 0.571328
22 0.60906 0.611579
23 0.641604 0.650317
24 0.670929 0.688098
25 0.699061 0.721355
26 0.725695 0.750219
27 0.750104 0.77711
28 0.773719 0.801429
29 0.796437 0.823496
30 0.816571 0.844583
31 0.836653 0.864465
32 0.855573 0.882625
33 0.872304 0.899904
34 0.888913 0.915737
35 0.905528 0.930228
36 0.920285 0.944075
37 0.934229 0.956626
38 0.947595 0.967538
39 0.960604 0.97655
40 0.971497 0.984101
41 0.980697 0.990514
42 0.989215 0.995353
43 0.996545 0.997664
44 0.999411 0.998905
45 0.999975 0.999682
46 1 0.999977
47 1 1
48 1 1
49 1 1
50 1 1
