1 0.0084834 0.00833565
2 0.0164146 0.016223
3 0.0244827 0.0243642
4 0.032467 0.0327395
5 0.0410189 0.0413311
6 0.050804 0.0511654
7 0.0634242 0.0623616
8 0.078928 0.07427
9 0.0976163 0.0898651
10 0.121417 0.115796
11 0.15868 0.146471
12 0.197948 0.183595
13 0.241116 0.22196
14 0.281741 0.259805
15 0.321201 0.301239
16 0.3687 0.343542
17 0.408409 0.384523
18 0.446111 0.423511
19 0.485141 0.462973
20 0.52306 0.503183
21 0.565723 0.541074
22 0.603758 0.576402
23 0.637888 0.61221
24 0.668814 0.643044
25 0.697815 0.671458
26 0.724103 0.698529
27 0.749029 0.723914
28 0.772605 0.747535
29 0.794514 0.770411
30 0.816517 0.791595
31 0.837081 0.812122
32 0.85602 0.831776
33 0.874727 0.850575
34 0.892399 0.868379
35 0.908855 0.88465
36 0.924516 0.89926
37 0.939468 0.912513
38 0.952592 0.924322
39 0.964596 0.935487
40 0.97414 0.945851
41 0.98258 0.955872
42 0.990764 0.963379
43 0.997246 0.969633
44 0.999519 0.975035
45 0.999984 0.980573
46 1 0.985875
47 1 0.990705
48 1 0.994596
49 1 0.997078
50 1 0.998391
