1 0.00857259 0.0104693
2 0.0164344 0.0200992
3 0.0241971 0.0300527
4 0.0323319 0.0401587
5 0.0410324 0.0504979
6 0.050568 0.0618302
7 0.0629116 0.0755335
8 0.0787992 0.0900428
9 0.0968848 0.105788
10 0.121295 0.12726
11 0.158454 0.157718
12 0.199114 0.192791
13 0.241746 0.243539
14 0.281234 0.300959
15 0.320368 0.355137
16 0.367571 0.407361
17 0.407309 0.458304
18 0.447601 0.507548
19 0.487513 0.555465
20 0.52591 0.601145
21 0.56888 0.646088
22 0.606801 0.692828
23 0.639368 0.737154
24 0.669078 0.776543
25 0.696904 0.812678
26 0.723167 0.849632
27 0.747525 0.893914
28 0.770264 0.926176
29 0.792159 0.948727
30 0.813205 0.971455
31 0.833535 0.982966
32 0.852614 0.989001
33 0.870631 0.99312
34 0.88823 0.996253
35 0.905546 0.998264
36 0.92134 0.999412
37 0.936391 1
38 0.949309 1
39 0.96177 1
40 0.972717 1
41 0.982678 1
42 0.991039 1
