1 0.00567 0.00627787
2 0.0109645 0.0122414
3 0.0166385 0.0185385
4 0.023332 0.0254056
5 0.031385 0.0326624
6 0.0409075 0.0401817
7 0.051889 0.0496857
8 0.0660295 0.0644094
9 0.0822685 0.0854955
10 0.102791 0.110556
11 0.128984 0.13933
12 0.15892 0.173332
13 0.189774 0.206777
14 0.223606 0.244737
15 0.261295 0.283557
16 0.301787 0.320539
17 0.346302 0.361252
18 0.391656 0.404795
19 0.438783 0.448681
20 0.486509 0.495209
21 0.531362 0.539888
22 0.575304 0.584162
23 0.619751 0.627546
24 0.660423 0.666987
25 0.699185 0.703595
26 0.736799 0.73881
27 0.770829 0.767796
28 0.802205 0.795374
29 0.833104 0.819926
30 0.860462 0.843323
31 0.884687 0.864485
32 0.906014 0.884492
33 0.925347 0.901451
34 0.941761 0.916208
35 0.95553 0.929622
36 0.96746 0.941735
37 0.976477 0.952252
38 0.983875 0.961327
39 0.98929 0.96864
40 0.992926 0.974023
41 0.995283 0.978502
42 0.997084 0.982487
43 0.998659 0.985726
44 0.999714 0.98845
45 0.999964 0.99064
46 1 0.992544
47 1 0.994443
48 1 0.995981
