1 0.00760633 0.00717752
2 0.0144963 0.0137265
3 0.0219009 0.0205103
4 0.030646 0.0276221
5 0.0406866 0.0368957
6 0.0514138 0.0482214
7 0.0633749 0.0607875
8 0.0771861 0.0757727
9 0.0971331 0.0977357
10 0.125047 0.124526
11 0.157437 0.157565
12 0.198123 0.197063
13 0.239369 0.243009
14 0.279416 0.290111
15 0.320064 0.334954
16 0.358581 0.37805
17 0.396778 0.416435
18 0.43601 0.45555
19 0.480901 0.500587
20 0.532694 0.5478
21 0.581918 0.599749
22 0.630641 0.652142
23 0.675923 0.702195
24 0.713272 0.746249
25 0.745761 0.784865
26 0.777421 0.818459
27 0.806332 0.848519
28 0.83271 0.875423
29 0.855739 0.901576
30 0.878997 0.923268
31 0.900474 0.941126
32 0.916775 0.953077
33 0.930817 0.962268
34 0.944308 0.969514
35 0.954687 0.975545
36 0.963096 0.980793
37 0.971139 0.985702
38 0.978681 0.989697
39 0.984255 0.992788
40 0.990783 0.994841
41 0.997025 0.996258
42 0.99925 0.997448
43 0.999974 0.998378
44 1 0.999112
45 1 0.999621
46 1 0.999923
47 1 0.999999
48 1 1
