1 0.00607784 0.00666858
2 0.0117693 0.0127556
3 0.0176368 0.0192046
4 0.0248326 0.0266711
5 0.0353641 0.0361742
6 0.0494254 0.0465798
7 0.0654174 0.0599974
8 0.0825112 0.0756405
9 0.103762 0.0958326
10 0.132166 0.120705
11 0.163868 0.150597
12 0.200831 0.18806
13 0.242358 0.232201
14 0.286015 0.274284
15 0.329862 0.316652
16 0.375005 0.357316
17 0.423547 0.403826
18 0.475101 0.454542
19 0.526071 0.502272
20 0.576443 0.548866
21 0.624976 0.598374
22 0.671041 0.644632
23 0.714848 0.689156
24 0.755723 0.729753
25 0.796244 0.767558
26 0.832335 0.803253
27 0.862077 0.834332
28 0.89061 0.862027
29 0.915466 0.889463
30 0.935381 0.912194
31 0.953344 0.928567
32 0.969289 0.942306
33 0.980331 0.95467
34 0.988701 0.964848
35 0.994155 0.973093
36 0.996969 0.979658
37 0.998944 0.985876
38 0.999644 0.992153
39 0.999959 0.994458
40 1 0.99587
41 1 0.99705
42 1 0.998047
43 1 0.998692
44 1 0.99918
45 1 0.999593
