1 0.0229592 0.0230237
2 0.0472676 0.0443732
3 0.0755102 0.0661558
4 0.106803 0.0922532
5 0.143209 0.120267
6 0.188367 0.150629
7 0.243481 0.204948
8 0.306485 0.279
9 0.376644 0.369454
10 0.447834 0.457276
11 0.529025 0.541799
12 0.607653 0.63576
13 0.681406 0.718767
14 0.742834 0.795677
15 0.797483 0.854827
16 0.839977 0.902441
17 0.874444 0.941125
18 0.90542 0.965015
19 0.93246 0.98055
20 0.952211 0.988738
21 0.967063 0.993228
22 0.978152 0.995777
23 0.985147 0.997801
24 0.990215 0.998984
25 0.993651 0.999625
26 0.995805 0.999917
27 0.997494 0.999983
28 0.998424 1
29 1 1
30 1 1
