1 0.00644791 0.00669766
2 0.0125283 0.013151
3 0.0188841 0.0200508
4 0.0264696 0.0285078
5 0.0384628 0.0390949
6 0.0547622 0.0514749
7 0.0725584 0.0690538
8 0.0931018 0.088285
9 0.119515 0.111375
10 0.149662 0.140726
11 0.185483 0.173528
12 0.22871 0.210517
13 0.279231 0.24765
14 0.328583 0.287781
15 0.379516 0.328169
16 0.431233 0.368515
17 0.483648 0.408287
18 0.530698 0.446857
19 0.571972 0.486098
20 0.609788 0.52281
21 0.647145 0.55723
22 0.682197 0.590753
23 0.716388 0.623923
24 0.74731 0.655023
25 0.776174 0.684635
26 0.80455 0.714994
27 0.832819 0.748047
28 0.855992 0.777821
29 0.876096 0.804626
30 0.89338 0.830309
31 0.909208 0.851947
32 0.924301 0.871721
33 0.937145 0.8891
34 0.948403 0.903094
35 0.959091 0.916905
36 0.967324 0.933515
37 0.973645 0.947497
38 0.978633 0.959067
39 0.982609 0.969095
40 0.986043 0.981397
41 0.988993 0.991515
42 0.99199 0.998275
43 0.994957 1
44 0.996971 1
45 0.998029 1
46 0.998958 1
47 0.999566 1
