1 0.0064655 0.00876778
2 0.0123762 0.0169646
3 0.0185373 0.026336
4 0.0258434 0.0386486
5 0.0372196 0.053318
6 0.0528824 0.0717051
7 0.0698401 0.0991811
8 0.0889892 0.125852
9 0.111804 0.1547
10 0.140518 0.188668
11 0.174734 0.232372
12 0.215101 0.288149
13 0.263253 0.346424
14 0.312218 0.40724
15 0.36435 0.473458
16 0.413946 0.534483
17 0.462442 0.589746
18 0.506751 0.640698
19 0.548051 0.686832
20 0.587044 0.730911
21 0.626798 0.770567
22 0.665394 0.804283
23 0.701872 0.834771
24 0.736517 0.860936
25 0.768983 0.885292
26 0.799483 0.909656
27 0.826959 0.930852
28 0.849937 0.949343
29 0.870478 0.962422
30 0.889025 0.973785
31 0.906921 0.984446
32 0.923596 0.99159
33 0.936943 0.997055
34 0.948672 0.999293
35 0.959904 0.999733
36 0.968343 0.999937
37 0.974368 0.999994
38 0.979081 1
39 0.983153 1
40 0.986592 1
