1 0.00428789 0.00412784
2 0.00834512 0.0080837
3 0.0125762 0.0121343
4 0.0169656 0.0167774
5 0.0222062 0.0217297
6 0.028698 0.0274458
7 0.0366297 0.034268
8 0.0455434 0.0433868
9 0.0577775 0.0574762
10 0.0745035 0.0757062
11 0.0931092 0.0980288
12 0.112746 0.122303
13 0.132368 0.150064
14 0.153269 0.179378
15 0.176847 0.208305
16 0.202548 0.238454
17 0.231715 0.27238
18 0.263234 0.308558
19 0.296582 0.347634
20 0.333401 0.388835
21 0.370984 0.430837
22 0.407645 0.472495
23 0.444941 0.511206
24 0.483031 0.54827
25 0.522067 0.586049
26 0.561382 0.62525
27 0.598349 0.667623
28 0.631717 0.707898
29 0.663809 0.74294
30 0.693452 0.775064
31 0.722084 0.804358
32 0.74924 0.833202
33 0.774756 0.859424
34 0.796583 0.883718
35 0.816143 0.904511
36 0.835903 0.923011
37 0.853114 0.940739
38 0.867297 0.956242
39 0.879033 0.968638
40 0.889497 0.976658
41 0.898532 0.982654
42 0.906171 0.987005
43 0.91259 0.990726
44 0.918244 0.994487
45 0.923226 0.997184
46 0.928176 0.998885
47 0.933062 0.999546
48 0.937995 0.999926
49 0.942969 1
50 0.94792 1
51 0.953513 1
52 0.95981 1
53 0.965563 1
