1 0.00451387 0.0036634
2 0.00885449 0.00726271
3 0.0133535 0.0109067
4 0.0179859 0.0150258
5 0.0231869 0.0208564
6 0.0294799 0.0275844
7 0.0370563 0.03495
8 0.0461869 0.0451047
9 0.0587002 0.0585681
10 0.0758807 0.0728829
11 0.0940826 0.0894879
12 0.113532 0.110143
13 0.132963 0.13373
14 0.153917 0.160895
15 0.177671 0.190438
16 0.203565 0.22149
17 0.232094 0.252279
18 0.263439 0.28317
19 0.29633 0.315617
20 0.332182 0.350367
21 0.369667 0.384375
22 0.406196 0.420663
23 0.444001 0.457837
24 0.482088 0.493823
25 0.521621 0.528796
26 0.562439 0.563328
27 0.599538 0.596224
28 0.633575 0.628933
29 0.66552 0.659819
30 0.695729 0.690246
31 0.724116 0.719033
32 0.751272 0.746912
33 0.776632 0.772774
34 0.798696 0.794376
35 0.818238 0.814222
36 0.838072 0.833232
37 0.855269 0.850686
38 0.869147 0.866941
39 0.880474 0.882761
40 0.890585 0.89764
41 0.899422 0.909909
42 0.906948 0.91971
43 0.913642 0.928135
44 0.920031 0.936331
45 0.925282 0.944001
46 0.930446 0.950922
47 0.935353 0.957071
48 0.94013 0.962732
49 0.945091 0.967356
50 0.950068 0.971705
51 0.955359 0.976288
52 0.961413 0.979161
53 0.967047 0.981645
54 0.97137 0.983813
55 0.97546 0.985903
56 0.979285 0.988018
57 0.98316 0.990015
58 0.98657 0.991749
59 0.990136 0.993206
60 0.992483 0.994485
61 0.994461 0.99561
62 0.995994 0.996521
63 0.997426 0.997185
64 0.9985 0.997735
65 0.999383 0.998146
66 0.999913 0.998475
67 1 0.998809
68 1 0.999299
69 1 0.999667
70 1 0.999869
71 1 0.999959
