1 0.00519794 0.00588714
2 0.0102704 0.0117814
3 0.0160142 0.0181095
4 0.0226645 0.0251898
5 0.0317447 0.0337791
6 0.0420432 0.0435705
7 0.054473 0.0553009
8 0.069047 0.0694822
9 0.0860938 0.0889004
10 0.10786 0.111668
11 0.136021 0.140804
12 0.168836 0.173825
13 0.204679 0.214422
14 0.242414 0.255369
15 0.285198 0.295858
16 0.325139 0.337889
17 0.362826 0.381847
18 0.404514 0.426996
19 0.449033 0.473691
20 0.488593 0.517808
21 0.524994 0.560672
22 0.559087 0.602774
23 0.59248 0.642011
24 0.627918 0.679619
25 0.662825 0.719086
26 0.696109 0.75479
27 0.729811 0.785877
28 0.762041 0.81577
29 0.788696 0.842462
30 0.812313 0.867317
31 0.833806 0.891107
32 0.853842 0.911998
33 0.8738 0.928807
34 0.89198 0.943017
35 0.90874 0.954056
36 0.924682 0.962093
37 0.93823 0.968086
38 0.94895 0.97302
39 0.96002 0.977085
40 0.969992 0.98037
41 0.978458 0.982935
42 0.984916 0.985146
43 0.989742 0.987216
44 0.99358 0.989366
45 0.996118 0.991408
46 0.997479 0.993323
47 0.998413 0.995026
48 0.999343 0.99649
49 0.999872 0.998005
50 1 0.998943
