1 0.0023815 0.00317274
2 0.00463627 0.00616106
3 0.00703233 0.00920459
4 0.00969854 0.0123345
5 0.0128744 0.0157448
6 0.0168663 0.0192277
7 0.0217111 0.0229018
8 0.0278554 0.0271709
9 0.0360218 0.032152
10 0.0471345 0.0401609
11 0.0610818 0.0514819
12 0.0773893 0.0662473
13 0.0947005 0.0820304
14 0.113458 0.0981336
15 0.134864 0.115335
16 0.157568 0.13289
17 0.182703 0.151555
18 0.208732 0.171039
19 0.236734 0.191342
20 0.265985 0.212662
21 0.295692 0.235395
22 0.326286 0.258965
23 0.357909 0.284676
24 0.390791 0.310507
25 0.425253 0.334537
26 0.460411 0.357229
27 0.495453 0.380402
28 0.529868 0.40325
29 0.562951 0.425736
30 0.596322 0.451024
31 0.629118 0.476787
32 0.661052 0.504197
33 0.691954 0.533814
34 0.721101 0.561326
35 0.749022 0.588496
36 0.776413 0.615387
37 0.802758 0.641943
38 0.827123 0.667447
39 0.849737 0.694266
40 0.869841 0.722296
41 0.888221 0.747858
42 0.904648 0.770946
43 0.919053 0.792526
44 0.931667 0.811842
45 0.942792 0.830173
46 0.953103 0.846523
47 0.961957 0.862737
48 0.969645 0.879016
49 0.97642 0.894588
50 0.981712 0.908179
51 0.986066 0.920908
52 0.989325 0.932659
53 0.992002 0.943164
54 0.994278 0.953812
55 0.996171 0.962968
56 0.997447 0.970576
57 0.998307 0.975883
58 0.998965 0.980155
59 0.999427 0.9836
60 0.999707 0.986402
61 0.999885 0.988813
62 0.999981 0.991326
63 0.999999 0.994084
64 1 0.9959
65 1 0.997097
66 1 0.998017
67 1 0.998514
