1 0.00826043 0.00727463
2 0.0159103 0.014308
3 0.0236358 0.0219066
4 0.0315659 0.0305227
5 0.0431765 0.0457572
6 0.0593862 0.0639706
7 0.0783164 0.0820675
8 0.0989664 0.101118
9 0.122386 0.125179
10 0.149859 0.157668
11 0.186033 0.189201
12 0.225437 0.228054
13 0.268238 0.273874
14 0.309891 0.327841
15 0.351671 0.384212
16 0.396166 0.436245
17 0.445116 0.486434
18 0.491273 0.53578
19 0.534015 0.582726
20 0.577901 0.626952
21 0.619991 0.669454
22 0.659613 0.707975
23 0.695091 0.746197
24 0.729674 0.785353
25 0.763304 0.829715
26 0.794987 0.863657
27 0.824013 0.889437
28 0.849283 0.909904
29 0.868415 0.926089
30 0.885754 0.939836
31 0.90181 0.951045
32 0.916569 0.959911
33 0.929343 0.96717
34 0.941125 0.973464
35 0.953141 0.978845
36 0.964595 0.983352
37 0.974411 0.987387
38 0.981992 0.99076
39 0.987619 0.993539
40 0.991945 0.995795
41 0.994755 0.997428
42 0.996607 0.998332
43 0.997973 0.998928
44 0.999026 0.999281
45 0.999754 0.999543
46 1 0.999734
47 1 0.999889
48 1 0.99997
