1 0.00831051 0.00940493
2 0.0161692 0.0182055
3 0.0240237 0.0271257
4 0.0322361 0.0380456
5 0.0438468 0.0566855
6 0.0596175 0.0773049
7 0.0772902 0.100434
8 0.0953647 0.128733
9 0.115801 0.161956
10 0.140074 0.201808
11 0.175631 0.24557
12 0.216736 0.291812
13 0.258087 0.341554
14 0.300326 0.391026
15 0.34318 0.444496
16 0.388251 0.502899
17 0.439045 0.558472
18 0.48488 0.608853
19 0.527001 0.655839
20 0.570708 0.697509
21 0.612384 0.735127
22 0.65123 0.771215
23 0.68852 0.805883
24 0.723845 0.83478
25 0.759607 0.864163
26 0.794773 0.890166
27 0.827795 0.910667
28 0.851598 0.928339
29 0.869761 0.943498
30 0.885744 0.953465
31 0.901442 0.962005
32 0.915532 0.968109
33 0.927997 0.973329
34 0.939101 0.977914
35 0.950815 0.982429
36 0.962231 0.985904
37 0.971841 0.98925
38 0.980032 0.992826
39 0.985687 0.995361
40 0.990122 0.997051
41 0.993311 0.997908
42 0.995828 0.998365
43 0.99754 0.998707
44 0.998688 0.998985
45 0.999648 0.999224
46 1 0.999556
47 1 0.999835
48 1 0.99998
