1 0.00754325 0.00915417
2 0.014482 0.0178912
3 0.022634 0.0277643
4 0.0327999 0.0403114
5 0.0460561 0.0584102
6 0.0595904 0.0789196
7 0.0758915 0.101738
8 0.0944001 0.12941
9 0.115363 0.164873
10 0.142065 0.209477
11 0.176458 0.252997
12 0.212629 0.294535
13 0.252787 0.337382
14 0.297171 0.384654
15 0.342702 0.4305
16 0.387324 0.473647
17 0.429683 0.518995
18 0.466676 0.559879
19 0.501909 0.597426
20 0.534909 0.633381
21 0.567785 0.667964
22 0.599929 0.700577
23 0.630926 0.735273
24 0.659884 0.771817
25 0.688499 0.800479
26 0.714546 0.823447
27 0.738857 0.84387
28 0.763558 0.860448
29 0.78472 0.877224
30 0.803726 0.895319
31 0.821239 0.911663
32 0.836346 0.92861
33 0.849591 0.943766
34 0.861876 0.953741
35 0.872756 0.962684
36 0.883096 0.973468
37 0.892417 0.980619
38 0.90239 0.985692
39 0.910547 0.988893
40 0.917722 0.99179
41 0.924952 0.994239
42 0.931235 0.995829
43 0.936735 0.997057
44 0.942191 0.997987
45 0.947148 0.998854
46 0.951422 0.999608
47 0.955218 0.999952
48 0.958898 1
