1 0.00785114 0.00853917
2 0.0152136 0.0164073
3 0.0238825 0.0246881
4 0.034643 0.0333827
5 0.0487593 0.0452142
6 0.0618346 0.059184
7 0.0788984 0.0759567
8 0.098195 0.0962497
9 0.120119 0.119367
10 0.148838 0.144353
11 0.183312 0.173297
12 0.221528 0.203431
13 0.261652 0.23607
14 0.3076 0.273612
15 0.355473 0.311146
16 0.403412 0.345378
17 0.446165 0.380447
18 0.484563 0.417494
19 0.519966 0.448632
20 0.552999 0.478407
21 0.585243 0.507514
22 0.618261 0.5353
23 0.649335 0.56517
24 0.678427 0.59368
25 0.710242 0.622362
26 0.737286 0.645749
27 0.763453 0.665058
28 0.788684 0.683526
29 0.809768 0.700141
30 0.828296 0.715548
31 0.845224 0.729837
32 0.860158 0.742797
33 0.872433 0.754439
34 0.883394 0.766072
35 0.893803 0.778737
36 0.903128 0.794304
37 0.911676 0.809752
38 0.920929 0.82308
39 0.928412 0.837405
40 0.935657 0.854432
41 0.942097 0.871312
42 0.947838 0.885462
43 0.95268 0.896384
44 0.957184 0.907841
45 0.961086 0.918336
46 0.965025 0.926976
47 0.968326 0.934293
48 0.971393 0.942198
49 0.974053 0.951034
50 0.97673 0.959845
51 0.979148 0.968338
52 0.981491 0.976136
53 0.983647 0.98364
54 0.985435 0.990218
55 0.987453 0.996345
56 0.989338 0.999129
57 0.9908 0.999774
58 0.992184 1
59 0.99301 1
60 0.99381 1
61 0.994548 1
62 0.995375 1
