1 0.0118029 0.00805026
2 0.0229604 0.0160212
3 0.0337574 0.0244329
4 0.0464996 0.0346345
5 0.0611594 0.0471634
6 0.0795969 0.0664647
7 0.0999131 0.0899288
8 0.130203 0.116825
9 0.169826 0.149015
10 0.212984 0.187194
11 0.25943 0.238538
12 0.311725 0.29367
13 0.369188 0.354657
14 0.438234 0.418386
15 0.504593 0.477799
16 0.563748 0.532943
17 0.615411 0.582901
18 0.665795 0.629567
19 0.728502 0.678224
20 0.780987 0.727292
21 0.8363 0.773478
22 0.887813 0.817974
23 0.922622 0.85778
24 0.947644 0.893146
25 0.964286 0.927296
26 0.975925 0.953088
27 0.984013 0.974229
28 0.988687 0.987717
29 0.992665 0.994609
30 0.996152 0.998143
31 0.998251 0.999456
32 0.999438 0.999839
33 0.999922 0.999985
34 1 1
35 1 1
36 1 1
