1 0.0117844 0.011222
2 0.0234393 0.02125
3 0.0352108 0.032146
4 0.0482748 0.04492
5 0.0637241 0.061132
6 0.0827108 0.079448
7 0.105427 0.101422
8 0.13971 0.128882
9 0.179976 0.166106
10 0.224915 0.208096
11 0.271736 0.256414
12 0.323996 0.314306
13 0.380423 0.376822
14 0.448057 0.442254
15 0.517702 0.50301
16 0.577245 0.563338
17 0.627792 0.626042
18 0.676825 0.681662
19 0.736359 0.727968
20 0.785645 0.771654
21 0.841004 0.80744
22 0.889985 0.836234
23 0.922289 0.86207
24 0.945006 0.885504
25 0.96159 0.909466
26 0.972801 0.930734
27 0.981694 0.94813
28 0.987138 0.960544
29 0.992273 0.970964
30 0.995913 0.97855
31 0.997888 0.984164
32 0.999105 0.988496
33 0.999824 0.992092
34 1 0.995064
35 1 0.996966
36 1 0.99855
37 1 0.99949
38 1 0.999918
