1 0.0133111 0.0110062
2 0.0255393 0.0211876
3 0.0384526 0.0318169
4 0.0528553 0.0466355
5 0.0717869 0.0744728
6 0.0949165 0.105505
7 0.122404 0.138109
8 0.15462 0.172965
9 0.191862 0.222781
10 0.236339 0.278855
11 0.294777 0.342639
12 0.370591 0.416372
13 0.449633 0.492435
14 0.513421 0.568948
15 0.57705 0.638438
16 0.641092 0.703291
17 0.703763 0.774615
18 0.755756 0.830865
19 0.809476 0.872387
20 0.85496 0.906488
21 0.899373 0.930904
22 0.933389 0.950601
23 0.954284 0.966522
24 0.969067 0.978243
25 0.979025 0.988124
26 0.985867 0.995145
27 0.992704 0.997973
28 0.996644 0.998999
29 0.998008 0.999793
30 0.998592 1
31 0.999321 1
32 0.99975 1
