1 0.0131358 0.0143465
2 0.0256445 0.0284229
3 0.0412457 0.0448262
4 0.0633478 0.0673255
5 0.086795 0.0986556
6 0.114161 0.127078
7 0.143495 0.153617
8 0.175056 0.180161
9 0.225982 0.206332
10 0.280817 0.234214
11 0.347046 0.260689
12 0.41577 0.289451
13 0.490199 0.322068
14 0.56067 0.354955
15 0.618378 0.390934
16 0.674511 0.434777
17 0.741172 0.480264
18 0.794645 0.533335
19 0.843772 0.582057
20 0.878287 0.629733
21 0.906272 0.678862
22 0.931635 0.717621
23 0.950761 0.74798
24 0.97314 0.777317
25 0.986185 0.803258
26 0.993971 0.830348
27 0.998672 0.855496
28 0.999888 0.878845
29 1 0.898851
30 1 0.91765
31 1 0.933266
32 1 0.947348
