1 0.0129974 0.0162026
2 0.025186 0.0318914
3 0.0422318 0.0474583
4 0.0651946 0.0652664
5 0.0896151 0.0868254
6 0.118607 0.108416
7 0.151012 0.129772
8 0.186959 0.152556
9 0.242907 0.177306
10 0.302279 0.21082
11 0.366817 0.256252
12 0.4366 0.308634
13 0.516419 0.361498
14 0.590398 0.408945
15 0.651112 0.451659
16 0.708849 0.493256
17 0.77042 0.532304
18 0.820324 0.573256
19 0.869105 0.613726
20 0.898503 0.653799
21 0.921462 0.693703
22 0.941202 0.734136
23 0.959836 0.77485
24 0.97833 0.814031
25 0.990368 0.845336
26 0.996267 0.875875
27 0.999161 0.903214
28 0.999965 0.928097
29 1 0.947963
30 1 0.964236
31 1 0.980264
32 1 0.990071
