1 0.0134689 0.0134373
2 0.0260251 0.0255914
3 0.0422491 0.0401559
4 0.0662457 0.0604054
5 0.0899178 0.0882156
6 0.119157 0.119791
7 0.152984 0.155638
8 0.188625 0.200633
9 0.247846 0.260223
10 0.308313 0.334796
11 0.379105 0.406278
12 0.451094 0.48724
13 0.522898 0.567066
14 0.592738 0.650573
15 0.656008 0.723324
16 0.714312 0.784446
17 0.783175 0.84945
18 0.83776 0.900686
19 0.880679 0.929668
20 0.909308 0.949107
21 0.931194 0.962892
22 0.949862 0.973727
23 0.965593 0.982147
24 0.979593 0.98928
25 0.989624 0.995215
26 0.995921 0.9989
27 0.999092 0.999955
28 0.999926 1
29 1 1
30 1 1
