1 0.0133045 0.00975662
2 0.0259602 0.0196897
3 0.0409689 0.0305962
4 0.0635727 0.043977
5 0.0864317 0.0599214
6 0.114632 0.0782549
7 0.145489 0.0986715
8 0.178369 0.121992
9 0.233737 0.148787
10 0.290761 0.182833
11 0.357409 0.22328
12 0.423988 0.265178
13 0.501501 0.317658
14 0.574913 0.374231
15 0.637682 0.431955
16 0.693581 0.486721
17 0.757989 0.539175
18 0.812509 0.589064
19 0.857024 0.636229
20 0.887253 0.682523
21 0.910895 0.726135
22 0.932863 0.767988
23 0.951241 0.806609
24 0.972184 0.842942
25 0.985978 0.874843
26 0.994325 0.900789
27 0.99878 0.923008
28 0.999896 0.941496
29 1 0.955715
30 1 0.966849
31 1 0.975175
32 1 0.983059
