1 0.0107018 0.0171056
2 0.021514 0.0341278
3 0.0345065 0.0519167
4 0.0485214 0.0707389
5 0.0633278 0.0923056
6 0.0787568 0.119311
7 0.0980092 0.150206
8 0.119929 0.193983
9 0.146291 0.238622
10 0.176664 0.282061
11 0.218646 0.33795
12 0.267378 0.415606
13 0.319386 0.497289
14 0.367318 0.590272
15 0.41176 0.671772
16 0.45479 0.743011
17 0.497476 0.798317
18 0.538973 0.84915
19 0.590012 0.896161
20 0.63828 0.933244
21 0.678615 0.959911
22 0.713384 0.976489
23 0.745825 0.986606
24 0.776866 0.992906
25 0.804434 0.997311
26 0.829373 0.999133
27 0.851374 0.999806
28 0.870979 1
29 0.888017 1
