1 0.0105998 0.0135637
2 0.0212432 0.0264509
3 0.033636 0.0423574
4 0.0469429 0.0585513
5 0.0618763 0.0793903
6 0.0773115 0.101411
7 0.0958163 0.127801
8 0.116262 0.157904
9 0.14193 0.191279
10 0.172766 0.234975
11 0.215479 0.291418
12 0.264479 0.358694
13 0.315448 0.428678
14 0.3608 0.49325
15 0.404017 0.552815
16 0.446104 0.609479
17 0.486056 0.65894
18 0.525364 0.707714
19 0.574463 0.752553
20 0.623415 0.788817
21 0.661587 0.819605
22 0.693996 0.847426
23 0.726472 0.872431
24 0.758401 0.895088
25 0.78828 0.914014
26 0.813401 0.930405
27 0.835414 0.944366
28 0.856002 0.95602
29 0.873336 0.965722
30 0.888767 0.973099
31 0.903524 0.978798
32 0.919173 0.98448
33 0.932466 0.989688
34 0.944109 0.993514
35 0.954046 0.996978
36 0.962534 0.998273
37 0.969581 0.998932
38 0.975991 0.999541
39 0.980789 0.999866
40 0.985283 1
