1 0.0111556 0.0198225
2 0.0214568 0.037929
3 0.0330765 0.0590015
4 0.0463778 0.080895
5 0.0639506 0.10966
6 0.0847556 0.143454
7 0.109753 0.18071
8 0.13783 0.230732
9 0.168743 0.296916
10 0.207225 0.365
11 0.262249 0.43503
12 0.326104 0.511361
13 0.383889 0.60966
14 0.44603 0.691494
15 0.505506 0.764534
16 0.562319 0.831146
17 0.612044 0.899712
18 0.659146 0.94588
19 0.699659 0.971124
20 0.735383 0.986472
21 0.770037 0.996805
22 0.804383 0.99895
23 0.837454 0.999756
24 0.86664 0.999978
25 0.893681 1
