1 0.0141797 0.0169313
2 0.0274072 0.0331648
3 0.0439111 0.0517836
4 0.0665234 0.0758918
5 0.0936865 0.111157
6 0.129604 0.148152
7 0.170415 0.190616
8 0.215698 0.240506
9 0.267651 0.307334
10 0.339995 0.38744
11 0.421196 0.469761
12 0.499106 0.54707
13 0.581743 0.624051
14 0.651997 0.691556
15 0.719517 0.750068
16 0.773516 0.807084
17 0.819951 0.854033
18 0.860903 0.899402
19 0.890615 0.943539
20 0.915591 0.963766
21 0.934951 0.973969
22 0.951445 0.979295
23 0.965508 0.983688
24 0.978003 0.986807
25 0.985757 0.989527
26 0.990415 0.992417
27 0.993574 0.994966
28 0.995654 0.999601
29 0.997095 1
30 0.998096 1
31 0.998945 1
