1 0.0133936 0.00985839
2 0.0264941 0.0191566
3 0.0420703 0.0290775
4 0.0644238 0.0408934
5 0.0902393 0.0612786
6 0.122422 0.0859309
7 0.162134 0.113338
8 0.209678 0.145004
9 0.261567 0.190452
10 0.329619 0.241591
11 0.404302 0.293224
12 0.478086 0.349082
13 0.554546 0.408501
14 0.625229 0.47469
15 0.692661 0.548909
16 0.74832 0.616753
17 0.798013 0.682085
18 0.840869 0.748884
19 0.872749 0.809019
20 0.900957 0.860529
21 0.923154 0.90334
22 0.942354 0.935743
23 0.958477 0.953761
24 0.971094 0.967641
25 0.979941 0.976951
26 0.986636 0.985662
27 0.991167 0.991145
28 0.994087 0.994229
29 0.995898 0.99703
30 0.997251 0.99903
31 0.998437 0.999975
32 0.999312 1
33 0.999805 1
34 1 1
