1 0.00952287 0.00770226
2 0.0184862 0.014926
3 0.0283236 0.0229784
4 0.0395267 0.0325546
5 0.0555418 0.046712
6 0.0775924 0.0667139
7 0.101535 0.0893317
8 0.137592 0.115382
9 0.17807 0.145025
10 0.237738 0.182927
11 0.303962 0.225518
12 0.367782 0.268924
13 0.432479 0.314664
14 0.492023 0.36554
15 0.552696 0.416932
16 0.611583 0.464944
17 0.672337 0.510029
18 0.731026 0.553999
19 0.78736 0.597511
20 0.835861 0.642712
21 0.877969 0.684591
22 0.909084 0.721751
23 0.933718 0.758761
24 0.95411 0.79453
25 0.969597 0.829569
26 0.979955 0.865041
27 0.987303 0.893113
28 0.992156 0.915825
29 0.996094 0.933856
30 0.998361 0.949577
31 0.999418 0.962148
32 0.999873 0.971018
33 1 0.977647
34 1 0.983522
35 1 0.988121
