1 0.00506308 0.00520655
2 0.00989391 0.0102634
3 0.0149647 0.0159097
4 0.021564 0.0218629
5 0.0315242 0.0294986
6 0.0443856 0.0404232
7 0.05824 0.0535972
8 0.0736469 0.0691823
9 0.0920119 0.0876944
10 0.114603 0.109612
11 0.14307 0.137762
12 0.173858 0.170335
13 0.206136 0.207185
14 0.242462 0.245836
15 0.282018 0.287379
16 0.319319 0.330019
17 0.35611 0.374263
18 0.393877 0.420821
19 0.431769 0.466234
20 0.469459 0.511936
21 0.507533 0.559577
22 0.545204 0.605207
23 0.583036 0.650483
24 0.618207 0.689217
25 0.652094 0.724636
26 0.683873 0.756034
27 0.7137 0.785437
28 0.741718 0.813157
29 0.768942 0.840755
30 0.795088 0.863417
31 0.819539 0.882888
32 0.842557 0.900474
33 0.862972 0.91702
34 0.881166 0.932495
35 0.897707 0.945948
36 0.91199 0.957435
37 0.924409 0.967852
38 0.935577 0.976745
39 0.945477 0.983997
40 0.954624 0.989349
41 0.961976 0.992765
42 0.968013 0.995608
43 0.97324 0.997294
44 0.977664 0.998344
45 0.981568 0.999066
46 0.984528 0.999529
47 0.987349 0.999791
48 0.989715 0.999964
49 0.99154 1
50 0.993047 1
51 0.994291 1
52 0.995212 1
53 0.99598 1
