1 0.00538868 0.00570951
2 0.0102758 0.0110996
3 0.0156383 0.0173424
4 0.0228818 0.0249303
5 0.0332757 0.0358074
6 0.0467258 0.0499088
7 0.0609151 0.0661913
8 0.0771228 0.0837649
9 0.096325 0.106954
10 0.120198 0.135041
11 0.150838 0.166411
12 0.186073 0.199717
13 0.221994 0.239663
14 0.262336 0.281133
15 0.303059 0.322936
16 0.34219 0.36545
17 0.381711 0.408661
18 0.421015 0.452038
19 0.460809 0.494479
20 0.500272 0.538386
21 0.542682 0.584408
22 0.582038 0.627125
23 0.621268 0.668806
24 0.657462 0.708213
25 0.691402 0.740811
26 0.721778 0.770899
27 0.74989 0.798247
28 0.776735 0.822865
29 0.801799 0.847601
30 0.825616 0.871438
31 0.847283 0.891976
32 0.86743 0.909886
33 0.885627 0.924952
34 0.901599 0.937147
35 0.915676 0.947818
36 0.928138 0.956818
37 0.939043 0.964361
38 0.948786 0.971188
39 0.957232 0.976841
40 0.964862 0.981335
41 0.970902 0.98504
42 0.975652 0.988078
43 0.979671 0.99065
44 0.983078 0.992882
45 0.986404 0.995018
46 0.989071 0.996653
47 0.99132 0.997755
48 0.993067 0.998583
49 0.994389 0.999127
50 0.995428 0.999559
51 0.996228 0.999774
52 0.996816 0.999893
53 0.99732 0.999963
54 0.997713 0.999995
55 0.998039 1
