1 0.00754883 0.00692857
2 0.014791 0.0144051
3 0.0235276 0.0225898
4 0.0340307 0.0311163
5 0.046318 0.0438612
6 0.0622107 0.0602714
7 0.079246 0.0783755
8 0.0961573 0.0968041
9 0.118322 0.123364
10 0.148826 0.157444
11 0.182515 0.19231
12 0.217371 0.228914
13 0.255305 0.271401
14 0.297335 0.315799
15 0.351046 0.369755
16 0.40055 0.42477
17 0.450418 0.476548
18 0.496695 0.524828
19 0.542192 0.570932
20 0.58613 0.618681
21 0.629902 0.666779
22 0.673397 0.711309
23 0.710476 0.749393
24 0.746255 0.785809
25 0.785753 0.819727
26 0.819724 0.85019
27 0.854239 0.879196
28 0.884172 0.902728
29 0.907665 0.9229
30 0.928752 0.940124
31 0.944443 0.954411
32 0.957268 0.965962
33 0.96917 0.975833
34 0.978954 0.983398
35 0.986762 0.988678
36 0.992108 0.992882
37 0.995407 0.995933
38 0.997695 0.997859
39 0.998892 0.99907
40 0.999482 0.999691
41 0.999994 0.999915
42 1 1
43 1 1
44 1 1
