1 0.00645634 0.00927559
2 0.0129055 0.0179951
3 0.0198582 0.0271501
4 0.0283949 0.0371055
5 0.042834 0.0505568
6 0.0603606 0.066746
7 0.0797801 0.0854429
8 0.101549 0.106856
9 0.126732 0.135035
10 0.158118 0.17027
11 0.197917 0.209623
12 0.239927 0.260774
13 0.287396 0.319323
14 0.339644 0.379594
15 0.392845 0.443682
16 0.450151 0.497179
17 0.505446 0.54842
18 0.558263 0.602638
19 0.609664 0.651456
20 0.657278 0.695505
21 0.70094 0.737325
22 0.743878 0.778401
23 0.780142 0.816473
24 0.813154 0.851649
25 0.840185 0.883584
26 0.864334 0.916701
27 0.886989 0.941726
28 0.907653 0.960677
29 0.926061 0.973519
30 0.942395 0.982993
31 0.956491 0.98946
32 0.968608 0.993274
33 0.97906 0.995898
34 0.986233 0.99758
35 0.991684 0.998913
36 0.995261 0.999779
37 0.99748 1
38 0.998847 1
39 0.999501 1
40 0.999913 1
