1 0.00464142 0.0047068
2 0.00931834 0.00912337
3 0.014145 0.0139574
4 0.0197257 0.0196811
5 0.0265651 0.027008
6 0.0345766 0.0366538
7 0.0443086 0.0476636
8 0.0560722 0.061916
9 0.0717118 0.0793296
10 0.0919586 0.100386
11 0.118681 0.125858
12 0.148034 0.155583
13 0.179738 0.190276
14 0.213818 0.227693
15 0.247811 0.266156
16 0.28409 0.306829
17 0.322765 0.34784
18 0.363008 0.39054
19 0.405469 0.434423
20 0.449508 0.477099
21 0.493913 0.523847
22 0.538774 0.569164
23 0.583407 0.612807
24 0.624661 0.654506
25 0.663028 0.694843
26 0.699845 0.733483
27 0.737734 0.768573
28 0.775201 0.800709
29 0.807909 0.832846
30 0.838488 0.862148
31 0.86812 0.887946
32 0.894536 0.911868
33 0.915475 0.931805
34 0.932662 0.948499
35 0.946499 0.961958
36 0.95846 0.972306
37 0.968592 0.980083
38 0.977062 0.98612
39 0.983812 0.990964
40 0.989339 0.994386
41 0.993379 0.996715
42 0.995957 0.997986
43 0.997543 0.998702
44 0.998667 0.999239
45 0.999585 0.999593
46 1 0.999856
47 1 0.999962
48 1 0.999993
49 1 1
