1 0.00884886 0.0109516
2 0.0167209 0.0219016
3 0.0262552 0.0342541
4 0.0366441 0.0480864
5 0.0510263 0.0637088
6 0.0665856 0.0801749
7 0.0844238 0.0984105
8 0.105835 0.12369
9 0.132366 0.160653
10 0.169863 0.204412
11 0.213079 0.252759
12 0.259165 0.303447
13 0.31192 0.356703
14 0.369491 0.413242
15 0.428758 0.468896
16 0.48657 0.521442
17 0.547236 0.570871
18 0.612984 0.619875
19 0.666619 0.664606
20 0.715718 0.705386
21 0.760025 0.742852
22 0.80454 0.787786
23 0.84237 0.828001
24 0.873301 0.865221
25 0.900447 0.897203
26 0.923848 0.920502
27 0.944272 0.938615
28 0.957885 0.953314
29 0.968854 0.964907
30 0.978265 0.974506
31 0.986381 0.982479
32 0.992816 0.989475
33 0.996909 0.99441
34 0.998693 0.997567
35 0.999382 0.998954
36 0.999849 0.999563
37 1 0.999949
38 1 1
39 1 1
