1 0.00919875 0.0085745
2 0.0176743 0.0175696
3 0.0270018 0.0271876
4 0.036557 0.0376204
5 0.050891 0.0496807
6 0.0666207 0.064497
7 0.0855203 0.0816421
8 0.109044 0.103142
9 0.137499 0.128498
10 0.174844 0.161832
11 0.220709 0.197703
12 0.269651 0.244413
13 0.324809 0.293445
14 0.382307 0.345711
15 0.439527 0.404842
16 0.500129 0.461516
17 0.564204 0.51643
18 0.630698 0.56911
19 0.683792 0.621767
20 0.73359 0.671756
21 0.777318 0.72005
22 0.818451 0.767302
23 0.85435 0.813479
24 0.883991 0.855701
25 0.908962 0.893576
26 0.930665 0.922239
27 0.94897 0.943777
28 0.961034 0.960221
29 0.970276 0.973832
30 0.978846 0.984335
31 0.986657 0.991407
32 0.993222 0.996008
33 0.997357 0.998273
34 0.998772 0.999458
35 0.999497 0.999723
36 0.999932 0.999866
37 1 0.999968
38 1 0.999999
39 1 1
