1 0.012311 0.0161982
2 0.023879 0.0317696
3 0.0372551 0.0469807
4 0.0521795 0.0625446
5 0.0727087 0.0781047
6 0.101098 0.0931807
7 0.133843 0.107983
8 0.16645 0.123085
9 0.201345 0.138022
10 0.242133 0.152839
11 0.291864 0.167682
12 0.361295 0.182184
13 0.4336 0.196645
14 0.504918 0.21124
15 0.575076 0.225971
16 0.638665 0.240522
17 0.696499 0.254445
18 0.751203 0.268853
19 0.796601 0.283772
20 0.833327 0.298037
21 0.864112 0.311788
22 0.890907 0.326001
23 0.913744 0.34012
24 0.931492 0.355106
25 0.947847 0.370265
26 0.962607 0.385247
27 0.974993 0.401512
28 0.983757 0.419824
29 0.990973 0.439189
30 0.996713 0.459283
31 0.999119 0.479336
32 0.999911 0.499801
33 1 0.520852
34 1 0.544016
35 1 0.567844
