1 0.00414645 0.00421498
2 0.00841914 0.00831082
3 0.013171 0.0127536
4 0.01866 0.0175567
5 0.0260137 0.0226706
6 0.0349425 0.0285075
7 0.0461634 0.0351727
8 0.0592299 0.0429229
9 0.0769628 0.0531986
10 0.0985159 0.0667046
11 0.123691 0.0839572
12 0.153624 0.105573
13 0.187396 0.130932
14 0.222943 0.158838
15 0.260237 0.187275
16 0.298472 0.215424
17 0.337592 0.245192
18 0.37999 0.276023
19 0.424522 0.309861
20 0.468357 0.344206
21 0.515186 0.37767
22 0.561258 0.413092
23 0.60827 0.449332
24 0.649951 0.487699
25 0.688924 0.523868
26 0.727362 0.560351
27 0.76898 0.597174
28 0.807548 0.631115
29 0.841466 0.662835
30 0.871013 0.692158
31 0.896298 0.720379
32 0.919101 0.748461
33 0.938568 0.775514
34 0.95379 0.801207
35 0.966652 0.824398
36 0.976635 0.846167
37 0.984196 0.865567
38 0.988906 0.884308
39 0.992451 0.900994
40 0.994598 0.914388
41 0.99639 0.92652
42 0.997896 0.936256
43 0.998782 0.944639
44 0.999481 0.951671
45 0.999905 0.957932
46 1 0.963678
47 1 0.968852
48 1 0.973832
49 1 0.97838
50 1 0.982231
