1 0.00414263 0.00405355
2 0.00836159 0.0078674
3 0.0129936 0.0119201
4 0.0185056 0.0164993
5 0.0257947 0.0220116
6 0.0345556 0.0288725
7 0.0460031 0.0380766
8 0.0600082 0.04835
9 0.0781495 0.0620963
10 0.100206 0.0810126
11 0.12644 0.104449
12 0.157721 0.130184
13 0.192 0.160343
14 0.227548 0.190933
15 0.26399 0.224209
16 0.301728 0.259133
17 0.341894 0.295421
18 0.386204 0.33372
19 0.431878 0.372891
20 0.476093 0.413751
21 0.523468 0.456452
22 0.569617 0.49738
23 0.617429 0.537785
24 0.659642 0.577261
25 0.698594 0.616082
26 0.737368 0.654701
27 0.779232 0.69471
28 0.816778 0.731054
29 0.850453 0.766261
30 0.879078 0.798079
31 0.90341 0.825395
32 0.925165 0.850648
33 0.943689 0.873122
34 0.958171 0.89346
35 0.969722 0.910896
36 0.97869 0.926254
37 0.985603 0.94038
38 0.990129 0.953067
39 0.993475 0.963362
40 0.995622 0.972103
41 0.997302 0.980109
42 0.998529 0.986019
43 0.999149 0.990024
44 0.999561 0.993368
45 0.999892 0.995844
46 1 0.99732
47 1 0.998474
48 1 0.999526
49 1 0.999967
50 1 1
