1 0.0040613 0.00428451
2 0.00812319 0.00848073
3 0.0125973 0.0129949
4 0.018099 0.0182946
5 0.0253722 0.0247268
6 0.0341604 0.0323345
7 0.0455854 0.0422179
8 0.0594357 0.0549807
9 0.077668 0.0715026
10 0.100344 0.0925573
11 0.126741 0.118523
12 0.158671 0.148612
13 0.193261 0.181234
14 0.22981 0.214522
15 0.267836 0.247784
16 0.305811 0.280999
17 0.345618 0.315504
18 0.389787 0.353817
19 0.434626 0.394501
20 0.478641 0.437361
21 0.524956 0.484978
22 0.570837 0.536178
23 0.618353 0.584307
24 0.660053 0.627878
25 0.69795 0.668751
26 0.736244 0.708988
27 0.777568 0.748576
28 0.814972 0.785501
29 0.848637 0.822326
30 0.877818 0.857172
31 0.902277 0.890091
32 0.924294 0.914412
33 0.943235 0.934226
34 0.957608 0.950907
35 0.969307 0.963925
36 0.978462 0.973063
37 0.985382 0.980565
38 0.98952 0.986644
39 0.993032 0.990142
40 0.995252 0.992783
41 0.996839 0.995067
42 0.998028 0.996811
43 0.999046 0.998063
44 0.999528 0.998706
45 0.999895 0.999055
46 1 0.999289
47 1 0.999482
48 1 0.99979
49 1 0.999995
50 1 1
