1 0.0107281 0.0080645
2 0.0205847 0.0156777
3 0.0304993 0.0243539
4 0.0406454 0.0345039
5 0.0510854 0.045052
6 0.0633091 0.0574452
7 0.0776103 0.0715337
8 0.096866 0.0877375
9 0.117345 0.107923
10 0.143279 0.132414
11 0.182138 0.165636
12 0.223171 0.205095
13 0.268228 0.247538
14 0.310837 0.285798
15 0.354183 0.321546
16 0.403734 0.36016
17 0.453099 0.399742
18 0.496593 0.442668
19 0.535849 0.486718
20 0.573428 0.528424
21 0.611561 0.570806
22 0.6494 0.609965
23 0.685302 0.645721
24 0.721665 0.679301
25 0.756739 0.711334
26 0.788821 0.740355
27 0.812599 0.767257
28 0.835572 0.789341
29 0.858033 0.812547
30 0.879209 0.834888
31 0.900116 0.855507
32 0.920815 0.87529
33 0.940637 0.89434
34 0.953452 0.910141
35 0.964315 0.92367
36 0.973748 0.936176
37 0.981931 0.948083
38 0.98857 0.960425
39 0.993243 0.969828
40 0.995824 0.974634
41 0.99725 0.978924
42 0.998521 0.983482
43 1 0.987361
44 1 0.98971
45 1 0.991963
46 1 0.99409
47 1 0.995835
48 1 0.997299
49 1 0.998477
50 1 0.999563
