1 0.011189 0.00759626
2 0.0220534 0.0148031
3 0.0338187 0.0228532
4 0.0464297 0.0322004
5 0.0595325 0.0449265
6 0.0741742 0.058786
7 0.0890431 0.0738533
8 0.104235 0.093273
9 0.119547 0.116772
10 0.141411 0.141362
11 0.169431 0.17037
12 0.200635 0.2044
13 0.23491 0.24233
14 0.274867 0.287239
15 0.318739 0.333129
16 0.361969 0.369543
17 0.40417 0.40481
18 0.443274 0.442398
19 0.480386 0.481245
20 0.516995 0.518397
21 0.552932 0.554174
22 0.591004 0.588113
23 0.625943 0.62012
24 0.656703 0.650365
25 0.685422 0.679334
26 0.712768 0.707183
27 0.738844 0.736304
28 0.764052 0.76341
29 0.789093 0.788049
30 0.813322 0.812068
31 0.841615 0.834213
32 0.871752 0.853672
33 0.893277 0.872064
34 0.908196 0.890073
35 0.920586 0.907041
36 0.931088 0.923838
37 0.940469 0.938121
38 0.949144 0.950432
39 0.957177 0.960706
40 0.964524 0.968769
41 0.971246 0.975736
42 0.97718 0.981219
43 0.982729 0.986165
44 0.987319 0.989842
45 0.991215 0.99276
46 0.994257 0.995176
47 0.996109 0.997033
48 0.997296 0.998299
49 0.998198 0.999149
50 0.998875 0.999554
51 0.999429 0.99983
52 0.999828 0.999955
53 0.999982 0.999998
54 1 1
55 1 1
