1 0.0113952 0.0117867
2 0.0228374 0.023071
3 0.0350312 0.0345542
4 0.0478841 0.0470936
5 0.0620015 0.0609791
6 0.077096 0.0752075
7 0.092848 0.0902623
8 0.108811 0.106233
9 0.124857 0.128174
10 0.145422 0.151824
11 0.175513 0.179899
12 0.210168 0.214669
13 0.24535 0.26046
14 0.286409 0.311915
15 0.330428 0.367428
16 0.372984 0.421149
17 0.413679 0.468663
18 0.452645 0.514036
19 0.491678 0.554911
20 0.529431 0.589592
21 0.566928 0.621437
22 0.60585 0.652282
23 0.639101 0.679947
24 0.668555 0.708584
25 0.696392 0.737611
26 0.724206 0.762214
27 0.7501 0.78214
28 0.774737 0.801121
29 0.798523 0.820585
30 0.821651 0.83802
31 0.848342 0.855171
32 0.873104 0.870729
33 0.891215 0.884275
34 0.90574 0.897275
35 0.917906 0.909059
36 0.928524 0.919678
37 0.938159 0.930113
38 0.946996 0.940377
39 0.955234 0.950267
40 0.962823 0.957968
41 0.969796 0.963592
42 0.976072 0.968501
43 0.981803 0.972778
44 0.986538 0.976588
45 0.990265 0.980122
46 0.993078 0.983258
47 0.994926 0.98606
48 0.996403 0.988519
49 0.997606 0.990746
50 0.998531 0.992529
51 0.999216 0.994076
52 0.999688 0.99543
53 0.999985 0.996541
54 1 0.99751
55 1 0.998253
