1 0.00664588 0.00680333
2 0.0130645 0.0134349
3 0.0196959 0.0206838
4 0.0268123 0.0290031
5 0.0353217 0.0392859
6 0.0444582 0.0523224
7 0.0553604 0.0672095
8 0.0693334 0.0852518
9 0.0878276 0.105304
10 0.108502 0.128423
11 0.13237 0.154574
12 0.163225 0.18828
13 0.196953 0.226996
14 0.235928 0.266635
15 0.27502 0.306409
16 0.314857 0.346595
17 0.353842 0.387163
18 0.393613 0.429197
19 0.438071 0.472649
20 0.479992 0.517703
21 0.518772 0.562047
22 0.555967 0.605166
23 0.592406 0.645815
24 0.627747 0.684256
25 0.663257 0.721003
26 0.698475 0.757039
27 0.729362 0.78815
28 0.755517 0.815515
29 0.778691 0.840072
30 0.799045 0.861621
31 0.81858 0.881757
32 0.837989 0.900239
33 0.856597 0.917014
34 0.873134 0.932783
35 0.889314 0.946821
36 0.902761 0.957831
37 0.91416 0.966886
38 0.92454 0.97451
39 0.934243 0.980808
40 0.942342 0.98558
41 0.949119 0.989105
42 0.954742 0.991799
43 0.959646 0.993925
44 0.964158 0.995673
45 0.968808 0.997007
46 0.973286 0.997912
47 0.977246 0.998558
48 0.980917 0.998995
49 0.984444 0.999304
50 0.987398 0.999564
51 0.989903 0.999779
52 0.991965 0.99991
53 0.993553 0.999975
54 0.994859 1
