1 0.00658456 0.00664098
2 0.0129295 0.0128392
3 0.0197691 0.0196532
4 0.0268824 0.0270936
5 0.035182 0.0361267
6 0.0447757 0.0467736
7 0.0551516 0.0585391
8 0.0686367 0.0717571
9 0.0872901 0.0876918
10 0.108121 0.111314
11 0.133519 0.138262
12 0.166179 0.167944
13 0.20136 0.201438
14 0.242515 0.240731
15 0.283574 0.28622
16 0.324513 0.329436
17 0.363257 0.372874
18 0.403274 0.413424
19 0.448731 0.454882
20 0.491524 0.501637
21 0.529763 0.545751
22 0.566084 0.587667
23 0.602271 0.62864
24 0.638797 0.668966
25 0.673046 0.706924
26 0.707501 0.741341
27 0.73838 0.772091
28 0.764139 0.800392
29 0.786853 0.826576
30 0.805966 0.848557
31 0.824677 0.868797
32 0.842874 0.887571
33 0.860263 0.904353
34 0.875836 0.918855
35 0.891289 0.931551
36 0.904281 0.944402
37 0.915912 0.956292
38 0.926239 0.966269
39 0.935238 0.974718
40 0.942874 0.980485
41 0.949125 0.984822
42 0.954572 0.98848
43 0.959264 0.99166
44 0.963443 0.994092
45 0.967506 0.996262
46 0.97128 0.997723
47 0.975148 0.998657
48 0.978736 0.999269
49 0.982055 0.999887
50 0.985321 0.999985
51 0.988264 1
52 0.990966 1
53 0.992936 1
54 0.994323 1
