1 0.00800625 0.0053521
2 0.0155334 0.0103662
3 0.0232692 0.0160894
4 0.0312525 0.0232948
5 0.040752 0.0342602
6 0.0528879 0.0470819
7 0.0659755 0.0644458
8 0.0852252 0.0849012
9 0.109479 0.109419
10 0.136309 0.13816
11 0.163889 0.17062
12 0.197436 0.208447
13 0.237103 0.25088
14 0.278572 0.295939
15 0.322347 0.346566
16 0.370127 0.398863
17 0.418524 0.451422
18 0.46433 0.505707
19 0.5111 0.560881
20 0.560528 0.615334
21 0.608637 0.665991
22 0.654158 0.71206
23 0.695807 0.755544
24 0.736149 0.794051
25 0.772761 0.827551
26 0.801891 0.857487
27 0.829175 0.883107
28 0.857186 0.905646
29 0.883817 0.923859
30 0.907728 0.938905
31 0.932138 0.951845
32 0.949789 0.962239
33 0.962426 0.97126
34 0.972059 0.978249
35 0.979471 0.983975
36 0.98532 0.988217
37 0.989818 0.991697
38 0.992858 0.994196
39 0.995265 0.995928
40 0.997482 0.997197
41 0.999036 0.998325
42 0.999882 0.999254
43 0.999981 0.999756
44 1 0.999932
45 1 0.999972
46 1 1
47 1 1
