1 0.00796762 0.00648507
2 0.0152728 0.0123773
3 0.0225205 0.0187224
4 0.0302424 0.0270855
5 0.0395127 0.0380081
6 0.0512064 0.0486971
7 0.0643245 0.0600632
8 0.0828271 0.0736743
9 0.106045 0.0910314
10 0.130508 0.110026
11 0.157765 0.133312
12 0.192185 0.160331
13 0.232321 0.188857
14 0.272269 0.219371
15 0.315884 0.250406
16 0.364477 0.281227
17 0.41532 0.312588
18 0.462871 0.342192
19 0.509644 0.372543
20 0.558272 0.402671
21 0.604126 0.433569
22 0.647298 0.46673
23 0.686345 0.500735
24 0.727358 0.5343
25 0.763749 0.563307
26 0.795403 0.590951
27 0.824663 0.618424
28 0.852191 0.644816
29 0.880492 0.671677
30 0.906548 0.697264
31 0.930835 0.722092
32 0.947803 0.748063
33 0.961701 0.773917
34 0.971746 0.797074
35 0.979114 0.820093
36 0.984651 0.842449
37 0.988821 0.861701
38 0.992431 0.880487
39 0.995333 0.896594
40 0.997717 0.91313
41 0.99926 0.929711
42 0.999897 0.944894
43 0.999983 0.957594
44 1 0.96799
45 1 0.97717
46 1 0.985811
47 1 0.992352
