1 0.00723847 0.00500899
2 0.01423 0.00955462
3 0.0217564 0.0145582
4 0.0300072 0.0207249
5 0.0393078 0.0304298
6 0.0504579 0.0422229
7 0.0634794 0.054751
8 0.0787394 0.0679642
9 0.0981307 0.0827512
10 0.124953 0.102264
11 0.156521 0.125759
12 0.195906 0.152429
13 0.24009 0.180203
14 0.281413 0.210793
15 0.320852 0.244209
16 0.356437 0.275374
17 0.391054 0.306183
18 0.428684 0.337104
19 0.464955 0.371666
20 0.499285 0.406108
21 0.5334 0.436858
22 0.57021 0.465789
23 0.604384 0.492993
24 0.634835 0.520533
25 0.66275 0.546867
26 0.688552 0.573164
27 0.71269 0.601097
28 0.736071 0.629168
29 0.757739 0.656635
30 0.778903 0.682844
31 0.799945 0.707797
32 0.819549 0.73158
33 0.837295 0.754886
34 0.854251 0.778406
35 0.870227 0.800554
36 0.884693 0.819871
37 0.898556 0.838064
38 0.911845 0.85433
39 0.925876 0.869251
40 0.937971 0.883463
41 0.9482 0.896267
42 0.957268 0.908046
43 0.965406 0.921471
44 0.972573 0.934888
45 0.978932 0.947209
46 0.983773 0.955614
47 0.987924 0.962752
48 0.99138 0.968897
49 0.993959 0.975069
50 0.995915 0.980665
51 0.99741 0.98543
52 0.998451 0.991058
53 0.999168 0.994309
54 0.999625 0.996768
55 0.999803 0.999288
56 0.999901 0.999993
57 0.999979 1
58 1 1
