1 0.00600417 0.00555286
2 0.0116823 0.0108818
3 0.0175802 0.0166782
4 0.0241708 0.0233406
5 0.0321625 0.0306375
6 0.0416875 0.0391459
7 0.0525222 0.0495814
8 0.0676757 0.0627485
9 0.0882122 0.080896
10 0.110854 0.103128
11 0.135237 0.130094
12 0.165185 0.163877
13 0.200052 0.200197
14 0.234793 0.236161
15 0.269581 0.267805
16 0.303755 0.299402
17 0.337151 0.333606
18 0.369609 0.370294
19 0.40389 0.408147
20 0.439963 0.446494
21 0.476983 0.484138
22 0.515007 0.52308
23 0.554301 0.561702
24 0.593086 0.599409
25 0.633362 0.637623
26 0.67363 0.674937
27 0.71125 0.710365
28 0.749658 0.744526
29 0.782329 0.778102
30 0.810111 0.813424
31 0.835501 0.843847
32 0.859655 0.871313
33 0.881416 0.89691
34 0.903745 0.917178
35 0.922698 0.935699
36 0.937424 0.950738
37 0.949661 0.962254
38 0.960572 0.970455
39 0.968548 0.9761
40 0.97526 0.980594
41 0.980849 0.984581
42 0.985502 0.987968
43 0.989337 0.990593
44 0.992475 0.993143
45 0.995448 0.995209
46 0.998292 0.996844
47 0.999071 0.998348
48 0.999444 0.999354
49 0.999728 0.999907
50 0.999935 1
51 1 1
52 1 1
53 1 1
