1 0.00589722 0.00614258
2 0.0114889 0.012124
3 0.0173816 0.018727
4 0.0237514 0.026635
5 0.0314847 0.0350943
6 0.0407087 0.0458695
7 0.051784 0.0591427
8 0.0676014 0.0751342
9 0.0885951 0.0942092
10 0.111591 0.117984
11 0.135567 0.14765
12 0.164103 0.181438
13 0.198095 0.218146
14 0.233812 0.254512
15 0.269978 0.289028
16 0.30472 0.323421
17 0.337494 0.356905
18 0.370284 0.392857
19 0.405348 0.433269
20 0.441075 0.474836
21 0.478466 0.516826
22 0.517193 0.560327
23 0.556129 0.605028
24 0.594472 0.649678
25 0.634361 0.693168
26 0.676569 0.736293
27 0.714765 0.777375
28 0.7536 0.815749
29 0.787591 0.847912
30 0.8167 0.879286
31 0.842753 0.907983
32 0.867439 0.927547
33 0.889426 0.943435
34 0.911866 0.955933
35 0.930181 0.965234
36 0.944641 0.973086
37 0.956628 0.979229
38 0.967083 0.984695
39 0.974717 0.989636
40 0.980498 0.993347
41 0.985238 0.996256
42 0.989064 0.998392
43 0.991894 0.999525
44 0.994447 0.999978
45 0.996793 1
46 0.998968 1
47 0.999605 1
48 0.99979 1
49 0.99992 1
