1 0.0156474 0.0128219
2 0.0305601 0.0251875
3 0.0448393 0.0383
4 0.0591736 0.0549313
5 0.0744169 0.0776438
6 0.093921 0.107891
7 0.116547 0.138797
8 0.141846 0.173359
9 0.171097 0.215516
10 0.204091 0.266919
11 0.259931 0.327656
12 0.32444 0.389944
13 0.384201 0.456984
14 0.448352 0.526928
15 0.505422 0.5953
16 0.571708 0.652234
17 0.63697 0.699859
18 0.699495 0.742119
19 0.760946 0.780422
20 0.806093 0.815034
21 0.844284 0.844384
22 0.878076 0.868994
23 0.906864 0.889666
24 0.930854 0.909091
25 0.950528 0.925603
26 0.967016 0.939816
27 0.981088 0.952906
28 0.990712 0.963
29 0.995317 0.970728
30 0.996837 0.977506
31 0.997971 0.982681
32 0.998898 0.98725
33 0.999614 0.991069
34 0.999922 0.99385
35 1 0.995944
36 1 0.997344
