1 0.00750482 0.00848099
2 0.0156269 0.0164512
3 0.0254958 0.0243702
4 0.0371431 0.0350661
5 0.0503202 0.0491074
6 0.0669637 0.066481
7 0.0848852 0.0882909
8 0.104177 0.112964
9 0.125714 0.144169
10 0.15096 0.182712
11 0.182587 0.224193
12 0.223956 0.267217
13 0.267172 0.307886
14 0.314318 0.348446
15 0.364676 0.399302
16 0.416232 0.448274
17 0.46588 0.494549
18 0.512875 0.54076
19 0.557707 0.585545
20 0.602429 0.627613
21 0.648076 0.670438
22 0.68732 0.713261
23 0.720892 0.754681
24 0.748653 0.79539
25 0.774273 0.830775
26 0.799201 0.862572
27 0.824801 0.890187
28 0.848157 0.911911
29 0.870214 0.930337
30 0.889063 0.947431
31 0.90679 0.961372
32 0.924 0.974736
33 0.939626 0.983588
34 0.952114 0.989223
35 0.962948 0.993018
36 0.971417 0.99575
37 0.977877 0.998107
38 0.983612 0.99979
39 0.988166 1
40 0.992152 1
