1 0.015629 0.0177778
2 0.0310147 0.0339222
3 0.0461111 0.0495667
4 0.0622039 0.0663667
5 0.0791276 0.0883
6 0.0983747 0.117067
7 0.121414 0.155367
8 0.144008 0.200678
9 0.172052 0.247167
10 0.204013 0.291106
11 0.254991 0.340089
12 0.316575 0.392972
13 0.377236 0.445244
14 0.442319 0.495406
15 0.5064 0.548267
16 0.576965 0.593389
17 0.643567 0.633967
18 0.703958 0.6686
19 0.76472 0.697139
20 0.808774 0.720956
21 0.847144 0.741028
22 0.879155 0.761583
23 0.908044 0.78065
24 0.932516 0.7986
25 0.952792 0.815756
26 0.969293 0.833556
27 0.982475 0.851178
28 0.990813 0.869256
29 0.995565 0.888517
30 0.997185 0.9056
31 0.998062 0.922167
32 0.99882 0.938383
33 0.999444 0.951594
34 0.999853 0.962506
35 1 0.971778
36 1 0.979244
