1 0.00729552 0.0126821
2 0.0148939 0.0248831
3 0.0239516 0.0370263
4 0.0342458 0.0497286
5 0.0468779 0.0623676
6 0.0625502 0.0755066
7 0.0801591 0.091509
8 0.0989062 0.108457
9 0.118877 0.127556
10 0.143128 0.158938
11 0.173594 0.192008
12 0.213408 0.230302
13 0.255984 0.284694
14 0.301981 0.339519
15 0.350389 0.389973
16 0.399786 0.445606
17 0.448738 0.507158
18 0.495388 0.569238
19 0.539593 0.626506
20 0.583602 0.68186
21 0.627857 0.728298
22 0.669443 0.771455
23 0.704121 0.804026
24 0.734762 0.834463
25 0.762018 0.860527
26 0.788904 0.885193
27 0.816216 0.909133
28 0.840933 0.930098
29 0.863724 0.946482
30 0.884179 0.955503
31 0.903137 0.963722
32 0.92119 0.972259
33 0.937134 0.979238
34 0.950005 0.9842
35 0.960207 0.989495
36 0.969448 0.994733
37 0.976783 0.998519
38 0.983014 0.999344
39 0.988077 0.999793
40 0.99197 1
41 0.994976 1
42 0.997702 1
43 0.999482 1
44 0.999998 1
