1 0.00796572 0.0071258
2 0.0155194 0.0139394
3 0.0237327 0.0212055
4 0.0323831 0.0301796
5 0.0419243 0.0394689
6 0.053299 0.0505851
7 0.0660665 0.0651952
8 0.0801264 0.0821928
9 0.0976394 0.104062
10 0.121524 0.127919
11 0.149394 0.156195
12 0.186451 0.186811
13 0.225726 0.217613
14 0.265681 0.252317
15 0.305866 0.292172
16 0.343538 0.336185
17 0.38197 0.378233
18 0.42112 0.421284
19 0.458553 0.469313
20 0.493297 0.519538
21 0.528676 0.567035
22 0.563934 0.607924
23 0.601553 0.646919
24 0.637423 0.684989
25 0.671975 0.721075
26 0.702389 0.758315
27 0.730259 0.796135
28 0.758125 0.831209
29 0.782914 0.863957
30 0.807245 0.891586
31 0.830048 0.9141
32 0.849593 0.933328
33 0.866149 0.949265
34 0.883404 0.961944
35 0.900394 0.972688
36 0.916404 0.982343
37 0.931745 0.989839
38 0.945859 0.994297
39 0.957624 0.997229
40 0.966387 0.999313
41 0.974836 0.999761
42 0.979987 0.999964
43 0.984797 1
44 0.988215 1
45 0.991352 1
46 0.994219 1
