1 0.00456493 0.00478576
2 0.00878341 0.00934995
3 0.0133057 0.0144903
4 0.0185984 0.0203828
5 0.0254346 0.0273743
6 0.0344652 0.0355603
7 0.0446308 0.0456296
8 0.056297 0.0585615
9 0.0705055 0.0758781
10 0.0922962 0.0978859
11 0.121078 0.12563
12 0.153778 0.156371
13 0.19083 0.190941
14 0.22911 0.227939
15 0.267644 0.267455
16 0.306051 0.307508
17 0.344932 0.348425
18 0.386338 0.389131
19 0.427673 0.432032
20 0.468961 0.476175
21 0.513317 0.522911
22 0.556888 0.570889
23 0.601456 0.617783
24 0.645625 0.66226
25 0.68828 0.704236
26 0.726821 0.74255
27 0.763263 0.778431
28 0.798798 0.811836
29 0.830426 0.842322
30 0.859018 0.870152
31 0.885237 0.895169
32 0.908562 0.918161
33 0.928197 0.936952
34 0.944901 0.952651
35 0.958517 0.965276
36 0.968973 0.975826
37 0.978263 0.982785
38 0.9857 0.98815
39 0.990641 0.991649
40 0.993789 0.994043
41 0.995999 0.995679
42 0.997363 0.996978
43 0.998468 0.998068
44 0.999145 0.998947
45 0.999628 0.999456
46 0.999992 0.99975
47 1 0.999874
48 1 0.999958
49 1 0.999995
