1 0.00838613 0.00603648
2 0.0168354 0.011401
3 0.0255751 0.0181094
4 0.0355337 0.0276131
5 0.0479672 0.0401047
6 0.0643859 0.0557709
7 0.0821958 0.0732349
8 0.101429 0.0953396
9 0.130216 0.123528
10 0.16309 0.156422
11 0.203503 0.191641
12 0.244097 0.232501
13 0.287533 0.27465
14 0.336478 0.319343
15 0.387846 0.366981
16 0.443189 0.414617
17 0.497924 0.458085
18 0.552803 0.506114
19 0.611081 0.554431
20 0.67149 0.601901
21 0.72983 0.645604
22 0.771769 0.687327
23 0.807394 0.725618
24 0.840275 0.758582
25 0.868674 0.787082
26 0.893025 0.813995
27 0.914147 0.840321
28 0.932523 0.863447
29 0.947679 0.883704
30 0.959154 0.90187
31 0.968396 0.917755
32 0.975508 0.931873
33 0.981144 0.94444
34 0.985879 0.95683
35 0.989899 0.967102
36 0.99307 0.973735
37 0.995792 0.979398
38 0.997953 0.984255
39 0.999247 0.988139
40 0.999858 0.991733
41 0.999993 0.994863
42 1 0.996796
43 1 0.997901
44 1 0.998622
