1 0.00811295 0.00782258
2 0.0164692 0.0152875
3 0.0251481 0.023257
4 0.0350333 0.0331686
5 0.0473829 0.0482297
6 0.0638969 0.0666324
7 0.0814164 0.0850898
8 0.100225 0.104207
9 0.127354 0.130265
10 0.159145 0.165104
11 0.197175 0.208089
12 0.236306 0.251839
13 0.28037 0.298788
14 0.331568 0.348063
15 0.385496 0.404273
16 0.440756 0.4627
17 0.49607 0.520208
18 0.552901 0.57394
19 0.608836 0.624093
20 0.668472 0.672383
21 0.72425 0.713253
22 0.765048 0.755258
23 0.800626 0.790679
24 0.831599 0.822045
25 0.860305 0.851046
26 0.885697 0.875687
27 0.90743 0.897842
28 0.92675 0.916376
29 0.943689 0.932412
30 0.955348 0.945134
31 0.964854 0.955959
32 0.972518 0.965026
33 0.978656 0.972315
34 0.984094 0.977992
35 0.988757 0.98259
36 0.992505 0.986462
37 0.995496 0.989748
38 0.997911 0.992847
39 0.999228 0.99525
40 0.999826 0.997105
41 0.999987 0.998039
42 1 0.998757
43 1 0.999262
44 1 0.999575
