1 0.00622327 0.00708404
2 0.0121015 0.0139187
3 0.0179945 0.021262
4 0.0246264 0.0292737
5 0.0326869 0.0391142
6 0.0426288 0.0501431
7 0.0555193 0.0631385
8 0.0722414 0.0788187
9 0.0925644 0.0962153
10 0.120511 0.126426
11 0.153457 0.162853
12 0.191445 0.207483
13 0.234487 0.254009
14 0.275448 0.301953
15 0.316454 0.348049
16 0.361009 0.391386
17 0.407321 0.433175
18 0.451676 0.47746
19 0.496476 0.522285
20 0.543899 0.56477
21 0.59318 0.604673
22 0.645485 0.644139
23 0.690801 0.683697
24 0.730723 0.719261
25 0.77388 0.749811
26 0.809327 0.775975
27 0.842374 0.799962
28 0.870366 0.823775
29 0.896034 0.845131
30 0.92293 0.864179
31 0.944326 0.881483
32 0.960955 0.896293
33 0.972969 0.909204
34 0.984035 0.9212
35 0.991376 0.931941
36 0.995044 0.941725
37 0.997196 0.950264
38 0.99834 0.957729
39 0.999127 0.964568
40 0.999479 0.97036
41 0.999697 0.975347
42 0.99984 0.979664
43 0.999922 0.983275
44 0.999966 0.986351
45 0.999992 0.988931
46 1 0.991254
47 1 0.993315
