1 0.0132825 0.0181644
2 0.0260492 0.0354957
3 0.0397472 0.0542303
4 0.0563781 0.0730809
5 0.0810457 0.0912898
6 0.105637 0.110795
7 0.131122 0.131259
8 0.158771 0.150515
9 0.208037 0.170154
10 0.264675 0.191967
11 0.323979 0.213433
12 0.394335 0.236904
13 0.468345 0.259942
14 0.550876 0.283983
15 0.634695 0.311098
16 0.702126 0.339657
17 0.762974 0.374774
18 0.817479 0.415135
19 0.865828 0.455063
20 0.904034 0.501132
21 0.936949 0.552243
22 0.960793 0.591357
23 0.974328 0.623947
24 0.985312 0.653446
25 0.993141 0.678846
26 0.996707 0.702722
27 0.998847 0.723529
28 0.999775 0.742531
29 1 0.759595
30 1 0.776093
