1 0.0142417 0.0103971
2 0.0274931 0.0205924
3 0.0419564 0.032997
4 0.0595256 0.0457118
5 0.0867001 0.0585634
6 0.111655 0.0737391
7 0.137929 0.0925977
8 0.16562 0.113746
9 0.21 0.141836
10 0.261887 0.17684
11 0.317168 0.216261
12 0.387497 0.260959
13 0.464443 0.314572
14 0.553286 0.369724
15 0.643341 0.425779
16 0.711118 0.485946
17 0.768089 0.543474
18 0.819422 0.597031
19 0.863186 0.657995
20 0.901115 0.709405
21 0.93358 0.750877
22 0.959069 0.790575
23 0.972943 0.823958
24 0.984602 0.855004
25 0.993002 0.881133
26 0.996807 0.904201
27 0.998868 0.92678
28 0.999816 0.950113
29 1 0.964952
30 1 0.972628
