1 0.00463097 0.00457062
2 0.00896072 0.00896608
3 0.0133935 0.0135467
4 0.017807 0.0182975
5 0.0230123 0.0237506
6 0.0298398 0.0311539
7 0.0387589 0.0403976
8 0.0505986 0.0521227
9 0.0658328 0.0679553
10 0.0862222 0.0891432
11 0.110017 0.116428
12 0.138684 0.146306
13 0.170714 0.179031
14 0.20574 0.212941
15 0.242225 0.247978
16 0.279966 0.284673
17 0.316693 0.324401
18 0.352764 0.36602
19 0.390936 0.409107
20 0.435875 0.45453
21 0.478467 0.500055
22 0.521585 0.543157
23 0.563171 0.588402
24 0.605446 0.631555
25 0.648413 0.672797
26 0.689202 0.71279
27 0.730366 0.75122
28 0.76916 0.788451
29 0.80187 0.822299
30 0.831182 0.854966
31 0.86001 0.882947
32 0.887051 0.907604
33 0.910089 0.928524
34 0.930566 0.944776
35 0.947725 0.957634
36 0.96197 0.968876
37 0.973379 0.979018
38 0.982557 0.985848
39 0.988537 0.990477
40 0.992834 0.993417
41 0.996156 0.995838
42 0.99818 0.997748
43 0.999238 0.998922
44 0.999679 0.9996
45 0.999872 0.999781
46 0.999967 0.999897
47 1 0.999973
48 1 0.999998
49 1 1
