1 0.00445629 0.0043707
2 0.0086406 0.00862804
3 0.0128805 0.0133351
4 0.0172662 0.018585
5 0.0225017 0.0247294
6 0.0297461 0.0315634
7 0.0384719 0.0394008
8 0.0497288 0.0500459
9 0.06472 0.0656402
10 0.0849904 0.0859452
11 0.108362 0.109114
12 0.136757 0.135116
13 0.168259 0.163111
14 0.201828 0.194054
15 0.236556 0.22866
16 0.272317 0.26357
17 0.308181 0.30044
18 0.344496 0.335047
19 0.382132 0.367618
20 0.426759 0.400973
21 0.468975 0.435196
22 0.509569 0.469354
23 0.551446 0.503105
24 0.593717 0.534591
25 0.636564 0.565396
26 0.677192 0.595063
27 0.718172 0.624145
28 0.757316 0.652458
29 0.791679 0.679754
30 0.821142 0.704757
31 0.850103 0.729174
32 0.877172 0.753266
33 0.900856 0.77635
34 0.922226 0.798645
35 0.940388 0.820513
36 0.956143 0.841213
37 0.969704 0.860881
38 0.980892 0.878848
39 0.98723 0.895803
40 0.991702 0.910327
41 0.9954 0.923182
42 0.997737 0.935282
43 0.999086 0.946339
44 0.99966 0.955983
45 0.999911 0.96393
46 0.999978 0.971232
47 1 0.977724
48 1 0.983283
49 1 0.987649
50 1 0.991133
51 1 0.993927
