1 0.0105856 0.0106124
2 0.020874 0.0204043
3 0.0314893 0.0309765
4 0.0440175 0.0440294
5 0.0581584 0.060327
6 0.0739492 0.0797102
7 0.0915488 0.101495
8 0.111776 0.125987
9 0.137729 0.16262
10 0.173312 0.21643
11 0.220837 0.274933
12 0.27512 0.344
13 0.338098 0.419457
14 0.404567 0.488963
15 0.476709 0.556153
16 0.54591 0.621717
17 0.608155 0.677167
18 0.659817 0.731669
19 0.707885 0.778127
20 0.752638 0.824081
21 0.798148 0.870586
22 0.842974 0.910806
23 0.882134 0.940434
24 0.913105 0.961189
25 0.943676 0.975554
26 0.967949 0.985245
27 0.98298 0.992271
28 0.991186 0.99622
29 0.996335 0.998545
30 0.999061 0.999891
31 0.999863 1
32 0.999976 1
33 1 1
34 1 1
35 1 1
