1 0.0105276 0.00647788
2 0.0204667 0.0124866
3 0.0309319 0.0187403
4 0.0424703 0.0263241
5 0.0571017 0.0382692
6 0.0731688 0.0569689
7 0.0914834 0.0773319
8 0.112469 0.0974906
9 0.137866 0.119939
10 0.172334 0.149768
11 0.218783 0.189927
12 0.274025 0.236907
13 0.336831 0.285592
14 0.40451 0.3349
15 0.475461 0.387511
16 0.543288 0.438257
17 0.607423 0.492718
18 0.660467 0.545814
19 0.70782 0.594032
20 0.750281 0.641836
21 0.794345 0.690613
22 0.83751 0.733603
23 0.875951 0.770935
24 0.909065 0.804898
25 0.941949 0.837019
26 0.96758 0.865341
27 0.983716 0.888696
28 0.991589 0.909286
29 0.996613 0.929377
30 0.999171 0.94681
31 0.999831 0.960247
32 0.999961 0.97154
33 1 0.9809
34 1 0.988898
35 1 0.994167
36 1 0.99718
