1 0.0199154 0.0185986
2 0.0387082 0.0382223
3 0.0595617 0.0584689
4 0.0836063 0.0806574
5 0.109727 0.107915
6 0.150673 0.139797
7 0.203368 0.180986
8 0.256286 0.2308
9 0.324383 0.269144
10 0.406997 0.312336
11 0.480331 0.356458
12 0.557416 0.395696
13 0.628858 0.430506
14 0.703222 0.464892
15 0.775117 0.492967
16 0.83128 0.518408
17 0.87807 0.542621
18 0.906851 0.569135
19 0.929058 0.600549
20 0.941384 0.62923
21 0.952103 0.661713
22 0.960423 0.69391
23 0.969581 0.723162
24 0.978393 0.750117
25 0.98679 0.774957
26 0.994048 0.798144
27 0.998239 0.818893
28 0.999715 0.838759
29 1 0.857816
