1 0.00986927 0.00868105
2 0.0200191 0.0169455
3 0.0309108 0.0257201
4 0.0453715 0.0356297
5 0.0684153 0.0510426
6 0.092233 0.075043
7 0.115717 0.104313
8 0.14701 0.135898
9 0.184132 0.172326
10 0.22284 0.212556
11 0.266464 0.258027
12 0.32284 0.310324
13 0.382442 0.370211
14 0.442391 0.431338
15 0.503981 0.487742
16 0.562532 0.54639
17 0.619109 0.600803
18 0.675551 0.652033
19 0.72687 0.697035
20 0.773077 0.735893
21 0.816457 0.771302
22 0.854964 0.803344
23 0.88694 0.832244
24 0.91073 0.857398
25 0.931487 0.879909
26 0.947909 0.899811
27 0.959656 0.916948
28 0.968855 0.932915
29 0.975413 0.947297
30 0.980423 0.959415
31 0.984542 0.96893
32 0.987994 0.976877
33 0.990392 0.983044
34 0.992403 0.987722
35 0.994133 0.991306
36 0.995783 0.99398
37 0.997232 0.996002
38 0.998174 0.997252
39 0.998808 0.998151
40 0.99933 0.998859
41 0.99963 0.999466
42 0.999809 0.999781
43 0.999926 0.999945
44 0.999991 1
