1 0.00293853 0.00269105
2 0.00573333 0.00520823
3 0.00872858 0.0078171
4 0.0119011 0.0105774
5 0.0154746 0.0139888
6 0.0201366 0.0185251
7 0.0255457 0.0245192
8 0.0321505 0.031498
9 0.0405804 0.0404114
10 0.052337 0.0522255
11 0.067198 0.0668761
12 0.0848292 0.0834928
13 0.105563 0.101723
14 0.1274 0.12289
15 0.151276 0.145351
16 0.176938 0.168776
17 0.204073 0.193082
18 0.231308 0.218029
19 0.260573 0.244455
20 0.290788 0.271368
21 0.32323 0.30017
22 0.357072 0.329438
23 0.391192 0.359511
24 0.428232 0.390146
25 0.465889 0.422164
26 0.502756 0.455128
27 0.539007 0.488353
28 0.574239 0.52157
29 0.610699 0.554898
30 0.64773 0.585402
31 0.682687 0.614853
32 0.716045 0.64362
33 0.74783 0.672182
34 0.778463 0.700169
35 0.807129 0.727241
36 0.834398 0.752459
37 0.860603 0.777463
38 0.884511 0.799734
39 0.905672 0.820914
40 0.924119 0.841785
41 0.939998 0.8619
42 0.952246 0.8789
43 0.962072 0.893868
44 0.970057 0.907496
45 0.976447 0.920034
46 0.981731 0.932174
47 0.985709 0.942283
48 0.988937 0.951304
49 0.991659 0.959662
50 0.994006 0.968204
51 0.99579 0.974221
52 0.99708 0.979056
53 0.998165 0.983327
54 0.999203 0.987056
55 0.999696 0.990201
56 0.99991 0.992347
57 0.999997 0.993954
58 1 0.995799
