1 0.00756739 0.0073472
2 0.0143462 0.0147795
3 0.0214201 0.0232021
4 0.0299588 0.0331685
5 0.0458298 0.0477473
6 0.0628536 0.0636158
7 0.0814402 0.0808286
8 0.102761 0.0999853
9 0.128985 0.126093
10 0.159838 0.160427
11 0.194175 0.19643
12 0.228052 0.235219
13 0.263595 0.273012
14 0.305477 0.312915
15 0.344739 0.357425
16 0.384854 0.40504
17 0.42781 0.454295
18 0.470674 0.50539
19 0.515693 0.555852
20 0.559361 0.606646
21 0.602895 0.657536
22 0.644975 0.703482
23 0.686925 0.746155
24 0.727526 0.78523
25 0.764101 0.821094
26 0.797291 0.849991
27 0.82599 0.874254
28 0.850694 0.895104
29 0.873588 0.914066
30 0.893614 0.931515
31 0.912594 0.946635
32 0.928613 0.958545
33 0.942744 0.968308
34 0.954768 0.976438
35 0.964619 0.982769
36 0.972994 0.987366
37 0.979978 0.99118
38 0.985663 0.994564
39 0.989879 0.996985
40 0.993204 0.998674
41 0.99572 0.999561
42 0.997106 0.999846
43 0.99793 0.999968
44 0.998731 1
45 0.999403 1
46 0.999732 1
