1 0.00999256 0.00885242
2 0.0199384 0.0171317
3 0.0314784 0.0264209
4 0.0459964 0.0378134
5 0.0659858 0.0557657
6 0.0870634 0.0797298
7 0.109795 0.107216
8 0.139955 0.141078
9 0.177084 0.183144
10 0.218253 0.234932
11 0.2649 0.291423
12 0.320867 0.350342
13 0.379507 0.411244
14 0.437498 0.472084
15 0.501203 0.532226
16 0.561518 0.59185
17 0.616431 0.643661
18 0.668269 0.692062
19 0.714994 0.735751
20 0.757866 0.773602
21 0.795891 0.80658
22 0.828517 0.834478
23 0.857624 0.859248
24 0.883344 0.880965
25 0.906237 0.900098
26 0.926171 0.916697
27 0.940302 0.93161
28 0.9514 0.944419
29 0.960268 0.955319
30 0.967429 0.963883
31 0.973432 0.971249
32 0.979012 0.977508
33 0.984039 0.982535
34 0.988173 0.986285
35 0.991597 0.989085
36 0.99442 0.99142
37 0.99634 0.993407
38 0.997715 0.995089
39 0.998637 0.996422
40 0.999231 0.997467
41 0.999592 0.998119
42 0.999841 0.998604
43 0.999983 0.999033
44 1 0.999346
45 1 0.999551
