1 0.00740922 0.00610423
2 0.0141323 0.0120769
3 0.0213032 0.0185956
4 0.0300746 0.0260006
5 0.0470973 0.0354606
6 0.064638 0.0469429
7 0.0842771 0.0596892
8 0.107065 0.0763975
9 0.132155 0.0976271
10 0.162886 0.121932
11 0.198878 0.148906
12 0.234532 0.180389
13 0.271941 0.215613
14 0.313605 0.256214
15 0.353467 0.294104
16 0.394194 0.32998
17 0.438506 0.364453
18 0.48261 0.398022
19 0.52988 0.432356
20 0.573798 0.463592
21 0.61877 0.493317
22 0.662955 0.522183
23 0.706696 0.551029
24 0.746881 0.5797
25 0.783412 0.608481
26 0.814575 0.636255
27 0.842041 0.662448
28 0.866474 0.684845
29 0.887648 0.705828
30 0.907601 0.726963
31 0.924687 0.745739
32 0.939429 0.762518
33 0.951548 0.780172
34 0.962033 0.799554
35 0.970673 0.818335
36 0.977653 0.835752
37 0.98366 0.853045
38 0.988532 0.870126
39 0.992157 0.884848
40 0.994625 0.897232
41 0.996499 0.9083
42 0.997601 0.918626
43 0.998415 0.929153
44 0.999061 0.939731
45 0.999582 0.949203
46 0.999876 0.957622
47 0.999979 0.965797
48 1 0.974127
49 1 0.980684
