1 0.00736356 0.0107951
2 0.0143206 0.0217345
3 0.0215315 0.0348743
4 0.0299644 0.0508173
5 0.0462976 0.0694619
6 0.0634807 0.0927885
7 0.0812542 0.119366
8 0.103647 0.149421
9 0.129647 0.184543
10 0.160154 0.228661
11 0.194126 0.278656
12 0.22783 0.334077
13 0.263255 0.403025
14 0.304162 0.474401
15 0.343805 0.542324
16 0.38288 0.620185
17 0.426352 0.68865
18 0.470889 0.754421
19 0.515092 0.805973
20 0.557948 0.854329
21 0.600668 0.892448
22 0.642385 0.921919
23 0.686605 0.947751
24 0.728202 0.970375
25 0.765907 0.985009
26 0.799042 0.992034
27 0.827277 0.996625
28 0.852352 0.999713
29 0.874987 1
30 0.894807 1
31 0.912966 1
32 0.929356 1
33 0.94376 1
