1 0.0112655 0.0121695
2 0.0229029 0.0229985
3 0.0368079 0.0356793
4 0.0540909 0.050347
5 0.0746281 0.0721074
6 0.0992536 0.0996822
7 0.127384 0.138393
8 0.162593 0.184942
9 0.206364 0.227169
10 0.257105 0.273254
11 0.29836 0.32607
12 0.343835 0.390709
13 0.388706 0.453919
14 0.431787 0.506917
15 0.47444 0.556136
16 0.517727 0.605245
17 0.562306 0.647089
18 0.604641 0.685387
19 0.643032 0.721085
20 0.67743 0.754682
21 0.709055 0.786348
22 0.739558 0.815833
23 0.769393 0.843744
24 0.797528 0.868229
25 0.821446 0.889978
26 0.843714 0.909985
27 0.864166 0.926943
28 0.883091 0.942056
29 0.901684 0.955245
30 0.921439 0.966907
31 0.93539 0.976443
32 0.948507 0.984467
33 0.95961 0.991019
34 0.969019 0.995018
35 0.977043 0.997432
36 0.983523 0.998904
37 0.98882 0.999584
38 0.992415 1
39 0.995328 1
40 0.997404 1
