1 0.0116477 0.0119975
2 0.0230269 0.0236074
3 0.0371074 0.0359901
4 0.0549303 0.0511407
5 0.0761415 0.0714
6 0.102645 0.0921679
7 0.131493 0.114837
8 0.169225 0.143402
9 0.214979 0.179968
10 0.271914 0.224454
11 0.314481 0.283627
12 0.36218 0.354343
13 0.405891 0.422099
14 0.447441 0.486422
15 0.489626 0.56122
16 0.534109 0.622193
17 0.57992 0.682711
18 0.622893 0.732647
19 0.658833 0.776274
20 0.689334 0.816067
21 0.718218 0.850622
22 0.746191 0.87897
23 0.77274 0.903504
24 0.798561 0.922348
25 0.821204 0.936035
26 0.84117 0.947758
27 0.861129 0.961958
28 0.881945 0.971958
29 0.902645 0.979731
30 0.923556 0.986417
31 0.937203 0.991773
32 0.94923 0.995457
33 0.959912 0.997331
34 0.968608 0.998383
35 0.976038 0.998936
36 0.982058 0.999328
37 0.987268 0.999674
38 0.991477 0.999872
39 0.994783 1
40 0.997381 1
41 0.998642 1
