1 0.00946167 0.0164827
2 0.0185352 0.0316616
3 0.027749 0.0471915
4 0.0372852 0.0628233
5 0.047301 0.0789315
6 0.0578613 0.0958494
7 0.0698169 0.113781
8 0.0851978 0.137338
9 0.106602 0.170658
10 0.132052 0.207037
11 0.163214 0.248807
12 0.197778 0.298153
13 0.239451 0.355938
14 0.277332 0.421741
15 0.31275 0.483145
16 0.351439 0.549893
17 0.386597 0.608685
18 0.419883 0.665333
19 0.456218 0.709721
20 0.491172 0.746878
21 0.527216 0.776816
22 0.563185 0.806511
23 0.597605 0.846546
24 0.63327 0.87809
25 0.671545 0.903135
26 0.71114 0.925013
27 0.745796 0.9401
28 0.780264 0.952016
29 0.808085 0.965311
30 0.832125 0.974795
31 0.851692 0.98102
32 0.868416 0.986174
33 0.883456 0.991132
34 0.897187 0.995104
35 0.909877 0.998308
36 0.922034 1
37 0.933151 1
38 0.942028 1
39 0.950215 1
40 0.957517 1
41 0.964169 1
