1 0.0105778 0.0091786
2 0.0202791 0.0180737
3 0.0305793 0.0270297
4 0.0418628 0.0364918
5 0.0547038 0.0469603
6 0.0699043 0.0574763
7 0.0907985 0.0713855
8 0.117988 0.0875329
9 0.154657 0.108557
10 0.202826 0.134668
11 0.2546 0.169872
12 0.303866 0.211027
13 0.356266 0.255504
14 0.407882 0.30047
15 0.459877 0.34211
16 0.516865 0.383744
17 0.572987 0.424587
18 0.626076 0.470452
19 0.677394 0.520902
20 0.723035 0.56834
21 0.761644 0.614879
22 0.797791 0.660985
23 0.827749 0.705449
24 0.856631 0.746712
25 0.884851 0.786734
26 0.907564 0.819672
27 0.928874 0.847602
28 0.950071 0.875494
29 0.968185 0.901052
30 0.979093 0.923249
31 0.985257 0.943118
32 0.988502 0.957863
33 0.990664 0.967399
34 0.995151 0.975502
35 0.998841 0.983229
36 0.999937 0.989714
37 1 0.993903
38 1 0.997592
39 1 0.999659
40 1 1
