1 0.0102024 0.00966594
2 0.01968 0.0187703
3 0.0298809 0.0283393
4 0.0405362 0.0378656
5 0.0530689 0.0501348
6 0.0681248 0.0663221
7 0.0880897 0.0851969
8 0.114774 0.105915
9 0.150603 0.130008
10 0.197807 0.16438
11 0.245083 0.210437
12 0.292667 0.257021
13 0.344339 0.299464
14 0.397396 0.341323
15 0.450785 0.381146
16 0.503603 0.422099
17 0.558609 0.461871
18 0.612489 0.503051
19 0.665472 0.547889
20 0.70946 0.591198
21 0.746453 0.630925
22 0.781069 0.67075
23 0.811396 0.711983
24 0.842443 0.748569
25 0.870816 0.785197
26 0.894739 0.819009
27 0.916837 0.847879
28 0.937445 0.872309
29 0.957925 0.893374
30 0.971926 0.912555
31 0.981394 0.930088
32 0.984927 0.945225
33 0.987253 0.959444
34 0.993522 0.973144
35 0.998434 0.983481
36 0.999825 0.991212
37 1 0.995756
38 1 0.998201
39 1 0.999917
40 1 1
