1 0.0117419 0.0116588
2 0.0232373 0.0229348
3 0.0348921 0.0352576
4 0.0474312 0.0499149
5 0.0651929 0.0660586
6 0.0870464 0.0862973
7 0.11483 0.110697
8 0.14484 0.133979
9 0.179335 0.159386
10 0.216267 0.19198
11 0.26196 0.235383
12 0.313372 0.284582
13 0.376097 0.338629
14 0.440434 0.39617
15 0.498406 0.456016
16 0.557069 0.510326
17 0.616263 0.560243
18 0.67158 0.606207
19 0.720487 0.650142
20 0.763101 0.691763
21 0.802768 0.731122
22 0.841339 0.769178
23 0.874178 0.804939
24 0.900959 0.83646
25 0.921639 0.860768
26 0.939271 0.886229
27 0.959928 0.910782
28 0.969793 0.930366
29 0.97678 0.947422
30 0.982636 0.959823
31 0.98718 0.967628
32 0.991604 0.973169
33 0.995702 0.978126
34 0.998482 0.982748
35 0.999962 0.986387
36 1 0.989778
37 1 0.992507
38 1 0.994565
39 1 0.996803
