1 0.0121288 0.0120656
2 0.0233925 0.0233154
3 0.0356552 0.035021
4 0.0478095 0.0519175
5 0.0636306 0.0703295
6 0.0839133 0.0931369
7 0.109563 0.119164
8 0.14023 0.151494
9 0.177203 0.18934
10 0.218129 0.234827
11 0.267586 0.290942
12 0.318176 0.350843
13 0.378153 0.412803
14 0.439596 0.476461
15 0.499454 0.540311
16 0.560181 0.595468
17 0.616814 0.650507
18 0.671891 0.701756
19 0.720612 0.754827
20 0.761571 0.809563
21 0.799133 0.859077
22 0.834896 0.896589
23 0.870403 0.928637
24 0.897103 0.955189
25 0.917035 0.981881
26 0.936042 0.995686
27 0.956038 0.998662
28 0.968602 0.999698
29 0.977048 0.999916
30 0.982349 0.999971
31 0.986651 0.999994
32 0.991138 1
