1 0.0200913 0.0168791
2 0.0401309 0.0329685
3 0.0606031 0.0498708
4 0.0822773 0.0681637
5 0.10244 0.0869502
6 0.125638 0.105142
7 0.149931 0.129557
8 0.17975 0.165342
9 0.230252 0.207438
10 0.30467 0.266346
11 0.390839 0.316267
12 0.474664 0.367717
13 0.566768 0.425182
14 0.642626 0.498798
15 0.704241 0.571366
16 0.766169 0.640462
17 0.816409 0.699286
18 0.858897 0.754539
19 0.902083 0.812269
20 0.95735 0.852617
21 0.982119 0.883452
22 0.988994 0.898647
23 0.993799 0.912501
24 0.996667 0.924468
25 0.998536 0.935506
26 0.999433 0.944718
27 0.999794 0.954513
28 0.99998 0.965423
29 1 0.974086
