1 0.00441609 0.00502484
2 0.00857921 0.0099574
3 0.0130283 0.0150856
4 0.0181463 0.0203211
5 0.0250287 0.0266079
6 0.0328697 0.033648
7 0.0414092 0.0416794
8 0.0517674 0.051495
9 0.0658415 0.0651359
10 0.0852582 0.0809968
11 0.10867 0.101454
12 0.132755 0.125469
13 0.158856 0.154582
14 0.18395 0.188823
15 0.211948 0.224043
16 0.241662 0.259946
17 0.271252 0.295655
18 0.300205 0.331101
19 0.329577 0.36434
20 0.357005 0.396173
21 0.386191 0.428399
22 0.419159 0.461389
23 0.451872 0.494561
24 0.484783 0.528234
25 0.517298 0.562864
26 0.548143 0.597781
27 0.576695 0.632475
28 0.603369 0.663693
29 0.629523 0.692912
30 0.655264 0.720379
31 0.682405 0.746279
32 0.708209 0.770584
33 0.733956 0.793504
34 0.759666 0.815298
35 0.785462 0.836008
36 0.810148 0.854718
37 0.834458 0.872469
38 0.856533 0.888613
39 0.876509 0.903465
40 0.895605 0.916495
41 0.912237 0.928575
42 0.926972 0.939781
43 0.93976 0.95022
44 0.951013 0.960348
45 0.96022 0.968223
46 0.968324 0.974996
47 0.975676 0.980868
48 0.981705 0.985824
49 0.985973 0.989597
50 0.989474 0.992658
51 0.992165 0.995356
52 0.994554 0.997793
53 0.996443 0.999584
54 0.997795 0.999831
55 0.998393 0.999976
56 0.998857 1
57 0.999109 1
58 0.999337 1
59 0.999549 1
60 0.999732 1
61 0.999896 1
