1 0.0147624 0.0121814
2 0.0288585 0.0235734
3 0.0429029 0.0356163
4 0.0576472 0.0497022
5 0.0733574 0.0662639
6 0.0889592 0.0888366
7 0.108368 0.111749
8 0.13595 0.138033
9 0.165932 0.173258
10 0.193959 0.217874
11 0.236095 0.270135
12 0.286333 0.329533
13 0.356648 0.380828
14 0.427735 0.431257
15 0.499086 0.474384
16 0.559372 0.515454
17 0.614032 0.547614
18 0.667141 0.574481
19 0.71601 0.599422
20 0.768471 0.622891
21 0.816529 0.644702
22 0.85562 0.665613
23 0.882208 0.683657
24 0.901883 0.697926
25 0.915442 0.71161
26 0.925752 0.725724
27 0.935852 0.739287
28 0.94469 0.752071
29 0.951841 0.766524
30 0.960116 0.780814
31 0.968262 0.796409
32 0.977851 0.813511
33 0.98438 0.828677
34 0.990429 0.843864
35 0.994768 0.860007
36 0.998895 0.874446
37 1 0.891624
38 1 0.912514
39 1 0.934512
40 1 0.95277
41 1 0.969827
42 1 0.983002
43 1 0.988566
