1 0.0149044 0.0198944
2 0.0286157 0.0393389
3 0.0429907 0.0589167
4 0.0583342 0.0794444
5 0.0733419 0.100267
6 0.0889385 0.121939
7 0.109155 0.145394
8 0.134264 0.173017
9 0.161989 0.207506
10 0.191116 0.243628
11 0.230436 0.288039
12 0.280015 0.335761
13 0.345764 0.387261
14 0.415457 0.448178
15 0.476284 0.5311
16 0.534992 0.609183
17 0.590398 0.685639
18 0.646983 0.760478
19 0.70297 0.809483
20 0.75461 0.842028
21 0.80124 0.8684
22 0.840483 0.889206
23 0.870015 0.907072
24 0.892133 0.922561
25 0.910682 0.935589
26 0.923995 0.946778
27 0.936092 0.956772
28 0.947038 0.967328
29 0.956216 0.974967
30 0.966624 0.981444
31 0.977051 0.986383
32 0.984873 0.99055
33 0.990217 0.993439
34 0.994935 0.996189
35 0.998148 0.997722
36 0.99944 0.998794
37 1 0.999339
38 1 0.999606
39 1 0.999794
40 1 0.99995
41 1 0.999989
42 1 1
43 1 1
