1 0.00816783 0.00887532
2 0.0166454 0.0170799
3 0.0259406 0.0258891
4 0.0364141 0.0361778
5 0.0488658 0.0488509
6 0.066221 0.064967
7 0.0900304 0.0847529
8 0.119043 0.106468
9 0.15123 0.131399
10 0.18436 0.163812
11 0.220714 0.200583
12 0.264296 0.246563
13 0.314581 0.304193
14 0.367778 0.36191
15 0.420216 0.421113
16 0.475655 0.478877
17 0.527295 0.537817
18 0.578134 0.588808
19 0.629379 0.642498
20 0.674428 0.691248
21 0.711448 0.734616
22 0.742831 0.77499
23 0.771889 0.815187
24 0.797461 0.850184
25 0.819871 0.883864
26 0.839971 0.913713
27 0.858198 0.936708
28 0.873607 0.957495
29 0.88775 0.971396
30 0.900618 0.979535
31 0.91183 0.986122
32 0.922168 0.992096
33 0.931973 0.995589
34 0.940921 0.998137
35 0.949268 0.998687
36 0.955804 0.999295
37 0.961817 0.999862
38 0.967115 1
