1 0.0145325 0.0129191
2 0.0282438 0.0256096
3 0.0422701 0.0390715
4 0.057061 0.0527416
5 0.0714592 0.066836
6 0.0874587 0.0823079
7 0.10735 0.0976145
8 0.133334 0.113682
9 0.159917 0.134199
10 0.188324 0.163883
11 0.227988 0.209958
12 0.276756 0.260767
13 0.343949 0.319835
14 0.408027 0.380237
15 0.468856 0.441641
16 0.525041 0.50081
17 0.581165 0.552591
18 0.636653 0.602359
19 0.688789 0.653609
20 0.742076 0.706385
21 0.788223 0.754133
22 0.827474 0.789726
23 0.859842 0.818463
24 0.883605 0.84343
25 0.903363 0.865469
26 0.917565 0.884483
27 0.929737 0.90061
28 0.939437 0.915341
29 0.948246 0.928105
30 0.9586 0.939759
31 0.970046 0.950448
32 0.979718 0.959843
33 0.98587 0.968489
34 0.991782 0.976051
35 0.996787 0.98239
36 0.999277 0.987183
37 1 0.991197
38 1 0.994566
39 1 0.996453
40 1 0.997388
41 1 0.99807
42 1 0.998737
43 1 0.999239
