1 0.00742684 0.00916135
2 0.0142594 0.0182526
3 0.0215153 0.0289892
4 0.0298329 0.0401307
5 0.0403811 0.0544691
6 0.0585936 0.0711368
7 0.0793618 0.0924155
8 0.104507 0.119023
9 0.132122 0.151848
10 0.167118 0.189984
11 0.209402 0.240698
12 0.251938 0.299324
13 0.293955 0.360005
14 0.340342 0.415922
15 0.387729 0.468893
16 0.436588 0.524512
17 0.481819 0.579386
18 0.526211 0.630523
19 0.572736 0.679962
20 0.615294 0.726901
21 0.65861 0.767833
22 0.692039 0.803567
23 0.722432 0.836138
24 0.749691 0.865977
25 0.774473 0.891787
26 0.79722 0.911644
27 0.817848 0.929495
28 0.836547 0.944826
29 0.854167 0.958106
30 0.870657 0.968331
31 0.886098 0.975855
32 0.900086 0.982239
33 0.912638 0.988251
34 0.923728 0.993096
35 0.934042 0.996483
36 0.943563 0.99798
37 0.952555 0.999035
38 0.961343 0.999724
39 0.968626 0.999986
40 0.974532 1
41 0.979631 1
42 0.984248 1
43 0.987956 1
