1 0.0249246 0.01671
2 0.0479963 0.0328645
3 0.0720529 0.0488878
4 0.0943798 0.0649867
5 0.117168 0.0815225
6 0.140049 0.0995758
7 0.164678 0.121689
8 0.192502 0.152463
9 0.228101 0.192665
10 0.272281 0.239202
11 0.316368 0.30304
12 0.412108 0.372872
13 0.486981 0.427406
14 0.537729 0.468714
15 0.577852 0.502144
16 0.61068 0.535576
17 0.64093 0.571913
18 0.668507 0.610903
19 0.697618 0.644189
20 0.724414 0.683691
21 0.74892 0.721005
22 0.772625 0.752203
23 0.791967 0.782149
24 0.811905 0.809153
25 0.832182 0.835253
26 0.852527 0.858717
27 0.86863 0.880694
28 0.886636 0.897791
29 0.901958 0.912766
30 0.917316 0.926764
31 0.93068 0.939937
32 0.942942 0.952312
33 0.953635 0.962803
34 0.963983 0.971526
35 0.973019 0.978957
36 0.98093 0.98533
37 0.987208 0.990688
38 0.992102 0.99446
39 0.995223 0.997099
40 0.997833 0.998599
41 0.999052 0.999477
42 0.999766 0.999884
43 1 0.999975
44 1 1
