1 0.0251893 0.0117339
2 0.0484949 0.0229492
3 0.072133 0.0356489
4 0.0953155 0.0492057
5 0.118824 0.0645117
6 0.141908 0.0796289
7 0.164358 0.104915
8 0.187615 0.134032
9 0.220634 0.166758
10 0.264192 0.206686
11 0.311376 0.253969
12 0.396978 0.302487
13 0.470594 0.360113
14 0.527418 0.434861
15 0.57414 0.495677
16 0.6159 0.54998
17 0.651702 0.600291
18 0.686014 0.653283
19 0.721176 0.703234
20 0.751893 0.750538
21 0.778252 0.792038
22 0.803909 0.829128
23 0.827886 0.865226
24 0.84687 0.902394
25 0.861644 0.92776
26 0.878726 0.948294
27 0.893376 0.964052
28 0.906944 0.974045
29 0.919304 0.980985
30 0.931794 0.986241
31 0.943644 0.990436
32 0.953315 0.993804
33 0.96133 0.996135
34 0.968464 0.997776
35 0.974718 0.99878
36 0.980369 0.999338
37 0.985756 0.999635
38 0.990231 0.999829
39 0.993567 0.999954
40 0.996202 0.999989
41 0.998098 1
