1 0.0245491 0.0168239
2 0.0474238 0.0322526
3 0.0697815 0.0481755
4 0.0932102 0.063945
5 0.116479 0.0804386
6 0.140776 0.0997807
7 0.163564 0.121295
8 0.185983 0.146379
9 0.214829 0.172187
10 0.252884 0.200872
11 0.296879 0.244545
12 0.377279 0.305266
13 0.4547 0.367766
14 0.516122 0.433598
15 0.56626 0.497725
16 0.610859 0.560346
17 0.646531 0.618105
18 0.68277 0.670081
19 0.716941 0.724931
20 0.748372 0.77133
21 0.774872 0.814541
22 0.801114 0.852276
23 0.823441 0.885911
24 0.844395 0.910575
25 0.861502 0.931307
26 0.87928 0.949169
27 0.895931 0.964355
28 0.909172 0.975844
29 0.922204 0.983974
30 0.934417 0.98937
31 0.945639 0.992401
32 0.954897 0.994591
33 0.963139 0.996351
34 0.970809 0.997844
35 0.977827 0.998835
36 0.983817 0.999413
37 0.988747 0.99976
38 0.992884 0.999939
39 0.995556 1
40 0.997673 1
