1 0.00853018 0.00896668
2 0.0162669 0.017506
3 0.0243691 0.026857
4 0.0347789 0.0376068
5 0.0480229 0.0504475
6 0.0636446 0.065903
7 0.0830515 0.0851223
8 0.109501 0.110976
9 0.141361 0.142412
10 0.178949 0.177454
11 0.219048 0.221411
12 0.264653 0.2695
13 0.31557 0.318498
14 0.371389 0.370731
15 0.426004 0.4165
16 0.480903 0.465364
17 0.536385 0.517577
18 0.5858 0.576539
19 0.633185 0.631858
20 0.680989 0.680824
21 0.731945 0.727167
22 0.771508 0.77043
23 0.807817 0.815867
24 0.845588 0.854909
25 0.885753 0.887322
26 0.916755 0.910965
27 0.94167 0.932751
28 0.961544 0.950266
29 0.973909 0.963173
30 0.983569 0.973651
31 0.990847 0.981841
32 0.996217 0.987704
33 0.99873 0.99218
34 0.999841 0.995515
35 1 0.997364
36 1 0.998475
37 1 0.99927
38 1 0.99961
39 1 0.999914
