1 0.00848595 0.00765218
2 0.0162318 0.0149234
3 0.0241662 0.0230371
4 0.0343783 0.0327396
5 0.0476795 0.0459191
6 0.0633091 0.0615949
7 0.0828434 0.0794928
8 0.108192 0.101239
9 0.141666 0.131438
10 0.179242 0.167534
11 0.223563 0.207371
12 0.269028 0.251563
13 0.321547 0.301541
14 0.375609 0.357307
15 0.43015 0.411088
16 0.486439 0.464343
17 0.538816 0.513693
18 0.58792 0.561333
19 0.635178 0.606531
20 0.68134 0.655123
21 0.730131 0.703175
22 0.76985 0.747026
23 0.805856 0.789913
24 0.844261 0.824798
25 0.888538 0.858903
26 0.921041 0.89431
27 0.947415 0.928617
28 0.966547 0.951306
29 0.979092 0.966752
30 0.987761 0.976953
31 0.993675 0.984503
32 0.997374 0.989824
33 0.998956 0.993498
34 0.999852 0.996231
35 1 0.99807
36 1 0.999081
37 1 0.999751
38 1 0.99998
39 1 1
