1 0.00860562 0.00978516
2 0.0166402 0.0188525
3 0.0246553 0.0280115
4 0.0348257 0.0375073
5 0.0483819 0.0488379
6 0.0640206 0.0646167
7 0.0832973 0.0828821
8 0.108446 0.104945
9 0.139732 0.132948
10 0.176985 0.16954
11 0.218482 0.221804
12 0.265428 0.274974
13 0.318098 0.331624
14 0.373435 0.384142
15 0.427959 0.444464
16 0.482621 0.513397
17 0.534536 0.566001
18 0.584605 0.614205
19 0.632966 0.664487
20 0.682358 0.71958
21 0.731433 0.774246
22 0.771893 0.819044
23 0.807111 0.855356
24 0.845611 0.889203
25 0.88603 0.919863
26 0.916969 0.943459
27 0.942314 0.962855
28 0.960532 0.977343
29 0.973365 0.986844
30 0.983594 0.992754
31 0.991026 0.996127
32 0.995821 0.998049
33 0.99875 0.99896
34 0.999949 0.999475
35 1 0.999774
36 1 0.999918
37 1 0.999984
38 1 1
39 1 1
