1 0.00583319 0.00559343
2 0.0113092 0.0107413
3 0.0170123 0.0162625
4 0.0233871 0.02279
5 0.031133 0.0311398
6 0.0415613 0.0426861
7 0.0539222 0.0568818
8 0.0687767 0.0721938
9 0.0854624 0.0919131
10 0.105501 0.118957
11 0.129946 0.148278
12 0.162727 0.181205
13 0.19498 0.223474
14 0.229775 0.271307
15 0.266082 0.319799
16 0.300975 0.367529
17 0.33222 0.412828
18 0.361973 0.4584
19 0.391245 0.503968
20 0.422103 0.549833
21 0.449456 0.594987
22 0.475011 0.641554
23 0.49997 0.684808
24 0.524157 0.725462
25 0.546465 0.763973
26 0.568802 0.801211
27 0.589836 0.836263
28 0.611464 0.869032
29 0.632665 0.893059
30 0.653909 0.911396
31 0.674843 0.928765
32 0.695881 0.946597
33 0.717592 0.961887
34 0.73874 0.973516
35 0.759783 0.98214
36 0.779779 0.987577
37 0.800053 0.991343
38 0.82153 0.994193
39 0.843258 0.996343
40 0.862826 0.998025
41 0.879224 0.998916
42 0.894554 0.999542
43 0.908626 0.999887
44 0.922945 0.999953
45 0.934422 0.999982
46 0.945171 1
47 0.95462 1
48 0.962514 1
49 0.968855 1
