1 0.00960912 0.00472945
2 0.0186151 0.00927044
3 0.0276518 0.0145075
4 0.036908 0.0204463
5 0.0464625 0.0277078
6 0.0557803 0.037006
7 0.0654671 0.0480055
8 0.0801769 0.0613383
9 0.0996164 0.0779888
10 0.12431 0.0988912
11 0.158172 0.12192
12 0.194635 0.14674
13 0.231939 0.176242
14 0.270088 0.206668
15 0.308098 0.238812
16 0.342632 0.270572
17 0.375087 0.30128
18 0.408827 0.332485
19 0.443901 0.363391
20 0.478219 0.394508
21 0.518335 0.42649
22 0.555566 0.459438
23 0.588663 0.493863
24 0.619474 0.526233
25 0.648328 0.556542
26 0.675382 0.587482
27 0.699961 0.61793
28 0.723936 0.648377
29 0.745934 0.678524
30 0.76614 0.707651
31 0.785842 0.735794
32 0.804511 0.765714
33 0.822159 0.79407
34 0.839422 0.81843
35 0.855738 0.842377
36 0.87101 0.863747
37 0.885798 0.881302
38 0.89925 0.896934
39 0.912157 0.911287
40 0.924004 0.925974
41 0.935545 0.939073
42 0.946038 0.95111
43 0.956249 0.96258
44 0.964661 0.972338
45 0.972662 0.97926
46 0.978951 0.984465
47 0.983644 0.987791
48 0.986744 0.990016
49 0.98921 0.991809
50 0.991336 0.993684
51 0.993131 0.995214
52 0.994434 0.996507
53 0.995456 0.997469
54 0.996292 0.998378
55 0.997088 0.999098
56 0.997831 0.999395
57 0.998516 0.999631
58 0.999076 0.999829
59 0.999604 0.999968
60 0.999762 1
61 0.9999 1
62 1 1
63 1 1
