1 0.0162284 0.0139305
2 0.0317431 0.0268807
3 0.0469118 0.0400185
4 0.0625433 0.0539437
5 0.091769 0.0725882
6 0.122457 0.093772
7 0.1567 0.118684
8 0.190644 0.149676
9 0.235757 0.190234
10 0.285437 0.238837
11 0.345744 0.29536
12 0.42298 0.351177
13 0.497569 0.406558
14 0.564801 0.461955
15 0.630515 0.515397
16 0.686587 0.565483
17 0.738175 0.609956
18 0.783071 0.656404
19 0.826531 0.700719
20 0.877318 0.74622
21 0.91417 0.785853
22 0.942448 0.81512
23 0.959083 0.841768
24 0.968988 0.865261
25 0.977189 0.886379
26 0.983694 0.905565
27 0.988369 0.924904
28 0.99224 0.937588
29 0.99516 0.948707
30 0.997037 0.957915
31 0.998136 0.965797
32 0.999148 0.973497
33 0.999792 0.980045
34 0.999991 0.985996
35 1 0.99142
