1 0.0160532 0.0249239
2 0.0307099 0.0475668
3 0.0452006 0.0701063
4 0.0598148 0.092077
5 0.0749961 0.114076
6 0.0900039 0.135145
7 0.105656 0.157208
8 0.121354 0.184849
9 0.140748 0.227837
10 0.167465 0.269664
11 0.202573 0.321798
12 0.248627 0.384033
13 0.293546 0.431428
14 0.331235 0.479707
15 0.363503 0.528256
16 0.394633 0.571715
17 0.425204 0.609802
18 0.45265 0.650198
19 0.477365 0.683499
20 0.500988 0.72297
21 0.526466 0.76351
22 0.549907 0.80112
23 0.570914 0.83156
24 0.592122 0.859586
25 0.613997 0.883884
26 0.635058 0.904527
27 0.654738 0.918121
28 0.676157 0.928107
29 0.695421 0.936208
30 0.713939 0.944441
31 0.741725 0.952893
32 0.767851 0.962982
33 0.792002 0.975277
34 0.81858 0.996794
35 0.841304 1
36 0.862654 1
37 0.882681 1
38 0.899055 1
