1 0.0162327 0.0139283
2 0.0312803 0.0270677
3 0.0470458 0.0410651
4 0.0630147 0.0607101
5 0.0895891 0.0804504
6 0.117292 0.102147
7 0.150623 0.129609
8 0.18689 0.155842
9 0.239732 0.184602
10 0.292003 0.221433
11 0.350368 0.264435
12 0.428841 0.316736
13 0.512197 0.368037
14 0.582578 0.420657
15 0.647937 0.465289
16 0.702435 0.509303
17 0.749503 0.553508
18 0.792898 0.592025
19 0.83247 0.625779
20 0.874944 0.657715
21 0.912599 0.691933
22 0.937712 0.723455
23 0.95567 0.751654
24 0.966704 0.778317
25 0.975528 0.802742
26 0.982189 0.822436
27 0.987513 0.839536
28 0.991756 0.854329
29 0.994412 0.86859
30 0.996458 0.882035
31 0.997729 0.894441
32 0.998819 0.906177
33 0.999611 0.918356
34 1 0.928534
35 1 0.938679
