1 0.00389075 0.00436753
2 0.0078294 0.00850989
3 0.0120774 0.012985
4 0.0168742 0.0178912
5 0.0222042 0.0240104
6 0.0283702 0.031323
7 0.0362729 0.0415798
8 0.0463404 0.0540416
9 0.059816 0.0688874
10 0.0761244 0.0903024
11 0.0970838 0.114302
12 0.121985 0.142098
13 0.150827 0.172301
14 0.179774 0.205083
15 0.208298 0.238262
16 0.238078 0.27249
17 0.269744 0.308443
18 0.303181 0.350484
19 0.33765 0.394788
20 0.375137 0.43901
21 0.415324 0.486713
22 0.457398 0.531102
23 0.500821 0.574166
24 0.54232 0.615039
25 0.581855 0.654866
26 0.621109 0.69463
27 0.660129 0.732447
28 0.69606 0.767873
29 0.731041 0.800036
30 0.763813 0.829211
31 0.794071 0.854866
32 0.822024 0.878393
33 0.848503 0.900156
34 0.872758 0.918815
35 0.894579 0.93515
36 0.913133 0.947979
37 0.929262 0.958347
38 0.943256 0.966123
39 0.95464 0.973527
40 0.964214 0.979347
41 0.97197 0.983839
42 0.978584 0.987346
43 0.983509 0.990263
44 0.987431 0.992823
45 0.990312 0.994983
46 0.992424 0.996627
47 0.994172 0.997769
48 0.995595 0.998597
49 0.996805 0.999209
50 0.997711 0.999627
51 0.998473 0.999967
52 0.999068 0.999996
53 0.999483 1
54 0.999763 1
