1 0.00616252 0.00564877
2 0.0121361 0.0108826
3 0.0183691 0.0162848
4 0.0251503 0.0220772
5 0.0326439 0.0285574
6 0.0412664 0.0384867
7 0.0511029 0.05019
8 0.0629863 0.0626829
9 0.0797559 0.0762955
10 0.101764 0.0938547
11 0.126719 0.117424
12 0.15547 0.142311
13 0.188652 0.167968
14 0.223104 0.195665
15 0.257907 0.224293
16 0.290034 0.251244
17 0.32233 0.280463
18 0.355924 0.30997
19 0.391494 0.338465
20 0.429152 0.369064
21 0.468839 0.406705
22 0.5096 0.441526
23 0.550755 0.473616
24 0.590018 0.504846
25 0.626015 0.535131
26 0.659492 0.565952
27 0.690852 0.596282
28 0.721629 0.625968
29 0.750742 0.656137
30 0.775858 0.684003
31 0.798722 0.712158
32 0.819538 0.739445
33 0.837846 0.766334
34 0.855021 0.794962
35 0.871511 0.820851
36 0.886563 0.84318
37 0.90078 0.863587
38 0.912849 0.881287
39 0.923543 0.896537
40 0.933398 0.910342
41 0.942723 0.923058
42 0.951199 0.936495
43 0.958928 0.947578
44 0.966359 0.957157
45 0.972784 0.965319
46 0.978486 0.97146
47 0.982967 0.976916
48 0.986289 0.981381
49 0.989339 0.98477
50 0.991654 0.987524
51 0.994037 0.989944
52 0.995364 0.992421
53 0.996414 0.994681
54 0.997258 0.996559
55 0.998035 0.99826
56 0.998646 0.999468
57 0.999116 0.999841
58 0.999506 0.999987
59 0.999704 1
60 0.999849 1
61 0.99996 1
