1 0.00595312 0.00531194
2 0.0115722 0.0105331
3 0.0174744 0.0159803
4 0.0240871 0.0226184
5 0.0317011 0.0311744
6 0.0404907 0.0411299
7 0.0507921 0.0530723
8 0.0620402 0.0675187
9 0.0773963 0.0845292
10 0.0978556 0.104211
11 0.121931 0.129245
12 0.148984 0.157106
13 0.178533 0.189088
14 0.210372 0.227437
15 0.242837 0.26621
16 0.273021 0.305765
17 0.305159 0.346298
18 0.337888 0.392176
19 0.372662 0.436502
20 0.408548 0.477066
21 0.44764 0.51497
22 0.487099 0.552457
23 0.526773 0.587908
24 0.564861 0.622112
25 0.599784 0.653978
26 0.633478 0.683207
27 0.665046 0.711941
28 0.695094 0.739976
29 0.725118 0.767242
30 0.751805 0.79221
31 0.775014 0.816561
32 0.796744 0.839013
33 0.816775 0.860074
34 0.835232 0.879065
35 0.853252 0.896696
36 0.870059 0.912889
37 0.885658 0.927644
38 0.899352 0.941224
39 0.911146 0.952437
40 0.921954 0.963091
41 0.932585 0.97214
42 0.942077 0.979317
43 0.950579 0.985223
44 0.958494 0.989679
45 0.966335 0.993174
46 0.973467 0.99581
47 0.978883 0.997574
48 0.983081 0.998711
49 0.986636 0.999349
50 0.989599 0.999746
51 0.992747 0.999919
52 0.994469 1
53 0.995644 1
