1 0.00636958 0.00498761
2 0.0124036 0.00958539
3 0.0187422 0.0144575
4 0.0252106 0.0201249
5 0.0328663 0.0281755
6 0.0415022 0.0396478
7 0.0528003 0.0529969
8 0.067246 0.0688147
9 0.0877662 0.0876948
10 0.110972 0.110338
11 0.136819 0.135232
12 0.169961 0.164312
13 0.206858 0.197473
14 0.244692 0.233275
15 0.27951 0.271471
16 0.312056 0.309607
17 0.345901 0.347238
18 0.380323 0.383052
19 0.41353 0.420181
20 0.449091 0.45995
21 0.483969 0.498377
22 0.519054 0.5388
23 0.552953 0.57828
24 0.586322 0.614074
25 0.618702 0.648659
26 0.648514 0.684252
27 0.675231 0.719469
28 0.700053 0.752167
29 0.722846 0.781492
30 0.743565 0.808569
31 0.763197 0.832605
32 0.78421 0.855343
33 0.806643 0.879995
34 0.827647 0.899638
35 0.847427 0.913648
36 0.865141 0.927445
37 0.881249 0.939396
38 0.896014 0.949533
39 0.9085 0.957869
40 0.921445 0.965177
41 0.934986 0.972674
42 0.946033 0.980494
43 0.95473 0.98643
44 0.96232 0.99181
45 0.968144 0.994935
46 0.973712 0.996828
47 0.980996 0.998003
48 0.986866 0.999091
49 0.991821 0.999663
50 0.995046 0.999887
51 0.996948 0.999974
52 0.998313 0.999995
53 0.99914 1
