1 0.00484641 0.00499531
2 0.00939234 0.00956572
3 0.0142318 0.0143092
4 0.0203985 0.0195884
5 0.0282384 0.0271477
6 0.0405812 0.0374543
7 0.054269 0.0493093
8 0.0683409 0.0633612
9 0.0851816 0.0820027
10 0.10684 0.103278
11 0.131453 0.127903
12 0.160954 0.154068
13 0.191492 0.185026
14 0.22505 0.218647
15 0.260614 0.255055
16 0.295171 0.293858
17 0.329091 0.333397
18 0.36333 0.372761
19 0.399735 0.411827
20 0.43537 0.453977
21 0.46928 0.496622
22 0.50267 0.542456
23 0.535147 0.585879
24 0.568375 0.624742
25 0.599406 0.661207
26 0.627706 0.695549
27 0.655948 0.729702
28 0.684438 0.761979
29 0.712554 0.789621
30 0.740634 0.815963
31 0.767967 0.837678
32 0.794083 0.857609
33 0.816741 0.876549
34 0.839752 0.894089
35 0.861509 0.910931
36 0.882885 0.924386
37 0.901553 0.935271
38 0.918111 0.94434
39 0.93348 0.951599
40 0.945767 0.958682
41 0.956336 0.965803
42 0.965462 0.971544
43 0.972575 0.97607
44 0.977968 0.979765
45 0.981974 0.982907
46 0.985272 0.985501
47 0.988382 0.987658
48 0.991063 0.989422
49 0.993419 0.991199
50 0.995563 0.993208
51 0.997198 0.995382
52 0.997759 0.996913
53 0.998237 0.998508
54 0.998707 0.999103
55 0.999134 1
56 0.99943 1
57 0.999678 1
58 0.99989 1
59 0.999995 1
60 1 1
61 1 1
62 1 1
