1 0.00490285 0.0042031
2 0.00958689 0.00820945
3 0.0146541 0.0125334
4 0.0206574 0.0178146
5 0.0289716 0.0252662
6 0.0412772 0.0356147
7 0.0550917 0.0487826
8 0.0691701 0.0638893
9 0.0862449 0.0806974
10 0.108171 0.100782
11 0.133156 0.124141
12 0.162187 0.150854
13 0.192171 0.178791
14 0.224611 0.208909
15 0.259821 0.240842
16 0.293115 0.274474
17 0.327522 0.3093
18 0.362208 0.346402
19 0.398337 0.386676
20 0.433356 0.42757
21 0.466857 0.466337
22 0.500129 0.505114
23 0.532446 0.543555
24 0.565349 0.582712
25 0.595823 0.619213
26 0.62446 0.653237
27 0.652117 0.685448
28 0.68108 0.717158
29 0.709764 0.746816
30 0.738759 0.776421
31 0.766355 0.802452
32 0.792739 0.825936
33 0.816942 0.848658
34 0.84015 0.873248
35 0.86162 0.894712
36 0.882551 0.9124
37 0.901264 0.928002
38 0.918126 0.941914
39 0.932977 0.9546
40 0.944914 0.965634
41 0.955736 0.973891
42 0.964842 0.980565
43 0.972249 0.986074
44 0.977955 0.98964
45 0.982092 0.992306
46 0.985652 0.994479
47 0.988642 0.996411
48 0.991078 0.998069
49 0.993462 0.999023
50 0.995415 0.999512
51 0.997135 0.999732
52 0.997785 0.999923
53 0.998282 1
54 0.998746 1
55 0.999108 1
56 0.999453 1
57 0.999694 1
58 0.999865 1
