1 0.00789861 0.01122
2 0.0154792 0.022104
3 0.023675 0.033704
4 0.0326972 0.046646
5 0.0454667 0.065826
6 0.0617694 0.08864
7 0.0838694 0.113868
8 0.109497 0.14567
9 0.139053 0.184962
10 0.173176 0.229724
11 0.213217 0.283306
12 0.259093 0.357996
13 0.304749 0.428918
14 0.353097 0.491454
15 0.402325 0.55408
16 0.452642 0.61301
17 0.501829 0.664026
18 0.549435 0.711808
19 0.595386 0.759712
20 0.63779 0.803168
21 0.678599 0.841084
22 0.719271 0.87597
23 0.756658 0.904198
24 0.791224 0.93009
25 0.826993 0.95122
26 0.861896 0.964538
27 0.891569 0.976176
28 0.916708 0.984426
29 0.936465 0.989884
30 0.9529 0.993618
31 0.965589 0.996084
32 0.975553 0.997874
33 0.982799 0.999078
34 0.987383 0.99996
35 0.991139 1
36 0.993947 1
37 0.995999 1
