1 0.00814583 0.00805241
2 0.015575 0.0155241
3 0.0232153 0.0236898
4 0.0318278 0.0338914
5 0.0446819 0.0465432
6 0.0616097 0.0627035
7 0.0838708 0.0828219
8 0.106899 0.108023
9 0.133865 0.13913
10 0.167967 0.179172
11 0.210626 0.226883
12 0.259101 0.27419
13 0.308136 0.331733
14 0.358812 0.387498
15 0.409144 0.440828
16 0.460703 0.493137
17 0.51195 0.544764
18 0.55929 0.593642
19 0.605356 0.641832
20 0.648657 0.689621
21 0.688724 0.735433
22 0.725882 0.779107
23 0.759947 0.82275
24 0.792046 0.867172
25 0.824867 0.907608
26 0.859458 0.938013
27 0.88976 0.958977
28 0.915025 0.973997
29 0.934064 0.98466
30 0.949593 0.99097
31 0.962674 0.995033
32 0.973285 0.997591
33 0.980914 0.999137
34 0.985978 0.999814
35 0.990065 0.999916
36 0.993144 1
37 0.995379 1
38 0.996935 1
39 0.99794 1
