1 0.00789167 0.00798119
2 0.0155639 0.0154958
3 0.023225 0.0236961
4 0.0318208 0.0319942
5 0.0447917 0.0460236
6 0.0612722 0.0630789
7 0.0833903 0.0803689
8 0.109329 0.099842
9 0.139485 0.128671
10 0.175772 0.164724
11 0.217219 0.206341
12 0.263828 0.248151
13 0.308993 0.300011
14 0.359261 0.352248
15 0.410619 0.398103
16 0.462429 0.445292
17 0.51201 0.500314
18 0.558311 0.550707
19 0.603647 0.600335
20 0.646539 0.648852
21 0.687842 0.694671
22 0.727222 0.737885
23 0.763418 0.777629
24 0.796232 0.810499
25 0.828364 0.840529
26 0.862628 0.867637
27 0.891183 0.89291
28 0.915765 0.916061
29 0.935129 0.936129
30 0.951746 0.951579
31 0.964833 0.963858
32 0.97536 0.972481
33 0.983033 0.979985
34 0.987879 0.98606
35 0.991551 0.990362
36 0.994379 0.993544
37 0.996328 0.995848
38 0.997757 0.997778
39 0.998625 0.998728
40 0.999143 0.999329
41 0.999517 0.999727
42 0.999792 0.999908
43 0.999908 0.999995
44 1 1
