1 0.00769882 0.00822628
2 0.0147906 0.0160508
3 0.0225317 0.024484
4 0.0324337 0.034261
5 0.0503887 0.0514633
6 0.07089 0.072326
7 0.092828 0.0935877
8 0.117497 0.116537
9 0.148243 0.142528
10 0.188464 0.176798
11 0.23526 0.214097
12 0.286213 0.252061
13 0.341054 0.292362
14 0.399761 0.342655
15 0.458471 0.394979
16 0.518082 0.445126
17 0.579786 0.494387
18 0.632987 0.549906
19 0.688206 0.605259
20 0.73922 0.655574
21 0.784597 0.699737
22 0.825941 0.740324
23 0.861318 0.775548
24 0.892323 0.806274
25 0.916454 0.831524
26 0.934177 0.852815
27 0.947125 0.872647
28 0.958054 0.891716
29 0.967283 0.907577
30 0.974778 0.922239
31 0.980653 0.934934
32 0.985593 0.945911
33 0.989575 0.955271
34 0.992442 0.963979
35 0.994616 0.971006
36 0.996201 0.976788
37 0.997543 0.982534
38 0.99847 0.987622
39 0.999162 0.990911
40 0.999631 0.993624
41 0.999919 0.99598
42 1 0.997798
43 1 0.998908
44 1 0.999788
45 1 1
