1 0.00835041 0.00947639
2 0.0162208 0.0184556
3 0.0249432 0.0278806
4 0.0347215 0.0379
5 0.0471608 0.0515111
6 0.0613455 0.0692486
7 0.0781611 0.0911889
8 0.0977768 0.114374
9 0.121285 0.143508
10 0.148112 0.183881
11 0.1769 0.238933
12 0.209397 0.305724
13 0.244366 0.370939
14 0.282093 0.436947
15 0.327286 0.507458
16 0.370187 0.572721
17 0.413197 0.635629
18 0.460023 0.695419
19 0.507233 0.74929
20 0.552427 0.799835
21 0.590774 0.852283
22 0.626202 0.897285
23 0.660705 0.930456
24 0.692969 0.954046
25 0.722776 0.969268
26 0.748153 0.980924
27 0.772364 0.990254
28 0.794258 0.996101
29 0.814389 0.999356
30 0.832712 0.999897
31 0.850232 1
32 0.868827 1
33 0.884513 1
34 0.898194 1
