1 0.00965466 0.00694444
2 0.0190312 0.0134356
3 0.0293537 0.0209182
4 0.0404085 0.0287712
5 0.0544034 0.040707
6 0.0691588 0.0548129
7 0.08534 0.0699151
8 0.103015 0.0862674
9 0.124626 0.107292
10 0.153793 0.137858
11 0.191215 0.169695
12 0.239004 0.208316
13 0.295953 0.248209
14 0.352769 0.288168
15 0.405013 0.336338
16 0.459531 0.383667
17 0.509178 0.42981
18 0.555542 0.473872
19 0.601156 0.517373
20 0.645317 0.56262
21 0.690423 0.605246
22 0.727954 0.646365
23 0.766533 0.685573
24 0.798144 0.721344
25 0.826793 0.759069
26 0.852396 0.794566
27 0.875993 0.82654
28 0.89638 0.855543
29 0.913609 0.882246
30 0.927988 0.906942
31 0.940453 0.930169
32 0.951947 0.949667
33 0.961334 0.965228
34 0.968213 0.978446
35 0.973898 0.987874
36 0.978887 0.993156
37 0.983022 0.995868
38 0.98712 0.997649
39 0.990837 0.998746
40 0.993535 0.999415
41 0.995542 0.999784
42 0.997026 0.999943
43 0.998126 1
44 0.999035 1
