1 0.0075638 0.00876029
2 0.0147264 0.0184174
3 0.0222026 0.0294873
4 0.0312511 0.0437877
5 0.043909 0.0590621
6 0.0573529 0.0762054
7 0.0747816 0.0979818
8 0.0985197 0.124441
9 0.129753 0.154969
10 0.166145 0.192011
11 0.205642 0.229571
12 0.2502 0.272812
13 0.299771 0.324468
14 0.345783 0.381394
15 0.39443 0.437184
16 0.442058 0.493633
17 0.491621 0.552217
18 0.540792 0.608338
19 0.588705 0.664738
20 0.636884 0.716097
21 0.679319 0.767781
22 0.720341 0.81417
23 0.759232 0.855077
24 0.795814 0.888105
25 0.829158 0.913515
26 0.858911 0.93311
27 0.885891 0.949451
28 0.911519 0.96286
29 0.930529 0.973623
30 0.946313 0.981468
31 0.958841 0.987366
32 0.968013 0.991773
33 0.975156 0.994988
34 0.980307 0.996962
35 0.984818 0.998237
36 0.989329 0.998956
37 0.992297 0.9994
38 0.994276 0.999703
39 0.995797 0.999928
40 0.997093 1
