1 0.00753244 0.00947188
2 0.0145469 0.018374
3 0.021995 0.0288955
4 0.0308391 0.0417965
5 0.044082 0.0559402
6 0.0585975 0.0751656
7 0.076755 0.0968365
8 0.101909 0.126903
9 0.133378 0.168269
10 0.167221 0.210409
11 0.206082 0.261906
12 0.251571 0.324823
13 0.301785 0.388833
14 0.35089 0.452479
15 0.401622 0.524226
16 0.451796 0.591233
17 0.50267 0.653563
18 0.549792 0.709553
19 0.595869 0.759499
20 0.642565 0.801594
21 0.686379 0.845452
22 0.727709 0.883109
23 0.766265 0.919582
24 0.80306 0.948718
25 0.835644 0.968602
26 0.863157 0.981836
27 0.889337 0.989415
28 0.912952 0.99369
29 0.930095 0.996445
30 0.944486 0.998091
31 0.956134 0.998985
32 0.966091 0.999585
33 0.974204 0.999849
34 0.980822 0.99995
35 0.98625 0.999999
36 0.990746 1
