1 0.0050679 0.00441632
2 0.00979914 0.00859168
3 0.0148678 0.0127968
4 0.0204115 0.0181296
5 0.0268387 0.0245626
6 0.0343683 0.0327798
7 0.043927 0.0418435
8 0.0586007 0.0525734
9 0.0762822 0.0674016
10 0.0973932 0.0868509
11 0.122191 0.111111
12 0.149541 0.141267
13 0.182354 0.173563
14 0.218848 0.207016
15 0.254871 0.246369
16 0.292736 0.284743
17 0.329305 0.324371
18 0.366747 0.3637
19 0.406301 0.404569
20 0.448035 0.444756
21 0.49086 0.484628
22 0.534026 0.526288
23 0.574105 0.567964
24 0.614571 0.609163
25 0.656087 0.649463
26 0.696812 0.687396
27 0.735638 0.724286
28 0.772866 0.757391
29 0.810888 0.788484
30 0.843214 0.818446
31 0.869501 0.846848
32 0.892418 0.871345
33 0.912893 0.89358
34 0.930843 0.912906
35 0.947134 0.931249
36 0.962395 0.948251
37 0.974924 0.961146
38 0.984497 0.971694
39 0.990604 0.980284
40 0.995247 0.986796
41 0.997392 0.99158
42 0.998818 0.994734
43 0.999614 0.997045
44 0.999986 0.998334
45 1 0.998999
46 1 0.999428
47 1 0.999696
48 1 0.999854
49 1 0.999949
