1 0.0140035 0.0126259
2 0.02581 0.024648
3 0.0390829 0.0370504
4 0.0572184 0.0507882
5 0.0829277 0.0708434
6 0.115132 0.102848
7 0.156201 0.132437
8 0.195173 0.161768
9 0.239219 0.195764
10 0.306238 0.234734
11 0.384626 0.293523
12 0.451121 0.356322
13 0.514951 0.419466
14 0.582958 0.491944
15 0.662363 0.57431
16 0.72006 0.645046
17 0.767055 0.710643
18 0.805311 0.763974
19 0.840746 0.8061
20 0.869942 0.841936
21 0.896019 0.869247
22 0.919914 0.89224
23 0.940257 0.913773
24 0.956175 0.934954
25 0.968692 0.953546
26 0.97807 0.975396
27 0.985357 0.986155
28 0.992094 0.992681
29 0.996835 0.996362
30 0.999229 0.998319
31 0.99996 0.999312
32 1 0.999858
