1 0.00363866 0.00358587
2 0.00710904 0.00701151
3 0.0110658 0.0107315
4 0.015576 0.0149684
5 0.0208316 0.0200129
6 0.027734 0.0260158
7 0.0362336 0.0327011
8 0.0473934 0.0402743
9 0.0595977 0.050833
10 0.0745211 0.0646524
11 0.0934771 0.0813042
12 0.114828 0.101061
13 0.139795 0.122741
14 0.164449 0.149625
15 0.191411 0.178209
16 0.221012 0.205923
17 0.253244 0.234427
18 0.286707 0.264914
19 0.321023 0.294306
20 0.354873 0.324295
21 0.389904 0.355769
22 0.424777 0.38798
23 0.460994 0.423916
24 0.497091 0.459794
25 0.534883 0.495905
26 0.572415 0.52994
27 0.608574 0.56342
28 0.642606 0.594744
29 0.673209 0.626414
30 0.70315 0.655665
31 0.732393 0.684655
32 0.761005 0.711781
33 0.787756 0.736377
34 0.813586 0.759024
35 0.836892 0.780842
36 0.857205 0.801264
37 0.876157 0.820685
38 0.893497 0.838826
39 0.908306 0.85541
40 0.922052 0.870675
41 0.934595 0.884818
42 0.945181 0.898839
43 0.954645 0.911314
44 0.963124 0.92219
45 0.97077 0.932377
46 0.976923 0.940868
47 0.981498 0.948862
48 0.985219 0.955498
49 0.988478 0.961648
50 0.991172 0.967321
51 0.993571 0.972544
52 0.995647 0.977346
53 0.997151 0.98161
54 0.998242 0.985204
55 0.998998 0.988182
56 0.999504 0.990535
57 0.999778 0.992504
58 0.999908 0.994112
59 0.999976 0.995425
60 0.999997 0.996544
61 1 0.997422
62 1 0.998124
63 1 0.998673
64 1 0.999147
