1 0.0140993 0.0107313
2 0.0270244 0.0222534
3 0.0401612 0.0385232
4 0.0582968 0.0566667
5 0.0828924 0.0806321
6 0.112487 0.105564
7 0.149791 0.13854
8 0.188607 0.178583
9 0.230088 0.220731
10 0.294402 0.269722
11 0.363059 0.319419
12 0.42711 0.376927
13 0.488682 0.432324
14 0.555243 0.486256
15 0.634553 0.537256
16 0.692245 0.58413
17 0.739864 0.626244
18 0.779073 0.667817
19 0.813434 0.705984
20 0.845503 0.742347
21 0.874946 0.776837
22 0.900232 0.80606
23 0.921623 0.833475
24 0.940166 0.859303
25 0.956417 0.88083
26 0.968561 0.901009
27 0.978539 0.919518
28 0.987604 0.935652
29 0.99353 0.948625
30 0.998262 0.958285
31 0.999793 0.966868
32 1 0.974399
