1 0.00361086 0.00374219
2 0.0071553 0.00725312
3 0.011146 0.0110164
4 0.0155934 0.0154762
5 0.0210322 0.0206895
6 0.0278615 0.026475
7 0.0366784 0.033384
8 0.047596 0.0417912
9 0.0604146 0.0526699
10 0.0760704 0.065875
11 0.0954841 0.0824225
12 0.117432 0.100688
13 0.142653 0.122806
14 0.168542 0.148193
15 0.196797 0.175066
16 0.227113 0.203288
17 0.259597 0.231752
18 0.292831 0.261329
19 0.326058 0.292912
20 0.359351 0.326055
21 0.394507 0.360093
22 0.429747 0.394782
23 0.466555 0.428553
24 0.503037 0.461326
25 0.541072 0.492431
26 0.578483 0.524866
27 0.614518 0.557411
28 0.6483 0.5886
29 0.679141 0.618941
30 0.707757 0.648009
31 0.736648 0.677472
32 0.765359 0.705397
33 0.793041 0.731437
34 0.818809 0.755971
35 0.842677 0.778418
36 0.862422 0.800018
37 0.881177 0.819091
38 0.897945 0.836522
39 0.912807 0.851885
40 0.926117 0.866029
41 0.937749 0.879275
42 0.947841 0.891371
43 0.957014 0.902109
44 0.965244 0.912156
45 0.973158 0.921019
46 0.979409 0.928935
47 0.984053 0.936083
48 0.98773 0.942693
49 0.990676 0.94907
50 0.993155 0.955177
51 0.99523 0.961181
52 0.996908 0.96714
53 0.998066 0.973054
54 0.998909 0.977444
55 0.999447 0.981427
56 0.99973 0.984497
57 0.999869 0.986697
58 0.999943 0.988651
59 0.999984 0.990559
60 0.999997 0.992088
61 1 0.993377
62 1 0.994383
63 1 0.995289
64 1 0.996147
