1 0.00372048 0.00383202
2 0.00743275 0.00752986
3 0.011442 0.0113814
4 0.0159524 0.0156248
5 0.0213941 0.020237
6 0.0277964 0.0257542
7 0.0353606 0.0326307
8 0.0459025 0.0415186
9 0.0598353 0.0515043
10 0.076839 0.0636407
11 0.096469 0.0797223
12 0.117855 0.0996821
13 0.141386 0.119447
14 0.16607 0.140738
15 0.191443 0.162061
16 0.218487 0.184413
17 0.248366 0.208435
18 0.280261 0.233537
19 0.313831 0.259945
20 0.347975 0.285847
21 0.386059 0.312804
22 0.426789 0.339722
23 0.467181 0.367436
24 0.506398 0.395681
25 0.54533 0.424469
26 0.583715 0.454575
27 0.621937 0.484202
28 0.657748 0.51374
29 0.6928 0.543103
30 0.725986 0.573264
31 0.75742 0.604209
32 0.78784 0.634495
33 0.817779 0.665939
34 0.843316 0.69758
35 0.865877 0.728682
36 0.886144 0.757936
37 0.904397 0.78484
38 0.920407 0.810831
39 0.934287 0.836131
40 0.947575 0.860492
41 0.958549 0.881844
42 0.966772 0.901292
43 0.973691 0.918549
44 0.979474 0.931714
45 0.983908 0.943531
46 0.987669 0.95337
47 0.99088 0.961933
48 0.993628 0.969424
49 0.99553 0.976524
50 0.996943 0.982705
51 0.997997 0.988204
52 0.998641 0.992336
53 0.999052 0.994802
54 0.999355 0.996317
55 0.999566 0.997671
56 0.999694 0.998916
57 0.9998 0.999713
58 0.999873 0.99999
59 0.999934 1
60 0.999976 1
61 0.999995 1
