1 0.0103515 0.00941678
2 0.0202182 0.0184239
3 0.0302784 0.0277792
4 0.0409288 0.0371464
5 0.0527113 0.046954
6 0.0639891 0.0567675
7 0.0759985 0.0699673
8 0.0880712 0.0853452
9 0.102969 0.104925
10 0.125592 0.129877
11 0.158569 0.157015
12 0.196051 0.191453
13 0.233946 0.231965
14 0.271086 0.275037
15 0.309701 0.31872
16 0.358173 0.365416
17 0.403091 0.409805
18 0.449162 0.457336
19 0.49803 0.505861
20 0.551047 0.557344
21 0.605046 0.604391
22 0.653647 0.648385
23 0.699777 0.689865
24 0.742481 0.731768
25 0.779125 0.779031
26 0.814271 0.820851
27 0.846253 0.859491
28 0.876425 0.894026
29 0.904488 0.926756
30 0.928237 0.952476
31 0.945455 0.969319
32 0.958456 0.979728
33 0.967583 0.98768
34 0.974812 0.994399
35 0.980295 0.998675
36 0.985026 0.999655
37 0.988614 0.999984
38 0.991 1
39 0.992915 1
40 0.994363 1
41 0.995605 1
