1 0.00346854 0.0036581
2 0.00673822 0.00702112
3 0.0102845 0.0104071
4 0.0147249 0.0142074
5 0.0202454 0.0188005
6 0.0272577 0.0241441
7 0.0360812 0.0308528
8 0.0461861 0.0393113
9 0.0595715 0.0497208
10 0.076059 0.061919
11 0.0965584 0.0767742
12 0.120519 0.0941383
13 0.146607 0.114386
14 0.176476 0.136525
15 0.207774 0.159793
16 0.24111 0.184385
17 0.27686 0.210483
18 0.314259 0.236751
19 0.353189 0.264478
20 0.392842 0.293629
21 0.432441 0.323651
22 0.473624 0.353286
23 0.515323 0.383789
24 0.556074 0.415972
25 0.596321 0.447066
26 0.634561 0.476784
27 0.671819 0.506059
28 0.706286 0.535758
29 0.737743 0.564426
30 0.7669 0.59291
31 0.793027 0.620974
32 0.816875 0.649386
33 0.838875 0.677565
34 0.859072 0.704976
35 0.877511 0.731749
36 0.894739 0.75892
37 0.911178 0.783126
38 0.9251 0.804952
39 0.936549 0.82662
40 0.947018 0.847509
41 0.956721 0.866762
42 0.965197 0.882677
43 0.972938 0.897525
44 0.979356 0.911495
45 0.984236 0.924419
46 0.988186 0.935638
47 0.991591 0.945942
48 0.993899 0.954817
49 0.995575 0.962534
50 0.996845 0.969817
51 0.99792 0.976772
52 0.998735 0.982
53 0.999223 0.986366
54 0.999587 0.990126
55 0.999805 0.99309
56 0.999957 0.995245
57 0.999998 0.996824
58 1 0.998072
59 1 0.998872
