1 0.0110193 0.0127522
2 0.0217591 0.0251061
3 0.0333339 0.038157
4 0.0451561 0.0521181
5 0.0595118 0.0671482
6 0.0766299 0.0829976
7 0.0963 0.0992908
8 0.117392 0.117787
9 0.141672 0.141499
10 0.170368 0.166331
11 0.206728 0.195928
12 0.250551 0.240531
13 0.300296 0.295446
14 0.351105 0.348264
15 0.402166 0.406608
16 0.453211 0.458403
17 0.504279 0.504182
18 0.558578 0.549133
19 0.612383 0.593206
20 0.662528 0.634363
21 0.706533 0.672997
22 0.753425 0.709898
23 0.80166 0.743071
24 0.84119 0.774403
25 0.868668 0.802201
26 0.890359 0.830099
27 0.911028 0.856014
28 0.931186 0.87931
29 0.951832 0.899518
30 0.96844 0.916599
31 0.978004 0.931192
32 0.984404 0.943555
33 0.989546 0.953952
34 0.99327 0.963078
35 0.99662 0.970618
36 0.998248 0.976931
37 0.999621 0.982033
38 1 0.986612
39 1 0.990291
40 1 0.993638
41 1 0.996118
