1 0.0107449 0.0115589
2 0.0213097 0.0227608
3 0.0319788 0.0339797
4 0.0431647 0.0456802
5 0.0558152 0.0577131
6 0.0726976 0.0704478
7 0.0921589 0.0843737
8 0.113775 0.100379
9 0.138234 0.120163
10 0.166405 0.149132
11 0.202653 0.190255
12 0.246609 0.24118
13 0.295938 0.293089
14 0.344681 0.347047
15 0.394145 0.396822
16 0.445961 0.443697
17 0.499057 0.492615
18 0.555224 0.544912
19 0.610011 0.596094
20 0.658771 0.64177
21 0.704988 0.685134
22 0.753485 0.726207
23 0.801996 0.768178
24 0.841609 0.808155
25 0.86945 0.83916
26 0.891255 0.866811
27 0.910462 0.891837
28 0.929127 0.913126
29 0.949412 0.934171
30 0.96603 0.947989
31 0.976293 0.95966
32 0.983109 0.968555
33 0.988883 0.97691
34 0.993166 0.983309
35 0.996122 0.988621
36 0.998126 0.992518
37 0.999726 0.99502
38 1 0.996733
39 1 0.998275
40 1 0.999229
41 1 0.999746
