1 0.0120996 0.00717347
2 0.023136 0.0142316
3 0.0359182 0.0213735
4 0.0518293 0.0295184
5 0.0821902 0.0404704
6 0.111428 0.0585694
7 0.141842 0.0798041
8 0.179004 0.104329
9 0.228953 0.136905
10 0.285298 0.176158
11 0.351588 0.216428
12 0.418123 0.256892
13 0.486279 0.301034
14 0.546663 0.352039
15 0.602887 0.405261
16 0.653831 0.453548
17 0.699996 0.504267
18 0.74149 0.564003
19 0.777682 0.620758
20 0.808811 0.67047
21 0.835484 0.716755
22 0.856388 0.76228
23 0.873724 0.801537
24 0.888864 0.833765
25 0.903438 0.863662
26 0.91584 0.895306
27 0.926258 0.923891
28 0.936377 0.950353
29 0.945383 0.96668
30 0.953664 0.978683
31 0.96198 0.987505
32 0.968789 0.993635
33 0.974642 0.997169
34 0.97994 0.998899
35 0.985163 0.999573
36 0.989913 0.999796
37 0.993355 0.999918
38 0.995975 0.999994
39 0.997749 1
