1 0.0119497 0.00905769
2 0.0229011 0.0174957
3 0.0354175 0.0277049
4 0.0514018 0.0399977
5 0.0739501 0.0544572
6 0.100447 0.0739993
7 0.131747 0.103466
8 0.165776 0.135787
9 0.211406 0.171157
10 0.264898 0.213491
11 0.320901 0.261658
12 0.378191 0.316492
13 0.438322 0.376957
14 0.500803 0.434931
15 0.558698 0.491726
16 0.615954 0.543212
17 0.676123 0.599232
18 0.730692 0.647411
19 0.776007 0.698381
20 0.81726 0.744953
21 0.852269 0.784424
22 0.881265 0.819829
23 0.906358 0.851301
24 0.930655 0.878157
25 0.949495 0.901489
26 0.964072 0.922544
27 0.975598 0.940319
28 0.984612 0.955537
29 0.991394 0.968748
30 0.995793 0.978314
31 0.997726 0.985661
32 0.998859 0.991146
33 0.999662 0.994906
34 1 0.997232
35 1 0.998897
36 1 0.999609
37 1 0.999852
38 1 0.999956
