1 0.00827034 0.00850975
2 0.0164917 0.0166912
3 0.0247205 0.0253732
4 0.0355641 0.0369215
5 0.0510529 0.0526404
6 0.0698087 0.071815
7 0.0904854 0.0950222
8 0.11547 0.121462
9 0.145948 0.152252
10 0.184306 0.191218
11 0.234039 0.238572
12 0.290059 0.291068
13 0.351752 0.351935
14 0.414016 0.414661
15 0.474409 0.473807
16 0.535368 0.526832
17 0.59402 0.580414
18 0.648645 0.632134
19 0.696232 0.683403
20 0.742767 0.733936
21 0.786943 0.78544
22 0.825918 0.828127
23 0.860047 0.862083
24 0.889 0.889787
25 0.91363 0.912865
26 0.934503 0.931759
27 0.950712 0.947521
28 0.964225 0.961413
29 0.974429 0.972844
30 0.982801 0.981558
31 0.989435 0.987935
32 0.994171 0.99294
33 0.997165 0.99633
34 0.998535 0.99836
35 0.999197 0.999383
36 0.999623 0.999833
37 0.999972 0.999985
38 1 1
39 1 1
40 1 1
