1 0.00369418 0.00441959
2 0.00718407 0.00873145
3 0.0107709 0.0131253
4 0.0148358 0.0182811
5 0.0195761 0.0237188
6 0.0257524 0.030377
7 0.0326871 0.0394917
8 0.0413215 0.0510135
9 0.0522653 0.0661199
10 0.0672922 0.0826168
11 0.0854428 0.101382
12 0.106794 0.122219
13 0.131336 0.146433
14 0.158303 0.175488
15 0.186684 0.20749
16 0.217217 0.240227
17 0.248562 0.274797
18 0.282165 0.310306
19 0.314905 0.34768
20 0.348985 0.386287
21 0.382649 0.425994
22 0.416863 0.464244
23 0.452169 0.502013
24 0.488338 0.539921
25 0.523961 0.575747
26 0.557044 0.612319
27 0.590452 0.646732
28 0.62485 0.678201
29 0.658419 0.710107
30 0.691099 0.739823
31 0.721714 0.767418
32 0.751418 0.79047
33 0.779519 0.811697
34 0.805612 0.83088
35 0.82983 0.848999
36 0.851596 0.866961
37 0.871428 0.882663
38 0.890144 0.898052
39 0.90654 0.911983
40 0.92212 0.926438
41 0.934621 0.938089
42 0.945108 0.947565
43 0.953857 0.956388
44 0.961551 0.964108
45 0.968681 0.971257
46 0.97541 0.976888
47 0.98067 0.982393
48 0.985217 0.986228
49 0.989774 0.989228
50 0.993328 0.991842
51 0.995835 0.99426
52 0.997654 0.996803
53 0.998697 0.998304
54 0.999298 0.999365
55 0.999696 1
56 0.999948 1
57 0.999999 1
58 1 1
59 1 1
60 1 1
61 1 1
