1 0.0144817 0.0220978
2 0.0287967 0.0425433
3 0.0439064 0.0620069
4 0.0604839 0.0806488
5 0.0777215 0.0990701
6 0.10107 0.118672
7 0.128345 0.14061
8 0.162137 0.167742
9 0.203557 0.200839
10 0.253133 0.242643
11 0.319365 0.287958
12 0.397366 0.335891
13 0.476142 0.374079
14 0.548832 0.406994
15 0.622974 0.440074
16 0.693325 0.467279
17 0.756154 0.488802
18 0.808521 0.510549
19 0.850751 0.532824
20 0.88472 0.56218
21 0.909899 0.591094
22 0.929646 0.62231
23 0.947441 0.652197
24 0.960686 0.680705
25 0.971569 0.707656
26 0.980067 0.735368
27 0.986874 0.762785
28 0.992427 0.790722
29 0.996174 0.814481
30 0.997773 0.836008
31 0.999003 0.855134
32 0.999651 0.872076
33 0.999942 0.889658
34 1 0.906613
35 1 0.922124
36 1 0.93612
