1 0.00953612 0.0100812
2 0.0183841 0.0195266
3 0.0279494 0.0297109
4 0.0376185 0.0431164
5 0.0498473 0.0639672
6 0.0649076 0.0915573
7 0.0822032 0.12008
8 0.104545 0.155257
9 0.130861 0.203127
10 0.162336 0.259448
11 0.198976 0.316746
12 0.235193 0.373729
13 0.275558 0.440086
14 0.317975 0.514083
15 0.359483 0.583001
16 0.399807 0.64538
17 0.441988 0.708291
18 0.480935 0.762203
19 0.519381 0.807533
20 0.554696 0.848514
21 0.590815 0.892406
22 0.62488 0.928167
23 0.658031 0.949662
24 0.690248 0.965562
25 0.720405 0.976819
26 0.747082 0.984201
27 0.772062 0.989823
28 0.796539 0.994316
29 0.818884 0.997069
30 0.840028 0.998417
31 0.859686 0.999546
32 0.877917 0.999965
33 0.893554 1
34 0.907315 1
35 0.918656 1
36 0.92921 1
37 0.938451 1
38 0.946617 1
39 0.953726 1
40 0.959854 1
41 0.964579 1
