1 0.00957655 0.0139095
2 0.0194046 0.0274057
3 0.032966 0.0412912
4 0.0504031 0.0553258
5 0.0694249 0.0696622
6 0.0894619 0.085156
7 0.11392 0.101192
8 0.152753 0.117461
9 0.197334 0.136265
10 0.242666 0.158659
11 0.28784 0.187678
12 0.335399 0.221007
13 0.386607 0.25941
14 0.43941 0.311596
15 0.504401 0.367485
16 0.561222 0.429174
17 0.611452 0.502142
18 0.658506 0.570223
19 0.698902 0.637546
20 0.733698 0.693086
21 0.765573 0.742474
22 0.794989 0.790372
23 0.821675 0.828546
24 0.845444 0.859525
25 0.867914 0.883128
26 0.887531 0.905328
27 0.905211 0.926651
28 0.921235 0.945873
29 0.935423 0.960135
30 0.948443 0.974132
31 0.958776 0.985036
32 0.967016 0.989108
33 0.972918 0.992358
34 0.97828 0.994943
35 0.982886 0.997243
36 0.986368 0.99869
37 0.989262 0.999621
38 0.991472 1
39 0.993641 1
40 0.995632 1
41 0.996962 1
42 0.99821 1
