1 0.00637866 0.00611545
2 0.0125835 0.0119282
3 0.019176 0.0180545
4 0.0264395 0.0250694
5 0.034919 0.0341493
6 0.0452806 0.0445611
7 0.0581152 0.0573025
8 0.073652 0.0731087
9 0.0911735 0.0915847
10 0.11331 0.112452
11 0.146169 0.140707
12 0.185366 0.179937
13 0.227496 0.225501
14 0.27236 0.275088
15 0.318617 0.326038
16 0.364691 0.375521
17 0.413727 0.422986
18 0.463697 0.467164
19 0.511763 0.512185
20 0.559871 0.559824
21 0.605845 0.604371
22 0.649759 0.647099
23 0.694298 0.69099
24 0.737997 0.732433
25 0.780504 0.77259
26 0.819487 0.811648
27 0.855405 0.84567
28 0.887012 0.876273
29 0.915016 0.905352
30 0.936481 0.925747
31 0.952846 0.942076
32 0.966722 0.955841
33 0.976872 0.967255
34 0.984293 0.975769
35 0.989382 0.983617
36 0.993132 0.991376
37 0.9956 0.995815
38 0.99708 0.998308
39 0.997733 0.999777
40 0.998235 1
41 0.998643 1
42 0.998913 1
43 0.999171 1
