1 0.00643294 0.00771109
2 0.0127354 0.015269
3 0.0194446 0.0234212
4 0.0267065 0.0319921
5 0.0350275 0.0410061
6 0.0454401 0.0500728
7 0.0575395 0.0608611
8 0.0729662 0.0723183
9 0.0917683 0.0883424
10 0.116085 0.110755
11 0.148518 0.141816
12 0.18652 0.179713
13 0.228564 0.216999
14 0.273584 0.252817
15 0.318697 0.288069
16 0.363715 0.325146
17 0.410647 0.361453
18 0.458057 0.399946
19 0.506956 0.436785
20 0.555906 0.474616
21 0.603148 0.510378
22 0.645752 0.545875
23 0.689902 0.578476
24 0.733344 0.609921
25 0.777035 0.640908
26 0.818469 0.671818
27 0.855325 0.701649
28 0.889514 0.729726
29 0.918039 0.756484
30 0.93953 0.782468
31 0.955765 0.809615
32 0.969288 0.836025
33 0.978866 0.8603
34 0.985549 0.882913
35 0.990636 0.901893
36 0.994187 0.919876
37 0.996574 0.935804
38 0.997829 0.949298
39 0.998451 0.961124
40 0.99884 0.971221
41 0.999097 0.979762
42 0.999302 0.986979
43 0.99947 0.992188
44 0.999617 0.99581
45 0.999757 0.998174
46 0.999859 0.99944
47 0.999942 0.999826
48 0.999979 0.999915
49 1 0.999977
50 1 1
