1 0.00917431 0.00822912
2 0.0176416 0.0160678
3 0.0261594 0.0238835
4 0.0347429 0.0325722
5 0.0504099 0.0461286
6 0.0727094 0.0661171
7 0.0936167 0.085929
8 0.11379 0.107622
9 0.134965 0.133564
10 0.16534 0.171117
11 0.202643 0.218042
12 0.240771 0.264764
13 0.280759 0.318845
14 0.325239 0.378652
15 0.380928 0.435968
16 0.435941 0.493601
17 0.49112 0.54673
18 0.543745 0.597709
19 0.591262 0.643987
20 0.642111 0.689603
21 0.683161 0.733289
22 0.71947 0.773521
23 0.754219 0.813576
24 0.78576 0.849859
25 0.813159 0.878189
26 0.838505 0.905896
27 0.861259 0.92518
28 0.883323 0.938943
29 0.903574 0.951974
30 0.920953 0.963987
31 0.936571 0.973908
32 0.95007 0.982506
33 0.961788 0.989155
34 0.972462 0.994263
35 0.982108 0.998098
36 0.987737 0.999689
37 0.990991 1
38 0.993423 1
39 0.995677 1
40 0.997584 1
