1 0.00824793 0.00874556
2 0.0159008 0.0170586
3 0.0237934 0.0258299
4 0.0329636 0.0391456
5 0.0519917 0.0548915
6 0.0734116 0.072924
7 0.0947917 0.0954526
8 0.118074 0.122704
9 0.150243 0.156703
10 0.187512 0.199936
11 0.224823 0.250869
12 0.267132 0.305729
13 0.312856 0.362052
14 0.36078 0.422572
15 0.414532 0.479601
16 0.471025 0.53559
17 0.527279 0.590073
18 0.57865 0.644555
19 0.630602 0.693597
20 0.679668 0.741245
21 0.722302 0.787688
22 0.759694 0.824811
23 0.790352 0.856018
24 0.818079 0.883227
25 0.84494 0.9073
26 0.871774 0.928377
27 0.897355 0.945809
28 0.923939 0.960057
29 0.949331 0.970919
30 0.966169 0.978795
31 0.974972 0.984785
32 0.980559 0.989905
33 0.985479 0.993904
34 0.989269 0.996877
35 0.992281 0.998919
36 0.994808 0.999822
37 0.998898 1
38 1 1
39 1 1
40 1 1
41 1 1
