1 0.00833058 0.00792381
2 0.0161653 0.0156263
3 0.0238314 0.0244227
4 0.0327537 0.0377161
5 0.0502876 0.057776
6 0.0711306 0.0834703
7 0.0926562 0.108054
8 0.116851 0.13645
9 0.14839 0.169072
10 0.185706 0.210605
11 0.223502 0.253244
12 0.26682 0.299481
13 0.313167 0.352308
14 0.362112 0.408176
15 0.416765 0.465921
16 0.475726 0.522962
17 0.534383 0.578364
18 0.586425 0.639156
19 0.637625 0.692054
20 0.684045 0.740978
21 0.726907 0.787293
22 0.765073 0.823824
23 0.795499 0.854293
24 0.822658 0.881865
25 0.847769 0.906396
26 0.873664 0.926824
27 0.898821 0.94587
28 0.925231 0.960292
29 0.950035 0.97077
30 0.967278 0.978993
31 0.975798 0.985997
32 0.980655 0.991537
33 0.984714 0.995693
34 0.98819 0.998297
35 0.991311 0.999205
36 0.994562 0.999712
37 0.998631 0.999973
38 1 1
39 1 1
40 1 1
41 1 1
