1 0.00630571 0.00994457
2 0.0123125 0.0194457
3 0.018558 0.0289846
4 0.0256199 0.0385135
5 0.0379249 0.048424
6 0.0560498 0.0585878
7 0.0722727 0.0714538
8 0.0885066 0.087124
9 0.108295 0.104821
10 0.138431 0.127222
11 0.171218 0.153265
12 0.207037 0.182266
13 0.244013 0.210596
14 0.285485 0.241034
15 0.331846 0.276114
16 0.380792 0.309316
17 0.432866 0.340374
18 0.481959 0.369717
19 0.533658 0.400558
20 0.581908 0.432518
21 0.6278 0.465392
22 0.6702 0.50244
23 0.710939 0.54081
24 0.749183 0.575619
25 0.783314 0.610569
26 0.814445 0.64226
27 0.843465 0.673757
28 0.870627 0.703352
29 0.893834 0.732444
30 0.91376 0.757332
31 0.931043 0.781222
32 0.947646 0.802758
33 0.962048 0.822172
34 0.972251 0.839195
35 0.978955 0.853165
36 0.984359 0.864986
37 0.989596 0.876629
38 0.993605 0.886966
39 0.996009 0.896162
40 0.99775 0.904497
41 0.998873 0.912527
42 0.999592 0.920029
43 0.999971 0.926985
44 1 0.933468
45 1 0.939967
46 1 0.946023
47 1 0.951881
