1 0.00548474 0.00495854
2 0.0109445 0.00964722
3 0.0169419 0.0147216
4 0.0231854 0.0211617
5 0.0299535 0.0295473
6 0.0382609 0.0391732
7 0.0484134 0.0501161
8 0.0609492 0.0642915
9 0.07536 0.0816494
10 0.0951279 0.102857
11 0.121897 0.127267
12 0.151414 0.158187
13 0.183925 0.194111
14 0.214399 0.231942
15 0.24534 0.272138
16 0.277532 0.313285
17 0.309733 0.353862
18 0.347027 0.394965
19 0.386884 0.437243
20 0.429175 0.481251
21 0.472046 0.52684
22 0.511058 0.569678
23 0.55336 0.610345
24 0.591612 0.648923
25 0.628438 0.685862
26 0.664136 0.721132
27 0.697856 0.756193
28 0.73252 0.78813
29 0.764754 0.820577
30 0.791715 0.855772
31 0.816014 0.8869
32 0.838184 0.911093
33 0.859214 0.929629
34 0.880081 0.945952
35 0.899641 0.959759
36 0.916849 0.972528
37 0.930972 0.982086
38 0.942565 0.988838
39 0.952329 0.993389
40 0.960502 0.996531
41 0.967461 0.99861
42 0.973427 0.999682
43 0.978654 0.999986
44 0.982598 1
45 0.985824 1
46 0.988836 1
47 0.99169 1
48 0.994197 1
