1 0.00924875 0.008666
2 0.0182807 0.0170572
3 0.028917 0.0256903
4 0.0407937 0.0346603
5 0.0566104 0.0445352
6 0.0753455 0.0598265
7 0.103768 0.0737253
8 0.135065 0.0869165
9 0.173283 0.100699
10 0.215717 0.117479
11 0.261501 0.135276
12 0.310617 0.15542
13 0.369679 0.1758
14 0.433943 0.197924
15 0.501027 0.223389
16 0.568012 0.250748
17 0.628804 0.274869
18 0.683374 0.297666
19 0.732301 0.320787
20 0.778441 0.343811
21 0.82112 0.366191
22 0.863199 0.388101
23 0.895873 0.4098
24 0.922585 0.432563
25 0.944975 0.456936
26 0.961141 0.483461
27 0.973479 0.506224
28 0.982202 0.528022
29 0.98781 0.549305
30 0.991707 0.57133
31 0.994491 0.59824
32 0.996705 0.625143
33 0.998266 0.652924
34 0.99935 0.685405
35 0.999864 0.711213
36 0.999983 0.7342
37 1 0.756362
38 1 0.776226
