1 0.0177806 0.0127316
2 0.0349872 0.0253283
3 0.0552615 0.0406308
4 0.0804464 0.0580401
5 0.107991 0.0791708
6 0.134534 0.105074
7 0.169165 0.13727
8 0.215032 0.174846
9 0.274177 0.22006
10 0.326339 0.266384
11 0.369815 0.310054
12 0.400689 0.35266
13 0.424407 0.393973
14 0.442844 0.436497
15 0.460944 0.479072
16 0.476722 0.519258
17 0.491996 0.559698
18 0.506671 0.597739
19 0.521735 0.632196
20 0.535778 0.662511
21 0.549885 0.691811
22 0.562749 0.718671
23 0.57537 0.744432
24 0.588648 0.769661
25 0.600823 0.793827
26 0.613061 0.816148
27 0.624904 0.845975
28 0.635593 0.879254
29 0.646256 0.903646
30 0.657443 0.920421
31 0.668297 0.937255
32 0.678724 0.963916
33 0.688718 0.98396
34 0.699605 0.995683
35 0.711033 0.998873
36 0.721843 0.999726
37 0.732749 1
38 0.743999 1
39 0.754758 1
40 0.766441 1
41 0.778782 1
