1 0.0184885 0.0147199
2 0.0347385 0.028239
3 0.053801 0.0438035
4 0.0766582 0.0617983
5 0.102698 0.0837748
6 0.127768 0.109382
7 0.158903 0.134427
8 0.197328 0.162608
9 0.250612 0.197725
10 0.295753 0.235283
11 0.338386 0.266303
12 0.371378 0.293209
13 0.395223 0.31873
14 0.417468 0.344154
15 0.437117 0.372226
16 0.455089 0.400982
17 0.472283 0.427762
18 0.487889 0.450325
19 0.502481 0.468509
20 0.517105 0.483539
21 0.53 0.497799
22 0.542481 0.510623
23 0.554298 0.523194
24 0.565389 0.536415
25 0.576091 0.550118
26 0.587506 0.561367
27 0.597749 0.572968
28 0.60824 0.584866
29 0.618839 0.595467
30 0.62882 0.606199
31 0.639024 0.616989
32 0.648718 0.62651
33 0.658629 0.636742
34 0.669209 0.646969
35 0.680644 0.65676
36 0.691582 0.666837
37 0.703386 0.676461
38 0.715574 0.68601
39 0.727717 0.6963
40 0.740013 0.706194
41 0.752162 0.716765
42 0.766097 0.727567
43 0.780485 0.738184
44 0.796135 0.748997
45 0.814292 0.760638
46 0.834668 0.773203
47 0.853399 0.786728
48 0.870096 0.800333
49 0.887596 0.817489
50 0.903654 0.834605
51 0.920038 0.851428
52 0.93537 0.866274
53 0.950555 0.88023
54 0.966103 0.893904
55 0.98111 0.908722
56 0.991027 0.925326
57 0.996537 0.943275
58 0.998897 0.959029
59 0.999681 0.97283
60 1 0.983861
61 1 0.991158
62 1 0.994186
63 1 0.996156
64 1 0.997874
