1 0.00690131 0.00992052
2 0.0134562 0.0199755
3 0.0211183 0.0299345
4 0.0307362 0.0428352
5 0.043141 0.0574845
6 0.0585375 0.0745026
7 0.0741067 0.0926666
8 0.0916017 0.113547
9 0.11313 0.141647
10 0.141035 0.171708
11 0.174025 0.213996
12 0.208429 0.265398
13 0.246674 0.323489
14 0.290106 0.382509
15 0.336754 0.443034
16 0.389356 0.495049
17 0.440909 0.546455
18 0.493075 0.591905
19 0.545597 0.629971
20 0.595217 0.665352
21 0.648497 0.703246
22 0.694179 0.738498
23 0.734285 0.772612
24 0.773137 0.807396
25 0.808042 0.83459
26 0.83911 0.859509
27 0.867561 0.882114
28 0.889934 0.903618
29 0.908173 0.925791
30 0.923562 0.943551
31 0.936813 0.954312
32 0.948893 0.963611
33 0.959456 0.970986
34 0.968032 0.975851
35 0.975283 0.979287
36 0.981335 0.983148
37 0.986658 0.986832
38 0.990949 0.990249
39 0.99394 0.992812
40 0.996171 0.994454
41 0.997844 0.996024
42 0.999019 0.998496
43 0.999726 1
44 0.999955 1
45 1 1
46 1 1
