1 0.00743626 0.00827574
2 0.0146068 0.0163775
3 0.0222997 0.024903
4 0.0310713 0.0343444
5 0.040943 0.0444402
6 0.0553406 0.0579929
7 0.0712906 0.0757337
8 0.0889592 0.0945941
9 0.108435 0.12049
10 0.134764 0.154282
11 0.166406 0.194534
12 0.201763 0.2368
13 0.240102 0.282645
14 0.282738 0.332773
15 0.327463 0.379407
16 0.371961 0.422263
17 0.415353 0.469482
18 0.46708 0.522323
19 0.518764 0.572472
20 0.565776 0.616127
21 0.611276 0.655256
22 0.660294 0.692612
23 0.70432 0.730257
24 0.743658 0.766853
25 0.779175 0.795507
26 0.81274 0.820273
27 0.845178 0.842876
28 0.873776 0.864446
29 0.899124 0.885402
30 0.921434 0.904143
31 0.941847 0.920279
32 0.957383 0.936017
33 0.967974 0.947878
34 0.976824 0.957717
35 0.984221 0.965672
36 0.98999 0.972
37 0.994338 0.97784
38 0.996781 0.982404
39 0.99838 0.986417
40 0.999369 0.989993
41 0.999871 0.993414
42 0.999989 0.996723
43 1 0.999636
