1 0.0097141 0.0113901
2 0.0192284 0.0220519
3 0.0290424 0.0335383
4 0.0410394 0.0465407
5 0.0599851 0.0657654
6 0.0835498 0.0877654
7 0.111404 0.11282
8 0.142189 0.14163
9 0.1777 0.175385
10 0.21848 0.218212
11 0.265841 0.269568
12 0.315298 0.319437
13 0.368137 0.372919
14 0.42683 0.432998
15 0.480899 0.493499
16 0.533228 0.555867
17 0.58755 0.614358
18 0.635817 0.669753
19 0.678901 0.718252
20 0.717341 0.758269
21 0.751359 0.792963
22 0.784844 0.824842
23 0.818786 0.853296
24 0.849189 0.881598
25 0.87892 0.907642
26 0.901341 0.933069
27 0.920655 0.955988
28 0.936573 0.967699
29 0.950418 0.976077
30 0.962296 0.982758
31 0.971293 0.987516
32 0.978289 0.991523
33 0.98356 0.994812
34 0.987882 0.997867
35 0.99151 0.999657
36 0.99448 0.999921
37 0.997043 1
38 0.998869 1
