1 0.0167474 0.0152237
2 0.0331657 0.0290509
3 0.0499893 0.042916
4 0.0672672 0.0574911
5 0.0843896 0.0711905
6 0.101305 0.085387
7 0.120476 0.100114
8 0.143887 0.114613
9 0.178025 0.12897
10 0.214876 0.14578
11 0.25426 0.17377
12 0.292184 0.214102
13 0.328352 0.246334
14 0.360393 0.279673
15 0.390178 0.309562
16 0.419101 0.340544
17 0.447249 0.372753
18 0.473486 0.403323
19 0.498784 0.435716
20 0.523545 0.471479
21 0.54774 0.500625
22 0.57134 0.525472
23 0.594696 0.545406
24 0.619037 0.561396
25 0.643658 0.576364
26 0.667801 0.589709
27 0.691007 0.604033
28 0.713663 0.618064
29 0.734803 0.631309
30 0.755699 0.643924
31 0.776299 0.655342
32 0.796208 0.666178
33 0.814699 0.676918
34 0.832016 0.687792
35 0.849185 0.698542
36 0.866584 0.709581
37 0.882905 0.720374
38 0.899488 0.731191
39 0.91661 0.741041
40 0.929907 0.751233
41 0.94 0.761529
42 0.949102 0.771678
43 0.957321 0.781827
44 0.964002 0.792724
45 0.969392 0.80284
46 0.973748 0.811981
47 0.97797 0.821103
48 0.981506 0.830125
49 0.984676 0.839759
50 0.987706 0.849879
51 0.990511 0.859858
52 0.993172 0.870286
53 0.99561 0.880355
54 0.997738 0.890121
55 0.999244 0.900142
56 0.999979 0.90951
57 1 0.918907
58 1 0.927342
59 1 0.935394
