1 0.0124273 0.010236
2 0.0240562 0.0196867
3 0.035832 0.0294091
4 0.047564 0.0391965
5 0.0592034 0.0489648
6 0.0702332 0.0592594
7 0.0820578 0.0693804
8 0.0938597 0.0798881
9 0.105824 0.092462
10 0.117886 0.108456
11 0.138552 0.138092
12 0.16254 0.175955
13 0.18668 0.213598
14 0.209631 0.245739
15 0.233776 0.274248
16 0.256148 0.300854
17 0.276768 0.325405
18 0.297298 0.348405
19 0.315986 0.370839
20 0.333339 0.393003
21 0.350757 0.414301
22 0.367719 0.435258
23 0.384979 0.455734
24 0.401502 0.475755
25 0.41745 0.495289
26 0.433413 0.514174
27 0.448848 0.532078
28 0.463763 0.549726
29 0.478823 0.567103
30 0.493722 0.583617
31 0.507526 0.599548
32 0.520875 0.61503
33 0.535014 0.630152
34 0.549685 0.644957
35 0.563192 0.659366
36 0.577004 0.673579
37 0.589966 0.68704
38 0.60262 0.70034
39 0.61542 0.713738
40 0.627471 0.726486
41 0.639921 0.738717
42 0.652069 0.750803
43 0.664313 0.762623
44 0.676622 0.774074
45 0.688299 0.785243
46 0.700526 0.79652
47 0.712038 0.80751
48 0.722998 0.81821
49 0.733811 0.828625
50 0.743609 0.838396
51 0.753427 0.847408
52 0.76297 0.855983
53 0.771673 0.863762
54 0.779485 0.871323
55 0.787169 0.878258
56 0.795058 0.885204
57 0.803139 0.892006
58 0.811498 0.898403
59 0.81903 0.904496
60 0.826317 0.910368
61 0.833107 0.916307
62 0.839962 0.92179
63 0.846444 0.927151
64 0.852895 0.932752
65 0.859195 0.938108
66 0.865796 0.943048
67 0.872256 0.948093
68 0.878622 0.952974
69 0.88443 0.957472
70 0.890069 0.961739
71 0.895699 0.965943
72 0.900936 0.969996
73 0.906086 0.973926
74 0.910742 0.977611
75 0.915673 0.981285
76 0.920477 0.984713
77 0.924741 0.987768
78 0.929264 0.990748
79 0.933849 0.993306
80 0.938325 0.995464
81 0.942535 0.997266
82 0.946542 0.998548
83 0.950312 0.999262
84 0.954274 0.999548
85 0.958092 0.999765
86 0.961653 0.999919
87 0.965185 1
88 0.968677 1
