1 0.009194 0.00835068
2 0.017766 0.0161563
3 0.026994 0.0252302
4 0.039268 0.0356204
5 0.058426 0.0510861
6 0.080662 0.0695369
7 0.104478 0.0906322
8 0.131696 0.114194
9 0.16497 0.141221
10 0.206342 0.177051
11 0.24531 0.222677
12 0.28852 0.266844
13 0.336042 0.311281
14 0.379344 0.355507
15 0.420402 0.404703
16 0.459414 0.455454
17 0.500838 0.505388
18 0.537012 0.554309
19 0.570014 0.603863
20 0.599786 0.652037
21 0.62664 0.69654
22 0.653586 0.73626
23 0.680138 0.774147
24 0.705556 0.811002
25 0.729106 0.842923
26 0.755708 0.871917
27 0.78213 0.898278
28 0.806822 0.917254
29 0.831738 0.932405
30 0.858524 0.944063
31 0.884008 0.953997
32 0.906674 0.961831
33 0.925498 0.969244
34 0.942042 0.976117
35 0.956358 0.982582
36 0.967226 0.987648
37 0.976576 0.991162
38 0.983962 0.994145
39 0.990846 0.996704
40 0.995626 1
41 0.99836 1
42 0.99917 1
43 0.999532 1
44 0.999826 1
45 0.999978 1
46 1 1
47 1 1
