1 0.0079824 0.0062595
2 0.015271 0.0122113
3 0.0233867 0.0184467
4 0.0320902 0.0257548
5 0.0410868 0.0343279
6 0.05276 0.0449392
7 0.0675304 0.0577052
8 0.0857978 0.0734565
9 0.10945 0.0946785
10 0.136788 0.120942
11 0.170151 0.149939
12 0.209604 0.188267
13 0.253258 0.228525
14 0.296261 0.271452
15 0.33958 0.314179
16 0.38018 0.35954
17 0.417873 0.406894
18 0.455185 0.453284
19 0.497469 0.500603
20 0.541176 0.548875
21 0.580769 0.5966
22 0.615776 0.640919
23 0.647551 0.678962
24 0.677066 0.715528
25 0.704566 0.753621
26 0.730438 0.789879
27 0.753395 0.819092
28 0.773814 0.846491
29 0.793789 0.871299
30 0.811779 0.893802
31 0.827238 0.915606
32 0.841839 0.933461
33 0.855661 0.947033
34 0.86973 0.957751
35 0.882568 0.966524
36 0.894492 0.973151
37 0.90574 0.978494
38 0.915683 0.982909
39 0.924823 0.98656
40 0.933076 0.989505
41 0.940688 0.991871
42 0.947804 0.994003
43 0.955997 0.995725
44 0.962666 0.99704
45 0.96943 0.997947
46 0.974944 0.998597
47 0.979076 0.999182
48 0.982688 0.99966
49 0.985802 0.999929
50 0.988543 0.999995
51 0.991144 1
52 0.993837 1
53 0.996108 1
