1 0.00791063 0.00798522
2 0.015207 0.0154464
3 0.023092 0.0230811
4 0.0318083 0.0318278
5 0.0414764 0.0414507
6 0.0525097 0.051213
7 0.0664796 0.0622166
8 0.0835858 0.0763181
9 0.105607 0.0933574
10 0.132956 0.117632
11 0.167166 0.149268
12 0.20818 0.185941
13 0.25188 0.223047
14 0.294344 0.266451
15 0.336184 0.30502
16 0.375172 0.34145
17 0.411861 0.374306
18 0.448331 0.408169
19 0.489496 0.44063
20 0.533151 0.472009
21 0.572397 0.502479
22 0.60713 0.535319
23 0.637879 0.562107
24 0.665862 0.582836
25 0.691619 0.600205
26 0.716057 0.614418
27 0.738325 0.626612
28 0.759036 0.6374
29 0.778054 0.647396
30 0.795317 0.656251
31 0.811494 0.664663
32 0.826919 0.672578
33 0.840988 0.679758
34 0.855608 0.686529
35 0.868331 0.693187
36 0.880617 0.700378
37 0.892298 0.707903
38 0.902203 0.71715
39 0.911504 0.726706
40 0.920138 0.736359
41 0.928225 0.74608
42 0.936907 0.755657
43 0.946375 0.765018
44 0.95342 0.774985
45 0.961068 0.784608
46 0.967638 0.793984
47 0.973246 0.804495
48 0.978161 0.815954
49 0.981836 0.829505
50 0.985043 0.843723
51 0.988214 0.857163
52 0.991326 0.870451
53 0.994289 0.882722
54 0.996507 0.894104
55 0.997271 0.90491
56 0.998099 0.915445
57 0.998585 0.926061
58 0.999335 0.937404
59 0.999803 0.948232
60 1 0.957212
61 1 0.963948
62 1 0.969553
