1 0.0078551 0.00611741
2 0.015377 0.0120461
3 0.0234226 0.0182666
4 0.0317382 0.0252479
5 0.0407006 0.0331558
6 0.0516434 0.0418488
7 0.0661344 0.0516301
8 0.0838575 0.0635889
9 0.105609 0.0788472
10 0.13264 0.104303
11 0.16688 0.136087
12 0.208024 0.170206
13 0.25253 0.204938
14 0.29646 0.241462
15 0.339917 0.2836
16 0.380912 0.325799
17 0.41857 0.369616
18 0.455365 0.411597
19 0.496626 0.455108
20 0.539283 0.499527
21 0.578539 0.543751
22 0.613338 0.586414
23 0.64488 0.628285
24 0.674074 0.67107
25 0.701581 0.713352
26 0.726697 0.751841
27 0.750101 0.785292
28 0.771778 0.816341
29 0.792224 0.847009
30 0.809877 0.87562
31 0.825691 0.902004
32 0.841294 0.927021
33 0.856111 0.948473
34 0.870553 0.964726
35 0.883247 0.974508
36 0.895241 0.981637
37 0.905925 0.98737
38 0.915343 0.992706
39 0.923714 0.996177
40 0.931398 0.998102
41 0.939074 0.999242
42 0.946896 0.999811
43 0.954848 0.999953
44 0.961416 1
45 0.967782 1
46 0.973007 1
47 0.977615 1
