1 0.00762419 0.0124105
2 0.015734 0.0234154
3 0.0244787 0.0352103
4 0.035509 0.0477914
5 0.0503375 0.061096
6 0.0671475 0.0760984
7 0.0854155 0.0941888
8 0.10573 0.113209
9 0.133775 0.132912
10 0.171875 0.156987
11 0.217781 0.189713
12 0.269148 0.226609
13 0.325881 0.271311
14 0.381908 0.316185
15 0.436489 0.353505
16 0.491592 0.387356
17 0.544801 0.421106
18 0.596641 0.453109
19 0.645141 0.483408
20 0.690238 0.512105
21 0.735401 0.540553
22 0.77593 0.567709
23 0.813789 0.592958
24 0.850302 0.61873
25 0.878826 0.642698
26 0.90192 0.66549
27 0.921861 0.689538
28 0.93784 0.712322
29 0.951533 0.735218
30 0.96356 0.757265
31 0.973945 0.779827
32 0.982538 0.801978
33 0.98882 0.824798
34 0.992929 0.84848
35 0.995842 0.869036
36 0.997763 0.886795
37 0.998965 0.902872
38 0.999613 0.918657
39 0.999912 0.932477
40 0.999993 0.944782
41 1 0.955604
