1 0.00770662 0.00755608
2 0.0157641 0.0147019
3 0.0247783 0.0228472
4 0.0358042 0.0331312
5 0.0502551 0.0455858
6 0.0670896 0.0610123
7 0.0850089 0.0770515
8 0.105939 0.0978496
9 0.133435 0.124911
10 0.172123 0.160116
11 0.219376 0.198797
12 0.27438 0.243357
13 0.33282 0.296541
14 0.392576 0.356816
15 0.449387 0.409872
16 0.505702 0.46688
17 0.562333 0.520553
18 0.614789 0.570365
19 0.662869 0.617016
20 0.707445 0.661089
21 0.750029 0.703519
22 0.789552 0.747318
23 0.827567 0.786613
24 0.862319 0.821468
25 0.887319 0.84976
26 0.909352 0.876286
27 0.928628 0.900984
28 0.944527 0.918457
29 0.957034 0.932589
30 0.967834 0.944025
31 0.976657 0.954263
32 0.984002 0.963139
33 0.990258 0.970773
34 0.99412 0.977385
35 0.996601 0.982342
36 0.998172 0.986205
37 0.999011 0.989817
38 0.999539 0.992732
39 0.999855 0.994716
40 0.999986 0.996262
41 1 0.997189
