1 0.00388164 0.00407339
2 0.00768386 0.00796625
3 0.0117948 0.0120269
4 0.0163966 0.0167447
5 0.0218665 0.022079
6 0.0287326 0.0277869
7 0.0373253 0.0339841
8 0.0490776 0.0419167
9 0.0655332 0.0519855
10 0.0835305 0.0641704
11 0.105084 0.0815341
12 0.129109 0.101039
13 0.158041 0.121341
14 0.189437 0.143436
15 0.222222 0.166878
16 0.257119 0.190087
17 0.292951 0.213806
18 0.328732 0.238261
19 0.368344 0.26398
20 0.410103 0.290109
21 0.454211 0.315963
22 0.499866 0.342255
23 0.546358 0.369695
24 0.590902 0.397027
25 0.634072 0.425146
26 0.675463 0.45338
27 0.712554 0.482134
28 0.746171 0.508093
29 0.780017 0.532653
30 0.811611 0.556414
31 0.840693 0.580754
32 0.867847 0.604101
33 0.892443 0.627832
34 0.913707 0.650803
35 0.931787 0.674254
36 0.947617 0.69785
37 0.960673 0.721254
38 0.971069 0.743512
39 0.98001 0.763815
40 0.985764 0.782963
41 0.989751 0.802347
42 0.992396 0.821097
43 0.994293 0.838638
44 0.995803 0.855489
45 0.996776 0.870771
46 0.997417 0.885687
47 0.997928 0.899201
48 0.998397 0.912223
49 0.998871 0.925024
50 0.999199 0.935446
51 0.999436 0.944271
52 0.999721 0.952471
53 0.999922 0.960131
54 1 0.966669
55 1 0.972507
56 1 0.978516
