1 0.00683896 0.00961071
2 0.0132554 0.0186238
3 0.0205739 0.0292374
4 0.0291852 0.0424262
5 0.0427303 0.0606429
6 0.0595095 0.0815025
7 0.0789674 0.105627
8 0.10336 0.137344
9 0.13255 0.16896
10 0.167557 0.204253
11 0.209307 0.243501
12 0.258467 0.283893
13 0.31042 0.321261
14 0.359303 0.357423
15 0.408543 0.392393
16 0.457597 0.427311
17 0.500177 0.462198
18 0.54101 0.49623
19 0.581419 0.530864
20 0.620543 0.562786
21 0.657602 0.593451
22 0.693682 0.619798
23 0.729056 0.645633
24 0.761911 0.670693
25 0.791417 0.694821
26 0.816811 0.716429
27 0.840156 0.737383
28 0.861157 0.757519
29 0.880138 0.776829
30 0.8983 0.796152
31 0.914127 0.814229
32 0.928136 0.830742
33 0.940776 0.847582
34 0.952045 0.862398
35 0.961919 0.876856
36 0.970155 0.891013
37 0.976954 0.904983
38 0.983185 0.918437
39 0.988135 0.931177
40 0.991875 0.944664
41 0.994756 0.955583
42 0.997017 0.96351
43 0.998281 0.970757
44 0.999044 0.976884
45 0.999564 0.981998
46 0.999773 0.986679
47 0.999876 0.990906
48 0.999963 0.994062
49 1 0.995988
