1 0.00736817 0.00565886
2 0.0142354 0.0110333
3 0.0212574 0.016555
4 0.0281159 0.0234568
5 0.0354577 0.0320702
6 0.0429178 0.0448582
7 0.0508227 0.0589272
8 0.0610222 0.076401
9 0.0748601 0.1001
10 0.096926 0.126533
11 0.129577 0.159679
12 0.163864 0.194168
13 0.199594 0.230407
14 0.233251 0.267356
15 0.266564 0.301941
16 0.302356 0.339948
17 0.34092 0.376944
18 0.381228 0.414022
19 0.417582 0.450303
20 0.455101 0.485631
21 0.493265 0.518996
22 0.529724 0.551029
23 0.565432 0.582299
24 0.597614 0.612208
25 0.62825 0.641849
26 0.658574 0.671329
27 0.686787 0.699044
28 0.712676 0.724737
29 0.737184 0.74874
30 0.757782 0.77181
31 0.776525 0.794641
32 0.795318 0.81529
33 0.81328 0.834909
34 0.830049 0.854126
35 0.846317 0.872711
36 0.861211 0.890178
37 0.875454 0.9065
38 0.889657 0.920735
39 0.90269 0.932982
40 0.914611 0.943766
41 0.927013 0.953273
42 0.938168 0.961794
43 0.948298 0.969314
44 0.957637 0.975562
45 0.965885 0.980758
46 0.973544 0.984914
47 0.978686 0.988353
48 0.982409 0.991315
49 0.985651 0.993564
50 0.988156 0.995538
51 0.989551 0.997113
52 0.990969 0.998078
53 0.99213 0.998553
54 0.993256 0.998911
55 0.994245 0.999253
56 0.995133 0.999546
57 0.996021 0.999794
58 0.996679 0.999928
59 0.997543 0.999992
60 0.998574 1
61 0.999312 1
62 0.999568 1
