1 0.00745268 0.0081
2 0.0144396 0.0158219
3 0.0215414 0.0239617
4 0.0286952 0.0328062
5 0.0360479 0.0420578
6 0.0437757 0.0519523
7 0.0520951 0.0625102
8 0.0623425 0.0737195
9 0.0775784 0.0875328
10 0.100958 0.1083
11 0.132349 0.14418
12 0.167695 0.185166
13 0.203576 0.22591
14 0.239423 0.264581
15 0.274722 0.305611
16 0.311315 0.347765
17 0.34819 0.391444
18 0.387667 0.429799
19 0.423267 0.467872
20 0.458178 0.507446
21 0.494509 0.548828
22 0.529519 0.58393
23 0.564352 0.615938
24 0.59531 0.646145
25 0.623828 0.674533
26 0.650931 0.70215
27 0.677297 0.727495
28 0.703213 0.751364
29 0.727626 0.773391
30 0.749644 0.795068
31 0.770581 0.81619
32 0.790465 0.83557
33 0.809952 0.853945
34 0.828098 0.871945
35 0.844781 0.888737
36 0.860667 0.903546
37 0.875251 0.916979
38 0.889223 0.92995
39 0.90262 0.941801
40 0.914597 0.953321
41 0.926314 0.963104
42 0.937719 0.972114
43 0.94754 0.979396
44 0.956737 0.987473
45 0.965031 0.99346
46 0.973229 0.997056
47 0.978651 0.99918
48 0.982495 0.999872
49 0.985589 0.999979
50 0.988263 1
51 0.990202 1
52 0.991647 1
