1 0.00593975 0.00536774
2 0.0115631 0.0105548
3 0.0176222 0.0168957
4 0.0252027 0.0254435
5 0.0343895 0.0361382
6 0.0474315 0.0485311
7 0.0647589 0.0624341
8 0.0860768 0.0801124
9 0.109706 0.101016
10 0.138473 0.13171
11 0.17281 0.168222
12 0.211298 0.208122
13 0.254993 0.251782
14 0.299433 0.297233
15 0.347046 0.34516
16 0.403656 0.394666
17 0.457934 0.44358
18 0.509925 0.491145
19 0.562617 0.539048
20 0.612505 0.586075
21 0.658338 0.630636
22 0.702636 0.672973
23 0.742838 0.717448
24 0.776795 0.760529
25 0.80796 0.794728
26 0.837951 0.825392
27 0.863213 0.85159
28 0.885168 0.875321
29 0.904809 0.896388
30 0.921206 0.915178
31 0.934959 0.931829
32 0.947089 0.946409
33 0.957347 0.957739
34 0.965837 0.96731
35 0.973634 0.975373
36 0.980263 0.982098
37 0.985525 0.987183
38 0.98922 0.99097
39 0.992159 0.993912
40 0.994448 0.996322
41 0.996426 0.998031
42 0.998083 0.999099
43 0.999098 0.999696
44 0.999539 0.999923
45 0.999786 1
46 0.999937 1
47 1 1
