1 0.00814002 0.0078849
2 0.0158272 0.015271
3 0.0235974 0.0230886
4 0.031991 0.0320825
5 0.0425031 0.0422411
6 0.058928 0.054748
7 0.0832532 0.0714619
8 0.112225 0.0898519
9 0.145292 0.113272
10 0.183127 0.145086
11 0.224835 0.181431
12 0.268237 0.227342
13 0.316899 0.283664
14 0.366607 0.336246
15 0.417646 0.387786
16 0.473536 0.438632
17 0.525844 0.488017
18 0.576495 0.533658
19 0.621583 0.582048
20 0.661027 0.62667
21 0.702684 0.668539
22 0.741215 0.709421
23 0.776219 0.746313
24 0.802873 0.778497
25 0.825393 0.805635
26 0.844701 0.828943
27 0.863286 0.852114
28 0.87957 0.875226
29 0.8949 0.894024
30 0.909507 0.909601
31 0.922855 0.923876
32 0.93461 0.937288
33 0.944561 0.949322
34 0.954079 0.959269
35 0.962103 0.967851
36 0.968966 0.974685
37 0.97527 0.980351
38 0.980295 0.985081
39 0.984373 0.988001
40 0.987837 0.990792
41 0.990692 0.993252
42 0.992623 0.995255
43 0.994277 0.996924
44 0.995697 0.998245
45 0.996925 0.999144
46 0.998146 0.999654
47 0.999097 0.999897
48 0.999704 0.999972
49 0.999966 0.999994
50 1 1
