1 0.00303093 0.0033682
2 0.00593634 0.00655561
3 0.00919749 0.00974065
4 0.0126923 0.0129767
5 0.0170123 0.0162649
6 0.021789 0.0196227
7 0.0274622 0.0231065
8 0.0342381 0.027067
9 0.0425016 0.0316795
10 0.0533598 0.039213
11 0.0690496 0.0513838
12 0.0873784 0.0654506
13 0.108187 0.0809185
14 0.130705 0.0957934
15 0.153726 0.110967
16 0.178423 0.126543
17 0.203128 0.143084
18 0.229539 0.160472
19 0.25777 0.178329
20 0.285985 0.196137
21 0.31424 0.214103
22 0.344665 0.232368
23 0.377626 0.249214
24 0.410821 0.265133
25 0.444916 0.280114
26 0.481641 0.294355
27 0.520404 0.30819
28 0.561145 0.321466
29 0.600873 0.334899
30 0.638789 0.348522
31 0.674351 0.362498
32 0.708757 0.375029
33 0.742665 0.387418
34 0.776063 0.399419
35 0.807537 0.411188
36 0.838182 0.422694
37 0.866639 0.434241
38 0.892232 0.445927
39 0.914355 0.45757
40 0.932324 0.469196
41 0.947664 0.480568
42 0.959787 0.491895
43 0.96955 0.503297
44 0.976989 0.515731
45 0.982705 0.528153
46 0.986629 0.540542
47 0.989789 0.552824
48 0.992047 0.565242
49 0.993745 0.578034
50 0.995182 0.591798
51 0.996516 0.605404
52 0.997495 0.61927
53 0.998126 0.63305
54 0.998656 0.646373
55 0.999039 0.65956
56 0.999294 0.673439
57 0.999515 0.687929
58 0.999694 0.703361
59 0.999828 0.718883
60 0.999907 0.734568
61 0.999957 0.750027
62 0.99999 0.765178
63 0.999999 0.780726
64 1 0.795163
