1 0.00928762 0.00901944
2 0.0181313 0.0178672
3 0.0278751 0.0272115
4 0.0384673 0.0374396
5 0.0508271 0.0500598
6 0.0646745 0.0671172
7 0.0838495 0.0874085
8 0.106013 0.117628
9 0.130326 0.16089
10 0.156838 0.208375
11 0.191507 0.259418
12 0.236668 0.31409
13 0.293828 0.370667
14 0.349151 0.438105
15 0.410988 0.5027
16 0.47261 0.565309
17 0.529159 0.624357
18 0.579361 0.680224
19 0.626204 0.732785
20 0.668315 0.780012
21 0.709758 0.826486
22 0.749014 0.86568
23 0.782533 0.90054
24 0.813184 0.929285
25 0.84602 0.949221
26 0.881762 0.966377
27 0.910415 0.978133
28 0.932313 0.986451
29 0.947222 0.991425
30 0.960214 0.994399
31 0.971126 0.996361
32 0.979501 0.997461
33 0.9865 0.998345
34 0.992051 0.999076
35 0.995627 0.999593
36 0.997776 0.999887
37 0.999388 1
38 1 1
39 1 1
