1 0.00321566 0.00339554
2 0.00627147 0.00664458
3 0.00957888 0.0103243
4 0.0135758 0.0143568
5 0.0182318 0.0193169
6 0.0238974 0.0258906
7 0.0310707 0.0337901
8 0.0399722 0.0430136
9 0.05059 0.0552427
10 0.0638517 0.070763
11 0.0801057 0.0889993
12 0.100522 0.110186
13 0.124126 0.134816
14 0.150363 0.162377
15 0.178752 0.191719
16 0.208723 0.223124
17 0.239422 0.257199
18 0.272592 0.290581
19 0.307707 0.326649
20 0.342559 0.363716
21 0.377471 0.40144
22 0.413 0.438618
23 0.44979 0.475869
24 0.487931 0.515137
25 0.526825 0.553123
26 0.564575 0.590884
27 0.601129 0.629766
28 0.637496 0.66568
29 0.674252 0.700064
30 0.710879 0.733139
31 0.745656 0.76414
32 0.776778 0.793234
33 0.804631 0.821265
34 0.830636 0.847099
35 0.85593 0.87047
36 0.879765 0.8908
37 0.900329 0.908434
38 0.918499 0.924102
39 0.934665 0.936892
40 0.948583 0.948489
41 0.960539 0.958497
42 0.969187 0.966328
43 0.975751 0.972274
44 0.981206 0.976969
45 0.985499 0.980474
46 0.988655 0.983349
47 0.991204 0.985933
48 0.993341 0.988916
49 0.994989 0.991658
50 0.996358 0.99371
51 0.997464 0.995386
52 0.998364 0.996741
53 0.99907 0.997769
54 0.999429 0.998567
55 0.999631 0.999089
56 0.999767 0.999429
57 0.999867 0.999639
58 0.999933 0.999798
59 0.99998 0.999905
60 1 0.999955
61 1 0.99998
62 1 0.999997
