1 0.00338749 0.00283051
2 0.00661397 0.00555326
3 0.00999041 0.0085122
4 0.0140412 0.01162
5 0.0184711 0.0153345
6 0.0233778 0.0206951
7 0.0294285 0.0270283
8 0.0364508 0.0347151
9 0.0462306 0.0440207
10 0.0589608 0.0553057
11 0.0749107 0.0691519
12 0.094526 0.0870789
13 0.116345 0.107462
14 0.141558 0.130142
15 0.168331 0.153672
16 0.194646 0.179155
17 0.222208 0.206406
18 0.251133 0.234746
19 0.281413 0.265264
20 0.312106 0.297359
21 0.344215 0.330942
22 0.380694 0.366492
23 0.41849 0.402554
24 0.455122 0.438607
25 0.492469 0.474836
26 0.529964 0.512014
27 0.566998 0.550977
28 0.603977 0.58975
29 0.639116 0.625847
30 0.673808 0.660621
31 0.707365 0.694536
32 0.740413 0.724923
33 0.770846 0.753924
34 0.800321 0.781193
35 0.828795 0.807124
36 0.854344 0.832916
37 0.876689 0.857924
38 0.8965 0.881263
39 0.913885 0.899768
40 0.928331 0.915477
41 0.94089 0.929373
42 0.952023 0.941584
43 0.961503 0.952225
44 0.97068 0.962199
45 0.977361 0.970269
46 0.982891 0.976938
47 0.98778 0.982761
48 0.992088 0.987709
49 0.994813 0.992151
50 0.996845 0.99554
51 0.998009 0.997641
52 0.998789 0.998928
53 0.999445 0.999445
54 0.999822 0.999764
55 0.999991 0.999954
56 1 1
57 1 1
58 1 1
59 1 1
