1 0.00956818 0.0110088
2 0.0188335 0.0207759
3 0.0282337 0.031004
4 0.0381783 0.0413733
5 0.048406 0.05165
6 0.0592417 0.0627108
7 0.0701608 0.0737586
8 0.0828631 0.0887168
9 0.0980335 0.106454
10 0.11779 0.126988
11 0.146206 0.150293
12 0.178748 0.176646
13 0.211585 0.206871
14 0.247078 0.24429
15 0.286413 0.286319
16 0.323092 0.322001
17 0.359895 0.354903
18 0.396503 0.385952
19 0.431538 0.414958
20 0.468403 0.4453
21 0.508824 0.477059
22 0.550306 0.510937
23 0.589531 0.544386
24 0.622509 0.574981
25 0.656982 0.602307
26 0.690672 0.625876
27 0.72226 0.648209
28 0.75446 0.666019
29 0.782512 0.681742
30 0.807224 0.696396
31 0.830488 0.710582
32 0.857377 0.72391
33 0.881323 0.738111
34 0.903144 0.752653
35 0.923819 0.765808
36 0.943899 0.778744
37 0.959322 0.790786
38 0.970716 0.802391
39 0.981551 0.814239
40 0.988325 0.826188
41 0.993388 0.838287
42 0.997215 0.850062
43 0.999286 0.860886
44 0.999999 0.87122
45 1 0.881484
46 1 0.891744
47 1 0.901448
48 1 0.910782
