1 0.0110716 0.0128797
2 0.0214099 0.0259599
3 0.0320519 0.0400362
4 0.0455506 0.056121
5 0.0652296 0.0750986
6 0.0915111 0.0990664
7 0.118444 0.124083
8 0.150879 0.153774
9 0.188106 0.193922
10 0.239375 0.237166
11 0.297269 0.288432
12 0.361721 0.346677
13 0.429062 0.405431
14 0.496444 0.465549
15 0.565449 0.528021
16 0.628467 0.586808
17 0.684696 0.643853
18 0.739077 0.699004
19 0.791862 0.748452
20 0.838131 0.790266
21 0.877995 0.826522
22 0.906188 0.857531
23 0.926837 0.884839
24 0.943827 0.908149
25 0.958484 0.929145
26 0.97076 0.947051
27 0.98076 0.961686
28 0.988217 0.974218
29 0.993835 0.984918
30 0.997188 0.992696
31 0.99861 0.997367
32 0.999499 0.9995
33 0.99998 0.999954
34 1 1
35 1 1
