1 0.0168767 0.0203888
2 0.0324094 0.0402777
3 0.047834 0.0615235
4 0.0636966 0.0838603
5 0.0793456 0.105547
6 0.101539 0.131172
7 0.129719 0.1702
8 0.158215 0.212394
9 0.191117 0.263872
10 0.224475 0.312886
11 0.266993 0.356517
12 0.326936 0.401539
13 0.39202 0.46119
14 0.454097 0.535501
15 0.520676 0.634537
16 0.588718 0.73464
17 0.650257 0.802968
18 0.702639 0.85241
19 0.768864 0.893942
20 0.829032 0.930692
21 0.896796 0.969538
22 0.939954 0.986062
23 0.96738 0.995501
24 0.98109 0.997243
25 0.988286 0.998599
26 0.992461 0.999786
27 0.995376 1
