1 0.0163413 0.0173916
2 0.0316955 0.033526
3 0.0473148 0.0491837
4 0.0633586 0.0661025
5 0.0794808 0.0857947
6 0.102593 0.111154
7 0.129738 0.137722
8 0.16069 0.167829
9 0.192758 0.204612
10 0.226055 0.244507
11 0.269029 0.28304
12 0.329072 0.325843
13 0.391209 0.367431
14 0.451652 0.409848
15 0.517634 0.460034
16 0.584665 0.52325
17 0.644037 0.58641
18 0.700135 0.641426
19 0.767209 0.686354
20 0.829075 0.727333
21 0.897285 0.764654
22 0.943426 0.802147
23 0.969605 0.838578
24 0.98222 0.879129
25 0.988775 0.906504
26 0.992658 0.926286
27 0.995473 0.943787
28 0.997393 0.958461
29 0.998659 0.970411
30 0.999475 0.981865
31 0.999854 0.989259
32 0.999978 0.993173
33 1 0.996446
34 1 0.998337
