1 0.00935374 0.0101288
2 0.0183107 0.0198361
3 0.0279667 0.0302979
4 0.0389128 0.0420773
5 0.0527501 0.056955
6 0.0725157 0.0738411
7 0.0933699 0.09439
8 0.119567 0.117979
9 0.153423 0.150817
10 0.196587 0.192357
11 0.255665 0.235779
12 0.315868 0.282478
13 0.379292 0.340121
14 0.447877 0.40174
15 0.51341 0.4639
16 0.572992 0.524608
17 0.633507 0.58167
18 0.690451 0.638025
19 0.745641 0.692184
20 0.797082 0.737648
21 0.842018 0.784095
22 0.87809 0.826779
23 0.90741 0.863201
24 0.930494 0.896922
25 0.9494 0.92535
26 0.964041 0.948819
27 0.975772 0.963148
28 0.984005 0.973331
29 0.990416 0.980412
30 0.995225 0.985122
31 0.998721 0.988728
32 0.999626 0.992404
33 0.999888 0.995463
34 0.99997 0.997464
35 1 0.998861
36 1 0.999765
37 1 0.99996
38 1 1
