1 0.00924414 0.00909718
2 0.0181154 0.0179309
3 0.0270106 0.0274951
4 0.0380864 0.0389372
5 0.0533422 0.052436
6 0.0744243 0.0681327
7 0.0957332 0.0864515
8 0.121955 0.108855
9 0.156561 0.138347
10 0.199592 0.173115
11 0.257497 0.212966
12 0.317532 0.261583
13 0.383328 0.309713
14 0.452976 0.359742
15 0.5174 0.416976
16 0.575705 0.47102
17 0.634609 0.520043
18 0.690417 0.569049
19 0.744732 0.616294
20 0.793575 0.664195
21 0.83596 0.707372
22 0.870543 0.751803
23 0.901192 0.79425
24 0.924868 0.833153
25 0.944225 0.862737
26 0.959743 0.888004
27 0.972785 0.910832
28 0.981906 0.929144
29 0.989336 0.943832
30 0.994453 0.956393
31 0.998105 0.966778
32 0.999395 0.973634
33 0.999812 0.979423
34 0.999969 0.98418
35 1 0.988059
36 1 0.991137
37 1 0.993735
38 1 0.995836
