1 0.0077278 0.00807844
2 0.0149039 0.015736
3 0.022574 0.0243784
4 0.0325433 0.036236
5 0.0461861 0.0520714
6 0.0652634 0.0687804
7 0.087153 0.0912701
8 0.111369 0.119712
9 0.140629 0.155036
10 0.177303 0.19095
11 0.218577 0.238712
12 0.271121 0.297239
13 0.328774 0.35785
14 0.387716 0.41885
15 0.443768 0.486624
16 0.499535 0.546636
17 0.556148 0.604644
18 0.608485 0.654734
19 0.661453 0.702469
20 0.708324 0.745816
21 0.756734 0.784584
22 0.80035 0.820798
23 0.837528 0.851063
24 0.869027 0.877542
25 0.897816 0.903328
26 0.920871 0.924781
27 0.936125 0.941229
28 0.948145 0.956187
29 0.959885 0.968287
30 0.969358 0.977349
31 0.976586 0.983818
32 0.982143 0.988932
33 0.986847 0.99281
34 0.990409 0.995357
35 0.993666 0.997047
36 0.99669 0.998209
37 0.999329 0.998919
38 1 0.999367
39 1 0.999645
40 1 0.999818
