1 0.00675815 0.00479239
2 0.0131611 0.0093016
3 0.0195253 0.0141464
4 0.0268058 0.0194098
5 0.0354295 0.0263394
6 0.0453075 0.034355
7 0.0565157 0.0436012
8 0.0713692 0.0550124
9 0.0917748 0.0702237
10 0.117091 0.0899617
11 0.14609 0.11409
12 0.183153 0.141558
13 0.223012 0.170429
14 0.26032 0.202135
15 0.298575 0.235496
16 0.338688 0.270319
17 0.381484 0.308358
18 0.432008 0.346799
19 0.487777 0.386356
20 0.541801 0.426225
21 0.58823 0.467293
22 0.634453 0.507761
23 0.677844 0.548952
24 0.715843 0.590689
25 0.750168 0.634627
26 0.782459 0.676666
27 0.814026 0.71647
28 0.844562 0.751544
29 0.873765 0.783448
30 0.898584 0.811334
31 0.919174 0.836191
32 0.937167 0.859028
33 0.950348 0.880516
34 0.961794 0.901095
35 0.971384 0.918814
36 0.981103 0.934045
37 0.989261 0.94684
38 0.996449 0.957519
39 0.999576 0.96565
40 1 0.973426
41 1 0.979878
42 1 0.984785
43 1 0.988743
44 1 0.992405
45 1 0.99516
