1 0.00407149 0.004268
2 0.0080315 0.00834178
3 0.0122259 0.0124878
4 0.0165789 0.0169169
5 0.0213134 0.0216962
6 0.0265144 0.0270173
7 0.0322822 0.033128
8 0.0397039 0.0405164
9 0.0489149 0.0495142
10 0.0620071 0.0619953
11 0.0793141 0.0773833
12 0.101256 0.0978042
13 0.126603 0.11958
14 0.152182 0.14258
15 0.176604 0.165869
16 0.200792 0.188845
17 0.225866 0.211962
18 0.252684 0.234755
19 0.281412 0.257217
20 0.311665 0.281333
21 0.341616 0.305914
22 0.372957 0.331912
23 0.405078 0.358586
24 0.437958 0.385697
25 0.470187 0.412912
26 0.503201 0.439306
27 0.536113 0.463575
28 0.568788 0.488582
29 0.603472 0.516342
30 0.638397 0.5442
31 0.67337 0.570504
32 0.70994 0.594218
33 0.745444 0.615696
34 0.781008 0.636613
35 0.810825 0.655909
36 0.836896 0.675232
37 0.859931 0.694392
38 0.881628 0.713949
39 0.901485 0.734786
40 0.919741 0.755603
41 0.93709 0.775554
42 0.954598 0.794123
43 0.968231 0.811104
44 0.978647 0.827242
45 0.984763 0.842921
46 0.988954 0.857981
47 0.992154 0.872276
48 0.995031 0.884833
49 0.996964 0.896778
50 0.998306 0.908478
51 0.99927 0.920305
52 0.999755 0.93084
53 1 0.940809
54 1 0.949475
55 1 0.957205
