1 0.00368586 0.00448985
2 0.00724297 0.00872796
3 0.0111585 0.0130931
4 0.0159288 0.0179378
5 0.0221946 0.0238145
6 0.0293611 0.0314649
7 0.0385347 0.0408442
8 0.049551 0.0530425
9 0.0628935 0.0701031
10 0.0788735 0.0913866
11 0.0977189 0.115291
12 0.120105 0.141607
13 0.145686 0.169423
14 0.176604 0.198246
15 0.210248 0.231125
16 0.24686 0.267131
17 0.285465 0.305902
18 0.324997 0.348565
19 0.366012 0.391416
20 0.406608 0.434426
21 0.448781 0.477688
22 0.490159 0.520618
23 0.530921 0.562841
24 0.571331 0.604981
25 0.611481 0.644607
26 0.651204 0.685235
27 0.689986 0.725052
28 0.727349 0.763142
29 0.762784 0.796616
30 0.795422 0.829091
31 0.825097 0.857056
32 0.851964 0.881297
33 0.875985 0.901741
34 0.898067 0.919833
35 0.917848 0.935801
36 0.9342 0.950213
37 0.948345 0.963055
38 0.95996 0.975117
39 0.969884 0.984965
40 0.977472 0.992312
41 0.983801 0.996237
42 0.988324 0.998524
43 0.991827 0.999438
44 0.994086 0.999881
45 0.995816 0.999992
46 0.9971 1
47 0.998028 1
48 0.998713 1
49 0.99916 1
50 0.999474 1
