1 0.00869297 0.0069129
2 0.0173463 0.0132551
3 0.0267222 0.019401
4 0.0400396 0.0279875
5 0.0542136 0.0418743
6 0.0695787 0.0621507
7 0.0858994 0.0845853
8 0.105413 0.108624
9 0.127745 0.134744
10 0.159298 0.172342
11 0.195794 0.218667
12 0.23531 0.265256
13 0.279566 0.311528
14 0.324633 0.355867
15 0.369228 0.403964
16 0.41945 0.448916
17 0.4684 0.49533
18 0.524193 0.545262
19 0.586114 0.589166
20 0.648449 0.630688
21 0.707194 0.669466
22 0.759211 0.70654
23 0.801498 0.740733
24 0.83654 0.772567
25 0.870455 0.802518
26 0.897003 0.82882
27 0.915102 0.85297
28 0.932495 0.875687
29 0.945366 0.896674
30 0.956823 0.915113
31 0.966461 0.930713
32 0.974702 0.944144
33 0.98131 0.955184
34 0.986429 0.964789
35 0.990615 0.973139
36 0.993746 0.979747
37 0.99604 0.985068
38 0.997606 0.989414
39 0.998499 0.992698
40 0.999164 0.994835
41 0.999648 0.99661
42 0.999839 0.997979
43 0.999956 0.998857
44 1 0.999429
