1 0.00757726 0.00954441
2 0.0148347 0.018391
3 0.0224335 0.0276682
4 0.0322051 0.0386947
5 0.0457901 0.0550231
6 0.0628474 0.0730104
7 0.0846883 0.0986178
8 0.110327 0.125054
9 0.140542 0.162926
10 0.17647 0.206324
11 0.230235 0.260094
12 0.284757 0.316401
13 0.339028 0.371353
14 0.392339 0.426098
15 0.450308 0.482857
16 0.509078 0.540402
17 0.562585 0.598072
18 0.611285 0.654004
19 0.655699 0.703429
20 0.695802 0.747559
21 0.733979 0.785052
22 0.776705 0.817684
23 0.82269 0.847459
24 0.863422 0.868864
25 0.894784 0.88996
26 0.919565 0.909506
27 0.939836 0.925531
28 0.955817 0.939902
29 0.96797 0.952543
30 0.977114 0.964894
31 0.984386 0.976613
32 0.990715 0.985384
33 0.99436 0.990511
34 0.996708 0.994216
35 0.998566 0.99644
36 0.999485 0.997983
37 0.999886 0.998854
38 0.999996 0.999229
39 1 0.999498
40 1 0.999771
