1 0.00481888 0.00475405
2 0.00941556 0.00932247
3 0.0146883 0.0144247
4 0.0204482 0.0201242
5 0.0264941 0.026732
6 0.0332497 0.0343306
7 0.0423143 0.0437178
8 0.051886 0.0551306
9 0.0631694 0.069245
10 0.0792048 0.087247
11 0.099189 0.110061
12 0.123087 0.139095
13 0.149991 0.171805
14 0.181974 0.206546
15 0.217565 0.239643
16 0.250497 0.272752
17 0.286123 0.306142
18 0.32303 0.340758
19 0.359229 0.377264
20 0.396835 0.415419
21 0.432902 0.453097
22 0.467579 0.491539
23 0.50296 0.530112
24 0.538831 0.567764
25 0.574611 0.603067
26 0.610496 0.634591
27 0.646779 0.664573
28 0.679731 0.691296
29 0.710742 0.716544
30 0.740225 0.740696
31 0.770002 0.763616
32 0.799054 0.785745
33 0.824153 0.807635
34 0.845642 0.828698
35 0.865382 0.847994
36 0.883744 0.865645
37 0.899743 0.881271
38 0.914163 0.895844
39 0.926556 0.909894
40 0.937147 0.922865
41 0.946418 0.934341
42 0.955021 0.944808
43 0.962858 0.954541
44 0.970255 0.962556
45 0.97698 0.969173
46 0.982733 0.974795
47 0.987451 0.979499
48 0.99098 0.983614
49 0.993733 0.987272
50 0.995585 0.990313
51 0.997155 0.992919
52 0.998319 0.995134
53 0.999198 0.997054
54 0.99966 0.998409
55 0.999773 0.999116
56 0.999883 0.999587
57 0.999938 0.999861
58 0.999966 0.999966
59 0.999989 1
60 1 1
