1 0.00497628 0.00502976
2 0.00967934 0.00975169
3 0.0147061 0.0147802
4 0.0203635 0.0203624
5 0.0264551 0.0271418
6 0.0331523 0.0351063
7 0.0415441 0.0443013
8 0.0510454 0.0545579
9 0.0620286 0.0678309
10 0.0774383 0.0836952
11 0.0968867 0.102462
12 0.120028 0.125649
13 0.146126 0.152549
14 0.177193 0.183185
15 0.213113 0.216601
16 0.247083 0.249958
17 0.282716 0.283546
18 0.320013 0.318856
19 0.356338 0.356136
20 0.393377 0.389856
21 0.429653 0.421979
22 0.464009 0.457478
23 0.499183 0.498602
24 0.535967 0.540487
25 0.572975 0.577499
26 0.60888 0.61335
27 0.64553 0.649464
28 0.679822 0.682944
29 0.711631 0.715185
30 0.741822 0.743402
31 0.772221 0.769898
32 0.801372 0.795319
33 0.826204 0.820896
34 0.848347 0.844745
35 0.868267 0.865905
36 0.886377 0.887782
37 0.902309 0.906293
38 0.916886 0.922784
39 0.92904 0.938244
40 0.93923 0.952465
41 0.948374 0.964059
42 0.956907 0.973866
43 0.964686 0.982664
44 0.971469 0.988682
45 0.977885 0.992696
46 0.983681 0.995563
47 0.988252 0.997442
48 0.991898 0.998684
49 0.994476 0.999522
50 0.996286 1
51 0.99767 1
52 0.998679 1
53 0.999477 1
54 0.999762 1
55 0.999863 1
