1 0.00702137 0.0108057
2 0.013943 0.0212245
3 0.0215394 0.031752
4 0.029666 0.0425408
5 0.0393887 0.0531954
6 0.0524006 0.0666252
7 0.0698587 0.0813163
8 0.0934256 0.0968703
9 0.124191 0.113451
10 0.15859 0.135257
11 0.196806 0.16347
12 0.237103 0.196195
13 0.280533 0.239654
14 0.329078 0.279455
15 0.378525 0.318405
16 0.426179 0.359116
17 0.471249 0.398106
18 0.515904 0.442647
19 0.565026 0.483802
20 0.616012 0.51892
21 0.660076 0.551207
22 0.700642 0.580285
23 0.740089 0.609286
24 0.775906 0.636859
25 0.808839 0.667507
26 0.838492 0.692595
27 0.86539 0.715584
28 0.888611 0.737986
29 0.908331 0.761702
30 0.926801 0.787245
31 0.944232 0.809429
32 0.958356 0.829355
33 0.970583 0.847658
34 0.980216 0.864267
35 0.987545 0.879904
36 0.992547 0.893308
37 0.995743 0.906574
38 0.998074 0.918963
39 0.999243 0.9317
40 0.999819 0.94234
41 0.999989 0.949135
42 1 0.955649
43 1 0.961489
44 1 0.966621
