1 0.00708886 0.00774793
2 0.0141591 0.0152399
3 0.0218964 0.0234343
4 0.0303086 0.0335836
5 0.0405741 0.0449759
6 0.0532085 0.059464
7 0.0690723 0.07698
8 0.0910754 0.0973611
9 0.121438 0.122366
10 0.154778 0.155064
11 0.190684 0.193952
12 0.232107 0.238011
13 0.278014 0.281626
14 0.324833 0.330629
15 0.372431 0.382571
16 0.420404 0.433418
17 0.467186 0.484978
18 0.512438 0.536418
19 0.562218 0.585549
20 0.615031 0.635673
21 0.659167 0.685526
22 0.702248 0.729247
23 0.742211 0.767607
24 0.778505 0.806008
25 0.811634 0.83925
26 0.841393 0.868432
27 0.8672 0.893225
28 0.889621 0.914105
29 0.908796 0.932451
30 0.927257 0.947805
31 0.9443 0.960409
32 0.958304 0.970281
33 0.969757 0.978434
34 0.979232 0.984772
35 0.986967 0.989682
36 0.992329 0.993385
37 0.995722 0.995852
38 0.998076 0.997402
39 0.999408 0.998337
40 0.999908 0.998974
41 0.999995 0.999446
42 1 0.999795
43 1 0.999954
44 1 1
