1 0.00468005 0.00652874
2 0.00906695 0.0128138
3 0.0141411 0.0191806
4 0.0202116 0.0258415
5 0.0297013 0.0329527
6 0.0413973 0.0398938
7 0.0544323 0.0484876
8 0.0698265 0.0602489
9 0.0891999 0.0732488
10 0.115374 0.0903061
11 0.144595 0.11188
12 0.178007 0.140631
13 0.215352 0.173468
14 0.26011 0.204422
15 0.307705 0.233682
16 0.356386 0.265931
17 0.405344 0.298554
18 0.454264 0.3305
19 0.503426 0.364771
20 0.550949 0.400239
21 0.598642 0.43937
22 0.648195 0.477472
23 0.694521 0.514924
24 0.74024 0.550234
25 0.785238 0.582221
26 0.826638 0.612442
27 0.862433 0.641991
28 0.893468 0.670095
29 0.919859 0.698527
30 0.942388 0.724882
31 0.960057 0.748486
32 0.972533 0.770079
33 0.982018 0.790168
34 0.988507 0.809209
35 0.992607 0.827369
36 0.995546 0.84403
37 0.997616 0.859328
38 0.998906 0.874317
39 0.999598 0.888045
40 0.999954 0.900796
41 1 0.913014
42 1 0.924262
