1 0.0124821 0.0127163
2 0.0236849 0.0244952
3 0.0348068 0.0368103
4 0.0463513 0.0497208
5 0.058017 0.063149
6 0.0694942 0.0771376
7 0.0840047 0.0939164
8 0.106725 0.116036
9 0.132352 0.139826
10 0.166791 0.170544
11 0.209397 0.208709
12 0.253836 0.251476
13 0.292775 0.30133
14 0.332251 0.346169
15 0.370196 0.389392
16 0.409514 0.434358
17 0.444567 0.491572
18 0.478461 0.559987
19 0.511171 0.619994
20 0.542219 0.672432
21 0.572598 0.723254
22 0.600848 0.760991
23 0.626846 0.790447
24 0.651056 0.81574
25 0.674039 0.840161
26 0.695558 0.863317
27 0.715349 0.887134
28 0.734689 0.915653
29 0.753756 0.935316
30 0.772854 0.95069
31 0.79109 0.962548
32 0.807908 0.97171
33 0.824331 0.979332
34 0.840599 0.986206
35 0.85575 0.991862
36 0.869711 0.995797
37 0.882274 0.998116
38 0.895399 0.999308
39 0.908203 0.999789
40 0.919741 0.999972
41 0.930657 1
42 0.940044 1
