1 0.0113236 0.00954591
2 0.0221459 0.0191262
3 0.0330435 0.0303325
4 0.0443684 0.0419261
5 0.0566434 0.0556864
6 0.0695257 0.0738396
7 0.0854381 0.0943883
8 0.106623 0.119979
9 0.132139 0.152089
10 0.160748 0.19661
11 0.197455 0.246344
12 0.25692 0.293837
13 0.322111 0.341337
14 0.392557 0.385953
15 0.456134 0.427863
16 0.52265 0.471041
17 0.577407 0.514522
18 0.628603 0.557508
19 0.679088 0.601282
20 0.728538 0.642896
21 0.777247 0.679786
22 0.82411 0.716117
23 0.866013 0.745683
24 0.903463 0.770876
25 0.930671 0.793442
26 0.951939 0.814918
27 0.969351 0.833668
28 0.980806 0.849477
29 0.988913 0.862391
30 0.994851 0.874312
31 0.998096 0.884493
32 0.999437 0.894321
33 0.99985 0.903294
34 0.999995 0.911368
35 1 0.919574
