1 0.0129813 0.018104
2 0.0244287 0.0352542
3 0.0385734 0.0525022
4 0.0548476 0.0759667
5 0.0743352 0.108578
6 0.10249 0.144872
7 0.129872 0.182741
8 0.15723 0.223654
9 0.191555 0.274835
10 0.229176 0.331864
11 0.277403 0.392249
12 0.343217 0.462735
13 0.417012 0.552761
14 0.485848 0.637966
15 0.547877 0.706533
16 0.611825 0.787469
17 0.670658 0.861787
18 0.733144 0.93083
19 0.787645 0.971951
20 0.836177 0.996857
21 0.878837 1
22 0.910717 1
23 0.934913 1
24 0.950848 1
25 0.965097 1
26 0.977877 1
27 0.990873 1
