1 0.0127666 0.0112591
2 0.0247368 0.0217942
3 0.0383102 0.0323292
4 0.0550173 0.0464923
5 0.0735942 0.0672163
6 0.100637 0.0894332
7 0.128012 0.114551
8 0.155973 0.139387
9 0.193082 0.167502
10 0.235253 0.206553
11 0.288172 0.259355
12 0.35697 0.316266
13 0.431073 0.382642
14 0.501724 0.458475
15 0.5667 0.533603
16 0.635547 0.604159
17 0.69742 0.66677
18 0.753383 0.727391
19 0.806451 0.782127
20 0.851918 0.824442
21 0.890966 0.859781
22 0.920104 0.889679
23 0.940644 0.912583
24 0.95653 0.932607
25 0.97072 0.950371
26 0.983127 0.967219
27 0.993778 0.981562
28 0.997244 0.992646
29 0.999581 0.996029
30 1 0.997595
31 1 0.998383
32 1 0.999133
33 1 0.999754
