1 0.0132133 0.0113168
2 0.0249896 0.0220553
3 0.0383483 0.033569
4 0.0542694 0.0465926
5 0.0728843 0.0618356
6 0.101015 0.0841005
7 0.128878 0.108681
8 0.155963 0.13844
9 0.192711 0.171506
10 0.233352 0.208504
11 0.283251 0.252185
12 0.352857 0.295377
13 0.426776 0.342492
14 0.49144 0.400432
15 0.551835 0.465252
16 0.619429 0.529996
17 0.683334 0.59166
18 0.748373 0.648135
19 0.799197 0.703295
20 0.845731 0.751476
21 0.887642 0.79775
22 0.91697 0.840457
23 0.938511 0.882598
24 0.954321 0.915725
25 0.969238 0.938738
26 0.980848 0.956867
27 0.991891 0.971488
28 0.99615 0.983164
29 0.999605 0.99009
30 1 0.994468
31 1 0.997223
32 1 0.998919
33 1 0.999843
