1 0.00684453 0.00647602
2 0.0135084 0.0125986
3 0.0203564 0.0191169
4 0.0277005 0.0261695
5 0.0366227 0.0346192
6 0.0481654 0.0446407
7 0.0643771 0.0577414
8 0.0833943 0.075293
9 0.109765 0.0966942
10 0.142533 0.126678
11 0.179779 0.160891
12 0.221397 0.201633
13 0.269077 0.242549
14 0.316475 0.28257
15 0.362542 0.323903
16 0.41207 0.366391
17 0.46196 0.412653
18 0.511937 0.460154
19 0.566408 0.508342
20 0.622214 0.5556
21 0.677683 0.606253
22 0.723309 0.651028
23 0.766059 0.691469
24 0.807185 0.732251
25 0.843057 0.775594
26 0.876095 0.812529
27 0.904199 0.84725
28 0.929782 0.878544
29 0.958445 0.909542
30 0.976017 0.94073
31 0.987489 0.961774
32 0.995162 0.975227
33 0.998878 0.984427
34 0.999577 0.990604
35 0.999887 0.99382
36 1 0.996576
37 1 0.999502
38 1 0.999814
