1 0.00431439 0.00449759
2 0.00850491 0.00883598
3 0.0130824 0.0137533
4 0.0181463 0.0190669
5 0.0240781 0.0250377
6 0.0306882 0.0324302
7 0.0388325 0.0410789
8 0.0476709 0.0515882
9 0.0600876 0.0660571
10 0.0782327 0.084405
11 0.101001 0.108991
12 0.12849 0.134832
13 0.158856 0.162206
14 0.191333 0.190208
15 0.22432 0.221475
16 0.25837 0.255262
17 0.291635 0.291063
18 0.326537 0.329617
19 0.36354 0.370136
20 0.401922 0.414074
21 0.445879 0.45811
22 0.488511 0.500317
23 0.532112 0.542246
24 0.575377 0.581174
25 0.617464 0.620404
26 0.658635 0.658275
27 0.696729 0.694753
28 0.730815 0.729573
29 0.762791 0.763302
30 0.793246 0.79438
31 0.823481 0.821396
32 0.853149 0.845984
33 0.878486 0.868229
34 0.900022 0.888673
35 0.918638 0.906769
36 0.935938 0.924457
37 0.951346 0.940119
38 0.963344 0.95294
39 0.972397 0.963538
40 0.980087 0.973024
41 0.986428 0.980355
42 0.99115 0.985991
43 0.994463 0.990814
44 0.996853 0.996164
45 0.998172 0.998165
46 0.999135 0.999124
47 0.999542 0.999647
48 0.999746 0.999866
49 0.999858 0.999932
50 0.999921 0.999968
51 0.99997 0.999992
52 0.999997 1
53 1 1
