1 0.00434197 0.00434806
2 0.00860075 0.00848498
3 0.0132498 0.0129753
4 0.0183713 0.0182202
5 0.0246543 0.0242771
6 0.0320494 0.0310121
7 0.0409202 0.0389066
8 0.0506082 0.0483576
9 0.0631966 0.0608092
10 0.0817455 0.0788689
11 0.104991 0.10204
12 0.132163 0.128716
13 0.163139 0.160625
14 0.196339 0.192052
15 0.230172 0.223093
16 0.264536 0.255807
17 0.29798 0.287652
18 0.333124 0.32269
19 0.370409 0.360062
20 0.409136 0.39955
21 0.453293 0.438734
22 0.495807 0.477548
23 0.539254 0.518919
24 0.583343 0.562671
25 0.625368 0.606117
26 0.666367 0.646062
27 0.704615 0.683453
28 0.740296 0.71883
29 0.772327 0.752196
30 0.80238 0.784207
31 0.831208 0.815647
32 0.859862 0.844701
33 0.883797 0.871161
34 0.904593 0.894535
35 0.9224 0.915168
36 0.939089 0.936335
37 0.954581 0.951602
38 0.965744 0.963322
39 0.974282 0.971423
40 0.981321 0.977399
41 0.987529 0.982299
42 0.991808 0.986452
43 0.994865 0.990047
44 0.99698 0.99329
45 0.998231 0.996101
46 0.99908 0.998625
47 0.999467 0.9994
48 0.999675 0.999709
49 0.999811 0.999899
50 0.999886 0.999999
51 0.999939 1
52 0.999979 1
