1 0.0184569 0.0188387
2 0.0356338 0.0368866
3 0.0534329 0.0557407
4 0.0714667 0.0734915
5 0.0889493 0.0926852
6 0.111264 0.111501
7 0.136096 0.130127
8 0.162005 0.148164
9 0.191221 0.176659
10 0.233465 0.220664
11 0.282908 0.280409
12 0.33515 0.331061
13 0.386848 0.377446
14 0.440444 0.418167
15 0.47957 0.454796
16 0.518923 0.48963
17 0.557419 0.520397
18 0.594578 0.549302
19 0.634532 0.57841
20 0.666172 0.606671
21 0.693198 0.633152
22 0.725134 0.657774
23 0.753589 0.684182
24 0.776057 0.707396
25 0.796032 0.729927
26 0.815292 0.750475
27 0.832992 0.772377
28 0.849607 0.791046
29 0.867349 0.809911
30 0.883445 0.82586
31 0.8992 0.843233
32 0.913806 0.858391
33 0.9265 0.87294
34 0.936907 0.886825
35 0.946795 0.901061
36 0.956356 0.914688
37 0.965611 0.928245
38 0.97318 0.941273
39 0.97915 0.951651
40 0.984437 0.960212
41 0.988036 0.980617
42 0.990855 0.99015
43 0.993284 0.994884
44 0.995716 0.997654
45 0.997692 0.999217
46 0.999449 0.999919
47 1 1
48 1 1
49 1 1
