1 0.00418157 0.004212
2 0.00822598 0.00820975
3 0.0125352 0.0126591
4 0.017222 0.0176131
5 0.022731 0.0235915
6 0.0295575 0.0312417
7 0.0377415 0.0402432
8 0.0476828 0.0512218
9 0.0599624 0.0668178
10 0.0778102 0.0873195
11 0.102277 0.111778
12 0.130051 0.141739
13 0.160287 0.176209
14 0.191379 0.214338
15 0.224027 0.250945
16 0.255926 0.288066
17 0.289867 0.324569
18 0.326058 0.362736
19 0.363721 0.403704
20 0.406949 0.44612
21 0.449199 0.492113
22 0.491078 0.538608
23 0.531901 0.583903
24 0.572592 0.629289
25 0.614736 0.673503
26 0.654192 0.714592
27 0.691915 0.753653
28 0.730081 0.789619
29 0.767192 0.821872
30 0.800122 0.852302
31 0.828724 0.880047
32 0.854181 0.90673
33 0.878291 0.930982
34 0.900743 0.953095
35 0.920404 0.968505
36 0.9369 0.979835
37 0.951343 0.987657
38 0.963386 0.992087
39 0.973325 0.995688
40 0.980982 0.998258
41 0.987514 0.999556
42 0.991858 0.999981
43 0.995478 1
44 0.998005 1
45 0.998891 1
46 0.999425 1
47 0.999716 1
48 0.999866 1
49 0.999973 1
50 1 1
