1 0.00479368 0.00528778
2 0.0092484 0.0105817
3 0.014274 0.0161492
4 0.020337 0.0226373
5 0.0281399 0.030377
6 0.0383202 0.0395156
7 0.0512557 0.0501039
8 0.0674414 0.0625146
9 0.0897011 0.0771822
10 0.119776 0.095958
11 0.154892 0.119596
12 0.193267 0.147054
13 0.233518 0.180342
14 0.273173 0.214229
15 0.313087 0.245109
16 0.354241 0.276786
17 0.396584 0.310503
18 0.439109 0.34394
19 0.483418 0.380576
20 0.532649 0.417091
21 0.580271 0.452583
22 0.621333 0.487343
23 0.65958 0.521865
24 0.696115 0.554041
25 0.731744 0.585494
26 0.764572 0.616218
27 0.795285 0.648288
28 0.82444 0.680873
29 0.851331 0.711674
30 0.875733 0.737491
31 0.896587 0.76012
32 0.914369 0.780625
33 0.929681 0.798407
34 0.942697 0.813049
35 0.953903 0.828363
36 0.964296 0.842444
37 0.974659 0.855468
38 0.982452 0.867788
39 0.987867 0.880537
40 0.991819 0.892796
41 0.994509 0.905387
42 0.996441 0.917797
43 0.997569 0.930534
44 0.99822 0.94092
45 0.998841 0.949496
46 0.999412 0.957141
47 0.999814 0.965533
48 0.999979 0.972825
49 1 0.97887
50 1 0.985162
51 1 0.991831
52 1 0.996351
