1 0.00473323 0.00419514
2 0.00929027 0.00820451
3 0.0143708 0.0125806
4 0.0202761 0.0176552
5 0.0279427 0.0241549
6 0.0377537 0.0324833
7 0.0510112 0.0426497
8 0.0673063 0.0546312
9 0.0890106 0.0690615
10 0.117765 0.086216
11 0.152836 0.106802
12 0.190009 0.133192
13 0.229763 0.162249
14 0.26919 0.19477
15 0.308177 0.229597
16 0.348981 0.266809
17 0.39188 0.305021
18 0.434406 0.344142
19 0.478005 0.383991
20 0.527076 0.424863
21 0.574629 0.466737
22 0.617265 0.507308
23 0.655371 0.547795
24 0.691358 0.591454
25 0.7265 0.632437
26 0.758602 0.67237
27 0.789771 0.708753
28 0.81841 0.743093
29 0.845153 0.774755
30 0.869469 0.803469
31 0.890673 0.831014
32 0.908512 0.856603
33 0.924617 0.878543
34 0.938245 0.89924
35 0.95026 0.917968
36 0.96128 0.9336
37 0.972163 0.947732
38 0.980632 0.959374
39 0.986549 0.96891
40 0.990746 0.976135
41 0.993698 0.982043
42 0.996025 0.986942
43 0.997443 0.990907
44 0.998291 0.993876
45 0.998909 0.995953
46 0.999424 0.997478
47 0.999833 0.998646
48 0.999979 0.999428
49 1 0.999929
50 1 1
51 1 1
52 1 1
