1 0.00681559 0.00674827
2 0.013581 0.0133549
3 0.0209638 0.0202076
4 0.0297537 0.0274338
5 0.0399641 0.0357376
6 0.0521474 0.0453478
7 0.0666965 0.0572931
8 0.0847503 0.071126
9 0.105794 0.0952425
10 0.132722 0.125417
11 0.163885 0.159098
12 0.201082 0.195241
13 0.243005 0.234012
14 0.29074 0.274557
15 0.338884 0.317794
16 0.387928 0.364066
17 0.437542 0.415554
18 0.487652 0.469533
19 0.537798 0.522996
20 0.588014 0.573741
21 0.634905 0.622863
22 0.678308 0.669707
23 0.717744 0.71149
24 0.754586 0.749046
25 0.787604 0.784732
26 0.817327 0.81822
27 0.844222 0.846928
28 0.869204 0.872407
29 0.892296 0.893893
30 0.915092 0.913513
31 0.934746 0.929601
32 0.94871 0.944988
33 0.96065 0.958562
34 0.970415 0.967832
35 0.978873 0.975755
36 0.985034 0.98103
37 0.989426 0.986587
38 0.993029 0.991341
39 0.995691 0.996029
40 0.997449 0.99927
41 0.99883 0.999858
42 0.999386 0.999987
43 0.999849 1
44 0.999973 1
