1 0.00914692 0.014774
2 0.0187774 0.028672
3 0.0294188 0.042488
4 0.0401735 0.056334
5 0.0513694 0.069838
6 0.0632607 0.082852
7 0.0756916 0.096332
8 0.0892794 0.109874
9 0.111731 0.123902
10 0.142453 0.137714
11 0.170945 0.156772
12 0.203915 0.178486
13 0.236601 0.201066
14 0.275599 0.224002
15 0.314514 0.248114
16 0.356935 0.27415
17 0.398394 0.303532
18 0.437511 0.339244
19 0.477944 0.367558
20 0.515452 0.391662
21 0.547551 0.414622
22 0.577084 0.4376
23 0.603878 0.460448
24 0.628248 0.48201
25 0.649303 0.503634
26 0.668008 0.525966
27 0.683826 0.549038
28 0.698197 0.576772
29 0.71174 0.604758
30 0.725032 0.629258
31 0.737854 0.650148
32 0.750286 0.669254
33 0.762992 0.686294
34 0.775806 0.702508
35 0.789312 0.717804
36 0.803567 0.73292
37 0.819396 0.748134
38 0.832787 0.762332
39 0.845577 0.776554
40 0.85778 0.789998
41 0.869065 0.804072
42 0.880167 0.816664
43 0.890808 0.830256
44 0.900164 0.844346
45 0.90958 0.858816
46 0.918954 0.874682
47 0.92761 0.895546
48 0.935799 0.9114
49 0.943996 0.924114
50 0.951606 0.93657
51 0.958286 0.94718
52 0.964696 0.955782
53 0.970589 0.963962
54 0.976142 0.970518
55 0.980449 0.97603
56 0.984675 0.980692
57 0.988616 0.98357
58 0.991878 0.986594
59 0.994785 0.989562
60 0.996717 0.991966
61 0.99791 0.993708
62 0.998913 0.995342
63 0.999604 0.99684
64 0.999929 0.998214
65 1 0.9991
66 1 0.999664
67 1 1
68 1 1
