1 0.00906905 0.00798257
2 0.0186558 0.015679
3 0.0287098 0.0243626
4 0.0392815 0.0347229
5 0.0501701 0.0469745
6 0.0621665 0.06391
7 0.0742381 0.0814698
8 0.0877686 0.0991415
9 0.109025 0.119204
10 0.138932 0.147231
11 0.165526 0.181986
12 0.196105 0.224507
13 0.227889 0.270931
14 0.26539 0.327574
15 0.301884 0.384369
16 0.34483 0.43573
17 0.388146 0.483616
18 0.427454 0.527949
19 0.466086 0.567751
20 0.501598 0.608403
21 0.533752 0.649296
22 0.561902 0.690364
23 0.587415 0.730607
24 0.611387 0.763988
25 0.633652 0.793319
26 0.653353 0.818889
27 0.670751 0.842871
28 0.686864 0.863911
29 0.701422 0.883344
30 0.714916 0.900536
31 0.727562 0.915996
32 0.739671 0.929883
33 0.751991 0.942183
34 0.765762 0.95347
35 0.779702 0.962683
36 0.79557 0.970933
37 0.811524 0.977201
38 0.825851 0.982174
39 0.838242 0.986021
40 0.849667 0.989264
41 0.860583 0.992059
42 0.871266 0.994125
43 0.881631 0.995725
44 0.891522 0.996677
45 0.900705 0.997526
46 0.909875 0.998293
47 0.919131 0.999035
48 0.928448 0.999511
49 0.937431 0.999779
50 0.945751 0.999945
51 0.953917 1
