1 0.00902446 0.013778
2 0.0171862 0.026868
3 0.025903 0.039986
4 0.0358304 0.054582
5 0.0491978 0.070734
6 0.0632317 0.08875
7 0.077451 0.107708
8 0.0921701 0.128966
9 0.111314 0.161682
10 0.138163 0.197522
11 0.17052 0.238338
12 0.210408 0.28471
13 0.255765 0.343622
14 0.304325 0.40667
15 0.350306 0.47315
16 0.396575 0.542786
17 0.443104 0.609836
18 0.488968 0.677104
19 0.537509 0.735084
20 0.58272 0.787454
21 0.629448 0.82893
22 0.672519 0.867314
23 0.711868 0.892864
24 0.748491 0.91661
25 0.781156 0.940774
26 0.810648 0.959018
27 0.837096 0.973232
28 0.861211 0.98561
29 0.883679 0.992536
30 0.902956 0.996278
31 0.918273 0.9978
32 0.93166 0.998438
33 0.943326 0.998916
34 0.952896 0.99934
35 0.960619 0.999536
36 0.96763 0.99978
37 0.974797 0.99989
38 0.980715 0.999984
39 0.985665 1
