1 0.00929589 0.0101276
2 0.0179239 0.0200064
3 0.0268463 0.031242
4 0.0370277 0.0433849
5 0.0498186 0.0594069
6 0.0628205 0.0774378
7 0.0765507 0.0967459
8 0.0914526 0.116615
9 0.109864 0.138688
10 0.135258 0.162723
11 0.166134 0.194699
12 0.207017 0.237879
13 0.252016 0.283992
14 0.299397 0.334648
15 0.344625 0.387484
16 0.390215 0.437932
17 0.435922 0.492918
18 0.48414 0.538782
19 0.534065 0.578555
20 0.582433 0.616322
21 0.628347 0.654909
22 0.671618 0.691335
23 0.709596 0.726904
24 0.74538 0.767253
25 0.779507 0.80014
26 0.809338 0.827913
27 0.836174 0.852586
28 0.861475 0.876577
29 0.882432 0.89806
30 0.901102 0.91696
31 0.91665 0.934515
32 0.929753 0.949651
33 0.941 0.960515
34 0.950348 0.968538
35 0.958543 0.975614
36 0.966049 0.982026
37 0.972313 0.987073
38 0.978637 0.990858
39 0.983236 0.993742
40 0.987288 0.99593
41 0.991185 0.998163
42 0.99326 0.998858
43 0.994766 0.999254
44 0.99604 0.9996
45 0.997056 0.999837
46 0.997846 0.99999
47 0.998545 1
48 0.999069 1
