1 0.00910777 0.0113931
2 0.0179723 0.0219667
3 0.0270949 0.03265
4 0.0373233 0.0433083
5 0.0501303 0.0556722
6 0.0632061 0.0692139
7 0.0765251 0.0847319
8 0.0904811 0.103304
9 0.108414 0.125447
10 0.132987 0.153587
11 0.162647 0.186336
12 0.202205 0.217961
13 0.248081 0.256349
14 0.295558 0.302611
15 0.341166 0.347186
16 0.387073 0.391097
17 0.435673 0.425811
18 0.484432 0.456678
19 0.535398 0.487458
20 0.585606 0.519317
21 0.631744 0.555065
22 0.675047 0.587296
23 0.71304 0.617343
24 0.749003 0.650087
25 0.781783 0.677589
26 0.810805 0.706021
27 0.83729 0.733594
28 0.86165 0.760521
29 0.883603 0.78371
30 0.902936 0.805992
31 0.918835 0.825272
32 0.931799 0.843975
33 0.943052 0.864001
34 0.952244 0.887885
35 0.960191 0.909579
36 0.967151 0.924017
37 0.974022 0.941626
38 0.980419 0.95264
39 0.985367 0.960122
40 0.988965 0.966451
41 0.992283 0.972656
42 0.994124 0.978089
43 0.995507 0.982487
44 0.996594 0.987335
45 0.997319 0.991611
46 0.998132 0.995319
47 0.998933 0.999928
48 0.999432 1
49 0.999769 1
50 0.999992 1
51 1 1
