1 0.00490243 0.00496033
2 0.00956187 0.00973907
3 0.0145493 0.014451
4 0.0198187 0.0193781
5 0.0256448 0.0256003
6 0.0326373 0.033465
7 0.0412466 0.0434543
8 0.0518048 0.0553177
9 0.0659749 0.0699789
10 0.0842647 0.0888452
11 0.107644 0.112909
12 0.135756 0.141484
13 0.167731 0.171222
14 0.199755 0.200696
15 0.231967 0.229441
16 0.264443 0.260083
17 0.298099 0.29344
18 0.333274 0.330696
19 0.368961 0.368792
20 0.404231 0.408493
21 0.441448 0.450724
22 0.478499 0.488345
23 0.516161 0.528438
24 0.557801 0.570165
25 0.598022 0.613388
26 0.635044 0.653366
27 0.666102 0.690144
28 0.696154 0.723797
29 0.723922 0.75632
30 0.748884 0.786061
31 0.773636 0.811213
32 0.795505 0.835253
33 0.816746 0.858638
34 0.834953 0.879704
35 0.853178 0.897117
36 0.86982 0.911386
37 0.882226 0.923302
38 0.893456 0.935263
39 0.903338 0.946249
40 0.912299 0.953431
41 0.920863 0.959132
42 0.928234 0.963827
43 0.935099 0.968325
44 0.941194 0.972735
45 0.946968 0.976869
46 0.952132 0.980334
47 0.956179 0.983812
48 0.960599 0.986967
49 0.965762 0.989893
50 0.970303 0.992802
51 0.974468 0.99421
52 0.977957 0.995283
53 0.980572 0.996187
54 0.98279 0.997005
55 0.98464 0.99784
56 0.986385 0.998593
57 0.988226 0.99926
58 0.990135 0.999985
59 0.991991 1
60 0.993621 1
61 0.995156 1
62 0.996581 1
63 0.997646 1
64 0.998334 1
65 0.998707 1
