1 0.00626529 0.00490057
2 0.0121029 0.00973081
3 0.0180248 0.0147907
4 0.0244698 0.0202045
5 0.0326872 0.0264163
6 0.042831 0.0334472
7 0.0546343 0.0414422
8 0.0691087 0.050595
9 0.0896971 0.0628109
10 0.114158 0.0794371
11 0.146432 0.0966526
12 0.182734 0.115366
13 0.218937 0.135693
14 0.252374 0.157073
15 0.288005 0.17946
16 0.325798 0.203878
17 0.363954 0.227696
18 0.404903 0.249679
19 0.451786 0.272255
20 0.500095 0.295394
21 0.548325 0.317529
22 0.591306 0.338556
23 0.630523 0.359506
24 0.669706 0.380069
25 0.710954 0.399055
26 0.755278 0.416456
27 0.796324 0.433263
28 0.829423 0.449328
29 0.858484 0.465429
30 0.885634 0.481426
31 0.909412 0.49734
32 0.929999 0.512917
33 0.947131 0.528764
34 0.963036 0.543859
35 0.975454 0.558699
36 0.986383 0.573327
37 0.996004 0.587825
38 0.997433 0.60128
39 0.998313 0.615198
40 0.999066 0.628715
41 0.999555 0.641521
42 0.999856 0.653365
43 0.999979 0.665016
44 1 0.676282
45 1 0.686437
46 1 0.696137
