1 0.00577479 0.00646914
2 0.0114116 0.0128225
3 0.017286 0.0197926
4 0.023405 0.0276729
5 0.0313355 0.036608
6 0.0418149 0.0465719
7 0.0543281 0.0599396
8 0.0703426 0.075949
9 0.0921107 0.097011
10 0.118236 0.123031
11 0.150398 0.14901
12 0.187026 0.180437
13 0.22405 0.214281
14 0.258573 0.247957
15 0.295822 0.281413
16 0.333619 0.312625
17 0.371291 0.346092
18 0.41154 0.383691
19 0.456793 0.422555
20 0.505102 0.464232
21 0.55469 0.508873
22 0.598117 0.550686
23 0.637375 0.591811
24 0.674693 0.631244
25 0.714975 0.667522
26 0.757913 0.706005
27 0.798575 0.745105
28 0.832649 0.781029
29 0.863231 0.814101
30 0.889884 0.84572
31 0.913119 0.873098
32 0.933421 0.895893
33 0.951761 0.916368
34 0.965413 0.933527
35 0.976954 0.951141
36 0.98795 0.966252
37 0.99629 0.976441
38 0.997568 0.982713
39 0.998426 0.987872
40 0.999125 0.992966
41 0.999611 0.995072
42 0.999888 0.996546
43 0.99999 0.997836
44 1 0.998648
45 1 0.999066
46 1 0.999466
