1 0.0066156 0.00784149
2 0.013077 0.0150447
3 0.0204161 0.0225037
4 0.0301796 0.0315641
5 0.0409254 0.0437737
6 0.0523772 0.0564445
7 0.064977 0.0728251
8 0.0790777 0.092279
9 0.0965613 0.114385
10 0.115412 0.141976
11 0.135957 0.173742
12 0.15999 0.214792
13 0.185731 0.260302
14 0.215159 0.302921
15 0.245454 0.347411
16 0.276573 0.394748
17 0.30931 0.435394
18 0.339848 0.474354
19 0.369165 0.514238
20 0.397872 0.555727
21 0.425268 0.601233
22 0.45148 0.637925
23 0.475726 0.666703
24 0.498134 0.692943
25 0.518874 0.719745
26 0.539668 0.746298
27 0.560049 0.772969
28 0.580192 0.799181
29 0.59874 0.825649
30 0.615976 0.849479
31 0.631994 0.870819
32 0.645372 0.891938
33 0.657066 0.910273
34 0.667544 0.925554
35 0.676499 0.938175
36 0.685088 0.948514
37 0.692774 0.957736
38 0.700895 0.965176
39 0.707746 0.972255
40 0.714434 0.978235
41 0.720586 0.983353
42 0.726538 0.987911
43 0.732326 0.991684
44 0.737817 0.993839
45 0.744648 0.995709
46 0.753179 0.997524
47 0.761684 0.998672
48 0.770515 0.99962
49 0.778612 1
50 0.788136 1
51 0.798995 1
52 0.809957 1
