1 0.0066922 0.011686
2 0.0131701 0.02314
3 0.020383 0.037346
4 0.030132 0.05389
5 0.040706 0.072268
6 0.051369 0.094236
7 0.0639201 0.120938
8 0.0785984 0.155208
9 0.0953098 0.193318
10 0.115067 0.235398
11 0.136297 0.278338
12 0.16223 0.327702
13 0.190776 0.375458
14 0.220334 0.420634
15 0.252707 0.472048
16 0.285556 0.537516
17 0.318745 0.594162
18 0.350411 0.647508
19 0.381719 0.696436
20 0.410592 0.74317
21 0.437053 0.78988
22 0.462714 0.828114
23 0.486851 0.860786
24 0.509565 0.882808
25 0.531038 0.90056
26 0.553086 0.917316
27 0.574345 0.931746
28 0.595968 0.944742
29 0.615117 0.954564
30 0.631987 0.96414
31 0.648494 0.973354
32 0.662055 0.981818
33 0.674605 0.986512
34 0.685302 0.990144
35 0.695045 0.993058
36 0.704065 0.995784
37 0.713065 0.997656
38 0.722096 0.998706
39 0.729472 0.999504
40 0.736084 0.999926
41 0.741956 1
42 0.748344 1
43 0.754192 1
44 0.75961 1
