1 0.00760519 0.00816297
2 0.014748 0.016094
3 0.0227349 0.0253026
4 0.031392 0.03691
5 0.0426505 0.0500427
6 0.0585614 0.0651307
7 0.0769463 0.08284
8 0.0971114 0.101308
9 0.121038 0.126508
10 0.152176 0.159572
11 0.191893 0.202833
12 0.241233 0.254014
13 0.298304 0.314045
14 0.355748 0.382643
15 0.409349 0.438454
16 0.457933 0.492492
17 0.506715 0.542044
18 0.553375 0.588828
19 0.595103 0.6331
20 0.638153 0.674309
21 0.678031 0.712577
22 0.716526 0.747662
23 0.753157 0.783029
24 0.785802 0.817194
25 0.815969 0.846049
26 0.843695 0.870159
27 0.868632 0.892786
28 0.891759 0.912832
29 0.911856 0.931737
30 0.928537 0.948426
31 0.942627 0.962858
32 0.955414 0.972871
33 0.965976 0.979987
34 0.974523 0.985501
35 0.981265 0.989874
36 0.985839 0.993355
37 0.9899 0.995858
38 0.993017 0.997636
39 0.995063 0.99913
40 0.996606 0.999603
41 0.997808 0.999784
42 0.99872 0.999931
43 0.99931 0.999996
44 0.999698 1
