1 0.00517145 0.00591289
2 0.00995033 0.0115591
3 0.0152692 0.0172738
4 0.0214237 0.0243778
5 0.0317201 0.034968
6 0.0457066 0.0485556
7 0.0618082 0.0647707
8 0.0789681 0.081072
9 0.0994384 0.101837
10 0.128671 0.127963
11 0.165377 0.159772
12 0.204924 0.196572
13 0.246928 0.241615
14 0.292884 0.291031
15 0.342976 0.337569
16 0.390402 0.381337
17 0.434752 0.428569
18 0.476626 0.474812
19 0.518137 0.520575
20 0.55823 0.564422
21 0.598238 0.605091
22 0.637038 0.645976
23 0.671411 0.685202
24 0.703937 0.72147
25 0.734329 0.756398
26 0.762888 0.788203
27 0.789795 0.81738
28 0.8143 0.844723
29 0.837492 0.869853
30 0.856846 0.892839
31 0.874151 0.912989
32 0.889977 0.931112
33 0.904198 0.946649
34 0.917356 0.959612
35 0.929232 0.97024
36 0.940114 0.978668
37 0.950167 0.986063
38 0.958793 0.991507
39 0.966135 0.994772
40 0.972617 0.99713
41 0.978377 0.998756
42 0.983035 0.999488
43 0.986968 0.999842
44 0.990114 0.999964
45 0.992455 1
46 0.994416 1
47 0.996019 1
