1 0.00810544 0.00763073
2 0.0157383 0.0148126
3 0.0237524 0.0222195
4 0.0328828 0.0319238
5 0.0464167 0.0432924
6 0.0633365 0.0580168
7 0.0817822 0.0752547
8 0.101622 0.0967415
9 0.126444 0.124553
10 0.161882 0.160958
11 0.210705 0.202316
12 0.265226 0.249599
13 0.323425 0.301664
14 0.380666 0.355411
15 0.438087 0.411104
16 0.496162 0.471085
17 0.552723 0.531754
18 0.606513 0.588535
19 0.661387 0.638513
20 0.71597 0.686396
21 0.760772 0.73756
22 0.800673 0.784294
23 0.837781 0.824836
24 0.871122 0.860518
25 0.90164 0.892799
26 0.931808 0.919466
27 0.956219 0.938729
28 0.974229 0.956044
29 0.98554 0.968627
30 0.991414 0.977068
31 0.994495 0.984251
32 0.996332 0.990637
33 0.997523 0.996937
34 0.998357 0.999784
35 0.998989 1
36 0.999486 1
37 0.999811 1
