         1   0.33508
         2   0.34256
         3   0.34929
         4   0.35527
         5   0.36200
         6   0.36874
         7   0.37472
         8   0.37921
         9   0.38444
        10   0.39043
        11   0.39566
        12   0.40090
        13   0.40613
        14   0.41062
        15   0.41660
        16   0.42109
        17   0.42483
        18   0.43007
        19   0.43530
        20   0.43829
        21   0.44353
        22   0.44802
        23   0.45176
        24   0.45625
        25   0.45999
        26   0.46372
        27   0.46821
        28   0.47270
        29   0.47644
        30   0.48093
        31   0.48467
        32   0.48766
        33   0.48990
        34   0.49364
        35   0.49589
        36   0.49888
        37   0.50187
        38   0.50337
        39   0.50636
        40   0.50935
        41   0.51159
        42   0.51458
        43   0.51758
        44   0.51982
        45   0.52206
        46   0.52431
        47   0.52730
        48   0.52880
        49   0.53029
        50   0.53104
        51   0.53254
        52   0.53328
        53   0.53478
        54   0.53553
        55   0.53702
        56   0.53777
        57   0.53852
        58   0.54001
        59   0.54076
        60   0.54151
        61   0.54301
        62   0.54375
        63   0.54525
        64   0.54600
        65   0.56918
        66   0.58265
        67   0.59162
        68   0.59985
        69   0.60733
        70   0.61406
        71   0.62079
        72   0.62678
        73   0.63426
        74   0.63949
        75   0.64473
        76   0.65071
        77   0.65595
        78   0.66118
        79   0.66717
        80   0.67240
        81   0.67838
        82   0.68362
        83   0.68960
        84   0.69484
        85   0.70082
        86   0.70905
        87   0.71653
        88   0.72550
        89   0.73448
        90   0.74420
        91   0.75093
        92   0.75692
        93   0.76290
        94   0.76664
        95   0.77113
        96   0.77412
        97   0.77786
        98   0.78085
        99   0.78310
       100   0.78684
       101   0.78908
       102   0.79207
       103   0.79432
       104   0.79581
       105   0.79880
       106   0.80105
       107   0.80329
       108   0.80553
       109   0.80778
       110   0.80927
       111   0.81152
       112   0.81376
       113   0.81601
       114   0.81750
       115   0.81975
       116   0.82199
       117   0.82349
       118   0.82573
       119   0.82723
       120   0.82872
       121   0.83022
       122   0.83171
       123   0.83470
       124   0.83545
       125   0.83695
       126   0.83844
       127   0.83994
       128   0.84144
       129   0.84293
       130   0.84443
       131   0.84592
       132   0.84817
       133   0.84817
       134   0.85041
       135   0.85191
       136   0.85340
       137   0.85415
       138   0.85565
       139   0.85639
       140   0.85714
       141   0.85864
       142   0.86013
       143   0.86088
       144   0.86163
       145   0.86313
       146   0.86537
       147   0.86612
       148   0.86687
       149   0.86836
       150   0.86911
       151   0.86986
       152   0.87061
       153   0.87135
       154   0.87285
       155   0.87285
       156   0.87360
       157   0.87509
       158   0.87509
       159   0.87584
       160   0.87734
       161   0.87734
       162   0.87809
       163   0.87883
       164   0.87958
       165   0.87958
       166   0.88033
       167   0.88033
       168   0.88108
       169   0.88182
       170   0.88182
       171   0.88257
       172   0.88257
       173   0.88332
       174   0.88332
       175   0.88182
       176   0.88182
       177   0.88033
       178   0.87958
       179   0.87809
       180   0.87734
       181   0.87584
       182   0.87509
       183   0.87360
       184   0.87285
       185   0.87135
       186   0.87061
       187   0.86911
       188   0.86836
       189   0.86687
       190   0.86537
       191   0.86387
       192   0.86313
       193   0.86088
       194   0.85939
       195   0.85789
       196   0.85565
       197   0.85490
       198   0.85266
       199   0.85116
       200   0.84892
       201   0.84667
       202   0.84518
       203   0.84218
       204   0.83994
       205   0.83695
       206   0.83396
       207   0.83171
       208   0.82872
       209   0.82648
       210   0.82349
       211   0.82049
       212   0.81825
       213   0.81526
       214   0.81227
       215   0.81002
       216   0.80703
       217   0.80404
       218   0.80254
       219   0.79955
       220   0.79656
       221   0.79432
       222   0.79207
       223   0.78908
       224   0.78684
       225   0.78459
       226   0.78160
       227   0.77936
       228   0.77711
       229   0.77487
       230   0.77188
       231   0.76963
       232   0.76739
       233   0.76515
       234   0.76215
       235   0.75991
       236   0.75841
       237   0.75542
       238   0.75318
       239   0.75093
       240   0.74794
       241   0.74645
       242   0.74420
       243   0.74196
       244   0.73897
       245   0.73672
       246   0.73523
       247   0.73298
       248   0.72999
       249   0.73448
       250   0.73897
       251   0.74346
       252   0.74720
       253   0.75168
       254   0.75542
       255   0.75991
       256   0.76440
       257   0.76963
       258   0.77487
       259   0.78010
       260   0.78534
       261   0.78983
       262   0.79656
       263   0.80329
       264   0.81077
       265   0.81975
       266   0.83022
       267   0.84069
       268   0.85116
       269   0.86088
       270   0.86761
       271   0.87435
       272   0.88108
       273   0.88706
       274   0.89155
       275   0.89604
       276   0.90127
       277   0.90501
       278   0.90950
       279   0.91249
       280   0.91698
       281   0.92072
       282   0.92446
       283   0.92745
       284   0.93119
       285   0.93493
       286   0.95512
       287   0.96709
       288   0.97532
       289   0.98130
       290   0.98803
       291   0.99252
       292   0.99327
       293   0.99327
       294   0.99402
       295   0.99476
       296   0.99476
       297   0.99551
       298   0.99551
       299   0.99626
       300   0.99626
       301   0.99626
       302   0.99701
       303   0.99701
       304   0.99776
       305   0.99776
       306   0.99850
       307   0.99850
       308   0.99850
       309   0.99925
       310   0.99925
       311   0.99925
       312   0.99925
       313   0.99925
       314   0.99925
       315   0.99925
       316   0.99925
       317   0.99925
       318   0.99925
       319   0.99925
       320   0.99925
       321   0.99925
       322   0.99925
       323   0.99925
       324   0.99925
       325   0.99925
       326   0.99925
       327   0.99925
       328   0.99925
       329   0.99925
       330   0.99925
       331   0.99925
       332   0.99925
       333   0.99925
       334   0.99925
       335   0.99925
       336   0.99925
       337   0.99925
       338   0.99925
       339   0.99925
       340   0.99925
       341   0.99925
       342   0.99925
       343   0.99925
       344   0.99925
       345   0.99925
       346   0.99925
       347   0.99850
       348   0.99776
       349   0.99776
       350   0.99701
       351   0.99626
       352   0.99551
       353   0.99476
       354   0.99402
       355   0.99402
       356   0.99327
       357   0.99252
       358   0.99177
       359   0.99102
       360   0.99102
       361   0.99028
       362   0.98953
       363   0.98878
       364   0.98878
       365   0.98803
       366   0.98728
       367   0.98654
       368   0.98654
       369   0.98579
       370   0.98504
       371   0.98504
       372   0.98355
       373   0.98280
       374   0.98205
       375   0.98130
       376   0.98055
       377   0.98055
       378   0.97906
       379   0.97831
       380   0.97831
       381   0.97681
       382   0.97607
       383   0.97532
       384   0.97457
       385   0.97457
       386   0.97307
       387   0.97233
       388   0.97158
       389   0.97083
       390   0.97008
       391   0.96933
       392   0.96859
       393   0.96784
       394   0.96709
       395   0.96634
       396   0.96559
       397   0.96485
       398   0.96410
       399   0.96335
       400   0.96260
       401   0.96185
       402   0.96111
       403   0.96036
       404   0.95961
       405   0.95886
       406   0.95812
       407   0.95737
       408   0.95662
       409   0.95587
       410   0.95512
       411   0.95438
       412   0.95363
       413   0.95288
       414   0.95213
       415   0.95064
       416   0.95064
       417   0.94989
       418   0.94839
       419   0.94839
       420   0.94764
       421   0.94615
       422   0.94615
       423   0.94540
       424   0.94390
       425   0.94390
       426   0.94316
       427   0.94241
       428   0.94166
       429   0.94091
       430   0.94016
       431   0.93867
       432   0.93867
       433   0.93792
       434   0.93717
       435   0.93717
       436   0.93568
       437   0.93493
       438   0.93418
       439   0.93418
       440   0.93269
       441   0.93194
       442   0.93119
       443   0.93044
       444   0.93044
       445   0.92895
       446   0.92820
       447   0.92745
       448   0.92670
       449   0.92670
       450   0.92595
       451   0.92521
       452   0.92371
       453   0.92296
       454   0.92296
       455   0.92221
       456   0.92147
       457   0.92072
       458   0.91997
       459   0.91997
       460   0.91922
       461   0.91773
       462   0.91698
       463   0.91623
       464   0.91548
       465   0.91473
       466   0.91473
       467   0.91399
       468   0.91324
       469   0.91249
       470   0.91174
       471   0.91099
       472   0.91099
       473   0.91025
       474   0.90950
       475   0.90875
       476   0.90800
       477   0.90726
       478   0.90651
       479   0.90576
       480   0.90576
       481   0.90501
       482   0.90426
       483   0.90352
       484   0.90277
       485   0.90202
       486   0.90127
       487   0.90127
       488   0.90052
       489   0.89978
       490   0.89903
       491   0.89828
       492   0.89753
       493   0.89678
       494   0.89604
       495   0.89604
       496   0.89529
       497   0.89454
       498   0.89379
       499   0.89379
       500   0.89304
       501   0.89230
       502   0.89155
       503   0.89155
       504   0.89080
       505   0.89005
       506   0.88930
       507   0.88856
       508   0.88781
       509   0.88706
       510   0.88631
       511   0.88706
       512   0.88631
       513   0.88556
       514   0.88482
       515   0.88407
       516   0.88332
       517   0.88257
       518   0.88182
       519   0.88108
       520   0.88108
       521   0.88108
       522   0.88033
       523   0.87958
       524   0.87883
       525   0.87809
       526   0.87734
       527   0.87659
       528   0.87659
       529   0.87584
       530   0.87509
       531   0.87509
       532   0.87435
       533   0.87360
       534   0.87285
       535   0.87210
       536   0.87135
       537   0.87135
       538   0.87061
       539   0.86986
       540   0.86911
       541   0.86836
       542   0.86836
       543   0.86761
       544   0.86687
       545   0.86612
       546   0.86537
       547   0.86537
       548   0.86462
       549   0.86387
       550   0.86313
       551   0.86238
       552   0.86163
       553   0.86088
       554   0.86013
       555   0.85939
       556   0.85864
       557   0.85789
       558   0.85714
       559   0.85639
       560   0.85565
       561   0.85490
       562   0.85490
       563   0.85415
       564   0.85340
       565   0.85266
       566   0.85191
       567   0.85116
       568   0.84966
       569   0.84892
       570   0.84817
       571   0.84742
       572   0.84667
       573   0.84592
       574   0.84443
       575   0.84368
       576   0.84293
       577   0.84218
       578   0.84144
       579   0.83994
       580   0.83919
       581   0.83770
       582   0.83620
       583   0.83545
       584   0.83396
       585   0.83321
       586   0.83246
       587   0.83096
       588   0.82947
       589   0.82872
       590   0.83096
       591   0.83246
       592   0.83470
       593   0.83620
       594   0.83844
       595   0.83994
       596   0.84218
       597   0.84368
       598   0.84592
       599   0.84742
       600   0.84966
       601   0.85116
       602   0.85340
       603   0.85490
       604   0.85639
       605   0.85789
       606   0.85939
       607   0.86163
       608   0.86313
       609   0.86462
       610   0.86612
       611   0.86761
       612   0.86911
       613   0.87061
       614   0.87285
       615   0.87435
       616   0.87509
       617   0.87659
       618   0.87809
       619   0.88033
       620   0.88182
       621   0.88257
       622   0.88407
       623   0.88556
       624   0.88706
       625   0.88781
       626   0.88930
       627   0.89155
       628   0.89230
       629   0.89379
       630   0.89529
       631   0.89604
       632   0.89753
       633   0.89903
       634   0.89978
       635   0.90127
       636   0.90277
       637   0.90352
       638   0.90501
       639   0.90576
       640   0.90726
       641   0.90875
       642   0.90950
       643   0.91099
       644   0.91174
       645   0.91324
       646   0.91698
       647   0.91922
       648   0.92147
       649   0.92371
       650   0.92595
       651   0.92670
       652   0.92745
       653   0.92820
       654   0.92895
       655   0.92969
       656   0.93044
       657   0.93119
       658   0.93194
       659   0.93269
       660   0.93269
       661   0.93343
       662   0.93418
       663   0.93493
       664   0.93568
       665   0.93568
       666   0.93642
       667   0.93717
       668   0.93792
       669   0.93792
       670   0.93867
       671   0.93942
       672   0.93942
       673   0.94016
       674   0.94016
       675   0.94091
       676   0.94166
       677   0.94166
       678   0.94241
       679   0.94241
       680   0.94316
       681   0.94316
       682   0.94390
       683   0.94390
       684   0.94465
       685   0.94465
       686   0.94540
       687   0.94540
       688   0.94540
       689   0.94615
       690   0.94615
       691   0.94690
       692   0.94690
       693   0.94690
       694   0.94764
       695   0.94764
       696   0.94764
       697   0.94839
       698   0.94839
       699   0.94839
       700   0.94839
       701   0.94914
       702   0.94914
       703   0.94914
       704   0.94914
       705   0.94989
       706   0.94989
       707   0.94989
       708   0.94989
       709   0.94989
       710   0.95064
       711   0.95064
       712   0.95064
       713   0.95064
       714   0.95064
       715   0.95064
       716   0.95064
       717   0.95138
       718   0.95138
       719   0.95138
       720   0.95138
       721   0.95138
       722   0.95138
       723   0.95138
       724   0.95138
       725   0.95138
       726   0.95138
       727   0.95138
       728   0.95138
       729   0.95138
       730   0.95138
       731   0.95138
       732   0.95138
       733   0.95138
       734   0.95138
       735   0.95138
       736   0.95138
       737   0.95138
       738   0.95138
       739   0.95138
       740   0.95138
       741   0.95138
       742   0.95138
       743   0.95138
       744   0.95138
       745   0.95138
       746   0.95138
       747   0.95064
       748   0.95064
       749   0.95064
       750   0.95064
       751   0.95064
       752   0.95064
       753   0.95064
       754   0.95064
       755   0.95064
       756   0.94989
       757   0.94989
       758   0.94989
       759   0.94989
       760   0.94989
       761   0.94989
       762   0.94914
       763   0.94914
       764   0.94914
       765   0.94914
       766   0.94914
       767   0.94914
       768   0.94839
       769   0.94839
       770   0.94839
       771   0.94839
       772   0.94839
       773   0.94764
       774   0.94764
       775   0.94764
       776   0.94764
       777   0.94764
       778   0.94690
       779   0.94690
       780   0.94690
       781   0.94690
       782   0.94690
       783   0.94615
       784   0.94615
       785   0.94615
       786   0.94615
       787   0.94540
       788   0.94540
       789   0.94540
       790   0.94540
       791   0.94540
       792   0.94465
       793   0.94465
       794   0.94465
       795   0.94465
       796   0.94390
       797   0.94390
       798   0.94390
       799   0.94390
       800   0.94316
       801   0.94316
       802   0.94316
       803   0.94316
       804   0.94316
       805   0.94241
       806   0.94241
       807   0.94241
       808   0.94241
       809   0.94166
       810   0.94166
       811   0.94166
       812   0.94166
       813   0.94091
       814   0.94091
       815   0.94091
       816   0.94091
       817   0.94091
       818   0.94016
       819   0.94016
       820   0.94016
       821   0.94016
       822   0.93942
       823   0.93942
       824   0.93942
       825   0.93942
       826   0.93942
       827   0.93867
       828   0.93867
       829   0.93867
       830   0.93867
       831   0.93792
       832   0.93717
       833   0.93642
       834   0.93493
       835   0.93418
       836   0.93269
       837   0.93194
       838   0.93119
       839   0.92969
       840   0.92895
       841   0.92745
       842   0.92670
       843   0.92595
       844   0.92446
       845   0.92371
       846   0.92371
       847   0.92221
       848   0.92072
       849   0.91997
       850   0.91922
       851   0.91847
       852   0.91773
       853   0.91698
       854   0.91623
       855   0.91473
       856   0.91399
       857   0.91324
       858   0.91249
       859   0.91249
       860   0.91099
       861   0.91025
       862   0.91025
       863   0.90875
       864   0.90726
       865   0.90726
       866   0.90651
       867   0.90651
       868   0.90501
       869   0.90426
       870   0.90426
       871   0.90352
       872   0.90277
       873   0.90127
       874   0.90127
       875   0.90052
       876   0.89978
       877   0.89978
       878   0.89828
       879   0.89828
       880   0.89753
       881   0.89753
       882   0.89678
       883   0.89604
       884   0.89454
       885   0.89454
       886   0.89379
       887   0.89379
       888   0.89304
       889   0.89304
       890   0.89230
       891   0.89155
       892   0.89080
       893   0.89005
       894   0.88930
       895   0.88930
       896   0.88856
       897   0.88856
       898   0.88781
       899   0.88781
       900   0.88556
       901   0.88556
       902   0.88482
       903   0.88482
       904   0.88407
       905   0.88407
       906   0.88257
       907   0.88182
       908   0.88182
       909   0.88108
       910   0.88108
       911   0.87958
       912   0.87883
       913   0.87809
       914   0.87734
       915   0.87659
       916   0.87584
       917   0.87584
       918   0.87435
       919   0.87435
       920   0.87285
       921   0.87210
       922   0.87210
       923   0.87061
       924   0.86911
       925   0.86761
       926   0.86761
       927   0.86612
       928   0.86537
       929   0.86387
       930   0.86238
       931   0.86163
       932   0.86013
       933   0.85864
       934   0.85714
       935   0.85490
       936   0.85266
       937   0.85116
       938   0.84892
       939   0.84667
       940   0.84293
       941   0.84069
       942   0.83844
       943   0.83545
       944   0.83246
       945   0.82797
       946   0.82423
       947   0.81900
       948   0.81451
       949   0.80853
       950   0.80030
       951   0.78758
       952   0.78609
       953   0.78534
       954   0.78459
       955   0.78384
       956   0.78310
       957   0.78235
       958   0.78085
       959   0.78010
       960   0.77936
       961   0.77861
       962   0.77786
       963   0.77711
       964   0.77562
       965   0.77487
       966   0.77412
       967   0.77337
       968   0.77263
       969   0.77113
       970   0.77038
       971   0.76963
       972   0.76889
       973   0.76739
       974   0.76664
       975   0.76589
       976   0.76440
       977   0.76290
       978   0.76215
       979   0.76141
       980   0.76066
       981   0.75916
       982   0.75841
       983   0.75692
       984   0.75542
       985   0.75467
       986   0.75393
       987   0.75243
       988   0.75093
       989   0.75019
       990   0.74869
       991   0.74720
       992   0.74645
       993   0.74495
       994   0.74420
       995   0.74196
       996   0.74121
       997   0.74046
       998   0.73822
       999   0.73747
      1000   0.73598
      1001   0.73448
      1002   0.73298
      1003   0.73149
      1004   0.73074
      1005   0.72850
      1006   0.72775
      1007   0.72775
      1008   0.72850
      1009   0.72850
      1010   0.72850
      1011   0.72924
      1012   0.72924
      1013   0.72924
      1014   0.72924
      1015   0.72999
      1016   0.72999
      1017   0.72999
      1018   0.73074
      1019   0.73074
      1020   0.73074
      1021   0.73074
      1022   0.73074
      1023   0.73149
      1024   0.73149
      1025   0.73149
      1026   0.73149
      1027   0.73224
      1028   0.73224
      1029   0.73224
      1030   0.73149
      1031   0.73149
      1032   0.73224
      1033   0.73224
      1034   0.73224
      1035   0.73224
      1036   0.73224
      1037   0.73224
      1038   0.73298
      1039   0.73298
      1040   0.73298
      1041   0.73298
      1042   0.73298
      1043   0.73298
      1044   0.73224
      1045   0.73224
      1046   0.73298
      1047   0.73298
      1048   0.73298
      1049   0.73298
      1050   0.73298
      1051   0.73298
      1052   0.73224
      1053   0.73224
      1054   0.73224
      1055   0.73224
      1056   0.73224
      1057   0.73224
      1058   0.73224
      1059   0.73224
      1060   0.73224
      1061   0.73224
      1062   0.73224
      1063   0.73224
      1064   0.73224
      1065   0.73149
      1066   0.73149
      1067   0.73149
      1068   0.73149
      1069   0.73149
      1070   0.73224
      1071   0.73373
      1072   0.73448
      1073   0.73598
      1074   0.73747
      1075   0.75841
      1076   0.77337
      1077   0.78384
      1078   0.79207
      1079   0.80030
      1080   0.80703
      1081   0.81376
      1082   0.81975
      1083   0.82498
      1084   0.83171
      1085   0.83695
      1086   0.84144
      1087   0.84667
      1088   0.85041
      1089   0.85565
      1090   0.86088
      1091   0.86387
      1092   0.86911
      1093   0.87285
      1094   0.87659
      1095   0.88033
      1096   0.88482
      1097   0.88856
      1098   0.89230
      1099   0.89529
      1100   0.89978
      1101   0.90277
      1102   0.90651
      1103   0.90950
      1104   0.91324
      1105   0.91698
      1106   0.91922
      1107   0.92296
      1108   0.92521
      1109   0.92820
      1110   0.92969
      1111   0.93269
      1112   0.93568
      1113   0.93717
      1114   0.94016
      1115   0.94241
      1116   0.94465
      1117   0.94690
      1118   0.94914
      1119   0.95138
      1120   0.95363
      1121   0.95662
      1122   0.95812
      1123   0.96111
      1124   0.96260
      1125   0.96559
      1126   0.96709
      1127   0.96933
      1128   0.97158
      1129   0.97382
      1130   0.97532
      1131   0.97831
      1132   0.97981
      1133   0.98205
      1134   0.98504
      1135   0.98654
      1136   0.98878
      1137   0.99028
      1138   0.99252
      1139   0.99327
      1140   0.99476
      1141   0.99551
      1142   0.99776
      1143   0.99850
      1144   0.99925
      1145   0.99925
      1146   0.99925
      1147   0.99925
      1148   0.99925
      1149   0.99925
      1150   0.99925
      1151   0.99925
      1152   0.99925
      1153   0.99925
      1154   0.99925
      1155   0.99925
      1156   0.99925
      1157   0.99925
      1158   0.99925
      1159   0.99925
      1160   0.99925
      1161   0.99925
      1162   0.99925
      1163   0.99925
      1164   0.99925
      1165   0.99925
      1166   0.99925
      1167   0.99925
      1168   0.99925
      1169   0.99925
      1170   0.99925
      1171   0.99925
      1172   0.99925
      1173   0.99925
      1174   0.99925
      1175   0.99925
      1176   0.99925
      1177   0.99925
      1178   0.99925
      1179   0.99925
      1180   0.99925
      1181   0.99925
      1182   0.99925
      1183   0.99925
      1184   0.99925
      1185   0.99925
      1186   0.99925
      1187   0.99925
      1188   0.99925
      1189   0.99925
      1190   0.99925
      1191   0.99925
      1192   0.99925
      1193   0.99925
      1194   0.99925
      1195   0.99925
      1196   0.99925
      1197   0.99925
      1198   0.99925
      1199   0.99925
      1200   0.99925
      1201   0.99925
      1202   0.99925
      1203   0.99925
      1204   0.99925
      1205   0.99925
      1206   0.99925
      1207   0.99925
      1208   0.99925
      1209   0.99925
      1210   0.99925
      1211   0.99925
      1212   0.99925
      1213   0.99925
      1214   0.99925
      1215   0.99925
      1216   0.99925
      1217   0.99925
      1218   0.99925
      1219   0.99925
      1220   0.99925
      1221   0.99925
      1222   0.99925
      1223   0.99925
      1224   0.99925
      1225   0.99925
      1226   0.99925
      1227   0.99925
      1228   0.99925
      1229   0.99925
      1230   0.99925
      1231   0.99925
      1232   0.99925
      1233   0.99925
      1234   0.99925
      1235   0.99925
      1236   0.99925
      1237   0.99925
      1238   0.99925
      1239   0.99925
      1240   0.99925
      1241   0.99925
      1242   0.99925
      1243   0.99925
      1244   0.99925
      1245   0.99925
      1246   0.99925
      1247   0.99925
      1248   0.99925
      1249   0.99925
      1250   0.99925
      1251   0.99925
      1252   0.99925
      1253   0.99925
      1254   0.99925
      1255   0.99925
      1256   0.99925
      1257   0.99925
      1258   0.99925
      1259   0.99925
      1260   0.99776
      1261   0.99476
      1262   0.99177
      1263   0.98878
      1264   0.98429
      1265   0.98130
      1266   0.97681
      1267   0.97158
      1268   0.96559
      1269   0.95512
      1270   0.94615
      1271   0.94465
      1272   0.94390
      1273   0.94241
      1274   0.94091
      1275   0.93942
      1276   0.93867
      1277   0.93717
      1278   0.93568
      1279   0.93418
      1280   0.93269
      1281   0.93194
      1282   0.93044
      1283   0.92745
      1284   0.92446
      1285   0.89230
      1286   0.87285
      1287   0.85565
      1288   0.83844
      1289   0.82049
      1290   0.79506
      1291   0.79132
      1292   0.78534
      1293   0.78085
      1294   0.77562
      1295   0.77113
      1296   0.76664
      1297   0.76066
      1298   0.75692
      1299   0.75243
      1300   0.74869
      1301   0.74420
      1302   0.74046
      1303   0.73523
      1304   0.73074
      1305   0.72700
      1306   0.72251
      1307   0.71803
      1308   0.71354
      1309   0.70980
      1310   0.70606
      1311   0.70082
      1312   0.69708
      1313   0.69334
      1314   0.68886
      1315   0.68512
      1316   0.67988
      1317   0.67614
      1318   0.67240
      1319   0.66791
      1320   0.66343
      1321   0.65969
      1322   0.65520
      1323   0.65071
      1324   0.64547
      1325   0.64174
      1326   0.63725
      1327   0.63276
      1328   0.63052
      1329   0.62752
      1330   0.62378
      1331   0.62004
      1332   0.61631
      1333   0.61331
      1334   0.60957
      1335   0.60658
      1336   0.60209
      1337   0.59910
