         1   0.88197
         2   0.89071
         3   0.89617
         4   0.90383
         5   0.91148
         6   0.92022
         7   0.92896
         8   0.93880
         9   0.95082
        10   0.96503
        11   0.99891
        12   0.99891
        13   0.99891
        14   0.99891
        15   0.99891
        16   0.99891
        17   0.99891
        18   0.99891
        19   0.99891
        20   0.99891
        21   0.99891
        22   0.99891
        23   0.99891
        24   0.99891
        25   0.99891
        26   0.99891
        27   0.99891
        28   0.99891
        29   0.99891
        30   0.99891
        31   0.99891
        32   0.99891
        33   0.99891
        34   0.99891
        35   0.99891
        36   0.99891
        37   0.99891
        38   0.99891
        39   0.99891
        40   0.99891
        41   0.99891
        42   0.99891
        43   0.99891
        44   0.99891
        45   0.99891
        46   0.99891
        47   0.99891
        48   0.99891
        49   0.99891
        50   0.99891
        51   0.99891
        52   0.99891
        53   0.99891
        54   0.99891
        55   0.99891
        56   0.99891
        57   0.99891
        58   0.99891
        59   0.99891
        60   0.99891
        61   0.99891
        62   0.99891
        63   0.99891
        64   0.99891
        65   0.99891
        66   0.99891
        67   0.99891
        68   0.99891
        69   0.99891
        70   0.99891
        71   0.99891
        72   0.99891
        73   0.99891
        74   0.99891
        75   0.99891
        76   0.99891
        77   0.99891
        78   0.99891
        79   0.99891
        80   0.99891
        81   0.99891
        82   0.99891
        83   0.99891
        84   0.99891
        85   0.99891
        86   0.99891
        87   0.99891
        88   0.99891
        89   0.99891
        90   0.99891
        91   0.99891
        92   0.99891
        93   0.99891
        94   0.99891
        95   0.99891
        96   0.99891
        97   0.99891
        98   0.99891
        99   0.99891
       100   0.99891
       101   0.99891
       102   0.99891
       103   0.99891
       104   0.99891
       105   0.99891
       106   0.99891
       107   0.99891
       108   0.99891
       109   0.99891
       110   0.99891
       111   0.99891
       112   0.99891
       113   0.99891
       114   0.99891
       115   0.99891
       116   0.99891
       117   0.99891
       118   0.99891
       119   0.99891
       120   0.99891
       121   0.99891
       122   0.99891
       123   0.99891
       124   0.99891
       125   0.99891
       126   0.99891
       127   0.99891
       128   0.99891
       129   0.99891
       130   0.99891
       131   0.99891
       132   0.99891
       133   0.99891
       134   0.99891
       135   0.99891
       136   0.99891
       137   0.99891
       138   0.99891
       139   0.99891
       140   0.99891
       141   0.99891
       142   0.99891
       143   0.99891
       144   0.99891
       145   0.99891
       146   0.99891
       147   0.99891
       148   0.99891
       149   0.99891
       150   0.99891
       151   0.99891
       152   0.99891
       153   0.99891
       154   0.99891
       155   0.99891
       156   0.99891
       157   0.99891
       158   0.99891
       159   0.99891
       160   0.99891
       161   0.99891
       162   0.99891
       163   0.99891
       164   0.99891
       165   0.99891
       166   0.99891
       167   0.99891
       168   0.99891
       169   0.97814
       170   0.96284
       171   0.95191
       172   0.94317
       173   0.93661
       174   0.92896
       175   0.92350
       176   0.91694
       177   0.91038
       178   0.90601
       179   0.90055
       180   0.89508
       181   0.89071
       182   0.88634
       183   0.88197
       184   0.87760
       185   0.87322
       186   0.86885
       187   0.86557
       188   0.86120
       189   0.85683
       190   0.85246
       191   0.84918
       192   0.84481
       193   0.84044
       194   0.83825
       195   0.83388
       196   0.82951
       197   0.82404
       198   0.81749
       199   0.81202
       200   0.80437
       201   0.79781
       202   0.80219
       203   0.80546
       204   0.80984
       205   0.81311
       206   0.81639
       207   0.81967
       208   0.82295
       209   0.82732
       210   0.82951
       211   0.83388
       212   0.83716
       213   0.84044
       214   0.84372
       215   0.84918
       216   0.85137
       217   0.85574
       218   0.86011
       219   0.86230
       220   0.86667
       221   0.86885
       222   0.87213
       223   0.87650
       224   0.87869
       225   0.88197
       226   0.88634
       227   0.88962
       228   0.89290
       229   0.89617
       230   0.90055
       231   0.90383
       232   0.90820
       233   0.91257
       234   0.91694
       235   0.92240
       236   0.92678
       237   0.93224
       238   0.93661
       239   0.94317
       240   0.94973
       241   0.95738
       242   0.96612
       243   0.98033
       244   0.99891
       245   0.99891
       246   0.99891
       247   0.99891
       248   0.99891
       249   0.99891
       250   0.99891
       251   0.99891
       252   0.99891
       253   0.99891
       254   0.99891
       255   0.99891
       256   0.99891
       257   0.99891
       258   0.99891
       259   0.99891
       260   0.99891
       261   0.99891
       262   0.99891
       263   0.99891
       264   0.99891
       265   0.99891
       266   0.99891
       267   0.99891
       268   0.99891
       269   0.99891
       270   0.99891
       271   0.99891
       272   0.99891
       273   0.99891
       274   0.99891
       275   0.99891
       276   0.99891
       277   0.99891
       278   0.99891
       279   0.99891
       280   0.99891
       281   0.99891
       282   0.99891
       283   0.99891
       284   0.99891
       285   0.99891
       286   0.99891
       287   0.99891
       288   0.99891
       289   0.99891
       290   0.99891
       291   0.99891
       292   0.99891
       293   0.99891
       294   0.99891
       295   0.99891
       296   0.99891
       297   0.99891
       298   0.99891
       299   0.99891
       300   0.99891
       301   0.99891
       302   0.99891
       303   0.99891
       304   0.99891
       305   0.99891
       306   0.99891
       307   0.99891
       308   0.99891
       309   0.99891
       310   0.99891
       311   0.99891
       312   0.99891
       313   0.99891
       314   0.99891
       315   0.99891
       316   0.99891
       317   0.99891
       318   0.99891
       319   0.99891
       320   0.99891
       321   0.99891
       322   0.99891
       323   0.99891
       324   0.99891
       325   0.99891
       326   0.99891
       327   0.99891
       328   0.99891
       329   0.99891
       330   0.99563
       331   0.99344
       332   0.99016
       333   0.98798
       334   0.98470
       335   0.98251
       336   0.98033
       337   0.97705
       338   0.97377
       339   0.97158
       340   0.96831
       341   0.96503
       342   0.96175
       343   0.95956
       344   0.95628
       345   0.95301
       346   0.94973
       347   0.94645
       348   0.94208
       349   0.93770
       350   0.93443
       351   0.93115
       352   0.92678
       353   0.92350
       354   0.91913
       355   0.91366
       356   0.91694
       357   0.91803
       358   0.91913
       359   0.92022
       360   0.92131
       361   0.92240
       362   0.92350
       363   0.92459
       364   0.92568
       365   0.92678
       366   0.92678
       367   0.92787
       368   0.92896
       369   0.92896
       370   0.93005
       371   0.93005
       372   0.93115
       373   0.93115
       374   0.93224
       375   0.93224
       376   0.93333
       377   0.93224
       378   0.93224
       379   0.93333
       380   0.93333
       381   0.93333
       382   0.93333
       383   0.93443
       384   0.93333
       385   0.93333
       386   0.93333
       387   0.93333
       388   0.93333
       389   0.93333
       390   0.93333
       391   0.93224
       392   0.93224
       393   0.93224
       394   0.93552
       395   0.93880
       396   0.94317
       397   0.94645
       398   0.95082
       399   0.95301
       400   0.95628
       401   0.95847
       402   0.96284
       403   0.96503
       404   0.96721
       405   0.97158
       406   0.97377
       407   0.97596
       408   0.97814
       409   0.98033
       410   0.98361
       411   0.98579
       412   0.98798
       413   0.99016
       414   0.99235
       415   0.99344
       416   0.99672
       417   0.99891
       418   0.99891
       419   0.99891
       420   0.99891
       421   0.99891
       422   0.99891
       423   0.99891
       424   0.99891
       425   0.99891
       426   0.99891
       427   0.99891
       428   0.99891
       429   0.99891
       430   0.99891
       431   0.99891
       432   0.99891
       433   0.99891
       434   0.99891
       435   0.99891
       436   0.99891
       437   0.99891
       438   0.99891
       439   0.99891
       440   0.99891
       441   0.99891
       442   0.99891
       443   0.99891
       444   0.99891
       445   0.99891
       446   0.99891
       447   0.99891
       448   0.99891
       449   0.99891
       450   0.99891
       451   0.99891
       452   0.99891
       453   0.99891
       454   0.99891
       455   0.99891
       456   0.99891
       457   0.99891
       458   0.99781
       459   0.99781
       460   0.99563
       461   0.99454
       462   0.99344
       463   0.99126
       464   0.99016
       465   0.98907
       466   0.98689
       467   0.98579
       468   0.98361
       469   0.98361
       470   0.98142
       471   0.97923
       472   0.97923
       473   0.97705
       474   0.97596
       475   0.97486
       476   0.97268
       477   0.97158
       478   0.97049
       479   0.96940
       480   0.96721
       481   0.96721
       482   0.96503
       483   0.96393
       484   0.96284
       485   0.96066
       486   0.96066
       487   0.95847
       488   0.95738
       489   0.95628
       490   0.95519
       491   0.95410
       492   0.95301
       493   0.95082
       494   0.95082
       495   0.94863
       496   0.94863
       497   0.94754
       498   0.94645
       499   0.94536
       500   0.94317
       501   0.94317
       502   0.94098
       503   0.94098
       504   0.93989
       505   0.93880
       506   0.93770
       507   0.93770
       508   0.93552
       509   0.93552
       510   0.93333
       511   0.93333
       512   0.93224
       513   0.93224
       514   0.93115
       515   0.93005
       516   0.92896
       517   0.92678
       518   0.92678
       519   0.92568
       520   0.92459
       521   0.92240
       522   0.92131
       523   0.92131
       524   0.92022
       525   0.91913
       526   0.91803
       527   0.91694
       528   0.91585
       529   0.91585
       530   0.91585
       531   0.91475
       532   0.91366
       533   0.91257
       534   0.91257
       535   0.91148
       536   0.91038
       537   0.91038
       538   0.91038
       539   0.90929
       540   0.90929
       541   0.90929
       542   0.90929
       543   0.90820
       544   0.90710
       545   0.90710
       546   0.90710
       547   0.90710
       548   0.90710
       549   0.90710
       550   0.90601
       551   0.90601
       552   0.90710
       553   0.90710
       554   0.90710
       555   0.90710
       556   0.90710
       557   0.90710
       558   0.90710
       559   0.90820
       560   0.90929
       561   0.90929
       562   0.90929
       563   0.90929
       564   0.91038
       565   0.91038
       566   0.91148
       567   0.91148
       568   0.91257
       569   0.91257
       570   0.91366
       571   0.91475
       572   0.91475
       573   0.91585
       574   0.91694
       575   0.91694
       576   0.91803
       577   0.91913
       578   0.91913
       579   0.92022
       580   0.92131
       581   0.92350
       582   0.92350
       583   0.92568
       584   0.92568
       585   0.92787
       586   0.92787
       587   0.92896
       588   0.93115
       589   0.93224
       590   0.93333
       591   0.93443
       592   0.93552
       593   0.93661
       594   0.93989
       595   0.93989
       596   0.94208
       597   0.94317
       598   0.94426
       599   0.94645
       600   0.94863
       601   0.94863
       602   0.95082
       603   0.95301
       604   0.95519
       605   0.95519
       606   0.95738
       607   0.95956
       608   0.96175
       609   0.96175
       610   0.96393
       611   0.96612
       612   0.96831
       613   0.96940
       614   0.97158
       615   0.97268
       616   0.97486
       617   0.97705
       618   0.97923
       619   0.98142
       620   0.98251
       621   0.98470
       622   0.98689
       623   0.98907
       624   0.99126
       625   0.99235
       626   0.99454
       627   0.99563
       628   0.99781
       629   0.99781
       630   0.99891
       631   0.99891
       632   0.99891
       633   0.99891
       634   0.99891
       635   0.99891
       636   0.99891
       637   0.99891
       638   0.99891
       639   0.99891
       640   0.99891
       641   0.99891
       642   0.99891
       643   0.99891
       644   0.99891
       645   0.99891
       646   0.99891
       647   0.99891
       648   0.99891
       649   0.99891
       650   0.99891
       651   0.99891
       652   0.99891
       653   0.99891
       654   0.99891
       655   0.99891
       656   0.99891
       657   0.99891
       658   0.99891
       659   0.99891
       660   0.99891
       661   0.99891
       662   0.99891
       663   0.99891
       664   0.99891
       665   0.99891
       666   0.99891
       667   0.99891
       668   0.99891
       669   0.99891
       670   0.99891
       671   0.99891
       672   0.99891
       673   0.99891
       674   0.99891
       675   0.99891
       676   0.99891
       677   0.99891
       678   0.99891
       679   0.99891
       680   0.99891
       681   0.99891
       682   0.99891
       683   0.99891
       684   0.99891
       685   0.99891
       686   0.99891
       687   0.99891
       688   0.99891
       689   0.99891
       690   0.99891
       691   0.99891
       692   0.99891
       693   0.99891
       694   0.99891
       695   0.99891
       696   0.99891
       697   0.99891
       698   0.99891
       699   0.99891
       700   0.99891
       701   0.99891
       702   0.99891
       703   0.99891
       704   0.99891
       705   0.99891
       706   0.99891
       707   0.99891
       708   0.99891
       709   0.99891
       710   0.99891
       711   0.99891
       712   0.99891
       713   0.99891
       714   0.99891
       715   0.99891
       716   0.99891
       717   0.99891
       718   0.99891
       719   0.99891
       720   0.99891
       721   0.99891
       722   0.99891
       723   0.99891
       724   0.99891
       725   0.99891
       726   0.99891
       727   0.99891
       728   0.99891
       729   0.99891
       730   0.99891
       731   0.99891
       732   0.99891
       733   0.99891
       734   0.99891
       735   0.99891
       736   0.99891
       737   0.99891
       738   0.99891
       739   0.99891
       740   0.99891
       741   0.99891
       742   0.99891
       743   0.99891
       744   0.99891
       745   0.99891
       746   0.99891
       747   0.99891
       748   0.99891
       749   0.99891
       750   0.99891
       751   0.99891
       752   0.99891
       753   0.99891
       754   0.99891
       755   0.99891
       756   0.99891
       757   0.99891
       758   0.99891
       759   0.99891
       760   0.99891
       761   0.99891
       762   0.99891
       763   0.99891
       764   0.99891
       765   0.99891
       766   0.99891
       767   0.99891
       768   0.99563
       769   0.99126
       770   0.98579
       771   0.97705
       772   0.95301
       773   0.95082
       774   0.94973
       775   0.94754
       776   0.94536
       777   0.94317
       778   0.94098
       779   0.93989
       780   0.93880
       781   0.93661
       782   0.93443
       783   0.93333
       784   0.93115
       785   0.92896
       786   0.92678
       787   0.92459
       788   0.92240
       789   0.92131
       790   0.91913
       791   0.91694
       792   0.91475
       793   0.91148
       794   0.90929
       795   0.90710
       796   0.90601
       797   0.90383
       798   0.90273
       799   0.90492
       800   0.90820
       801   0.91038
       802   0.91148
       803   0.91366
       804   0.91585
       805   0.91694
       806   0.91913
       807   0.92022
       808   0.92240
       809   0.92459
       810   0.92459
       811   0.92678
       812   0.92787
       813   0.93005
       814   0.93115
       815   0.93224
       816   0.93443
       817   0.93443
       818   0.93661
       819   0.93770
       820   0.93880
       821   0.94098
       822   0.94098
       823   0.94317
       824   0.94317
       825   0.94536
       826   0.94536
       827   0.94754
       828   0.94754
       829   0.95519
       830   0.96066
       831   0.96612
       832   0.96940
       833   0.97158
       834   0.97486
       835   0.97705
       836   0.98033
       837   0.98142
       838   0.98470
       839   0.98579
       840   0.98689
       841   0.98907
       842   0.99016
       843   0.99235
       844   0.99344
       845   0.99454
       846   0.99672
       847   0.99781
       848   0.99781
       849   0.99891
       850   0.99891
       851   0.99891
       852   0.99891
       853   0.99891
       854   0.99891
       855   0.99891
       856   0.99891
       857   0.99891
       858   0.99891
       859   0.99891
       860   0.99891
       861   0.99891
       862   0.99891
       863   0.99891
       864   0.99891
       865   0.99891
       866   0.99891
       867   0.99891
       868   0.99891
       869   0.99891
       870   0.99891
       871   0.99891
       872   0.99891
       873   0.99891
       874   0.99891
       875   0.99891
       876   0.99891
       877   0.99891
       878   0.99891
       879   0.99891
       880   0.99891
       881   0.99891
       882   0.99891
       883   0.99891
       884   0.99891
       885   0.99891
       886   0.99891
       887   0.99891
       888   0.99891
       889   0.99891
       890   0.99891
       891   0.99891
       892   0.99891
       893   0.99891
       894   0.99891
       895   0.99891
       896   0.99891
       897   0.99891
       898   0.99891
       899   0.99891
       900   0.99891
       901   0.99891
       902   0.99891
       903   0.99891
       904   0.99672
       905   0.99563
       906   0.99344
       907   0.99126
       908   0.99016
       909   0.98798
       910   0.98579
       911   0.98361
       912   0.98142
       913   0.98033
       914   0.97705
       915   0.97596
