						     1hhoa     1hhob     2dhba     2dhbb      1mbd      1eco      2lh7      4vhb      1dlw      1dly      1idr
     1hhoa		         0    2.8675   0.34185   4.84346   2.24872     6.159   6.84025   115.871   15.2937   12.1987   90.8942
     1hhob		   3.06871  0.146593   2.74467   2.34852    1.1235   9.30987   3.38369   108.932   18.4914   15.3891    85.063
     2dhba		  0.791646   3.08377  0.105671   5.02767   1.81178   6.59635   6.75125   114.835    15.723   12.2794   90.3572
     2dhbb		   4.79636   1.64915   4.50683   0.53168    2.9289   11.2721   1.84365   105.615   21.2087   17.7453   81.9811
      1mbd		   2.22696   1.11593   1.92815    2.8539         0   8.72497   4.68379   111.043   17.8499   14.1621   86.9265
      1eco		   6.05757   9.03268   6.20682   11.5918   8.73224         0   13.3711   129.064   8.15918   5.87599   103.613
      2lh7		   6.68682   3.63917   6.25614   1.86123   4.34776   12.8982   0.23931   101.486   23.1209   19.6772   78.1553
      4vhb		   115.359   109.164   115.001   105.467   111.283   129.559   101.534   0.34215   149.608    143.15   12.7506
      1dlw		   15.6574   18.9285   15.5279   20.8377   17.4756   8.64095   23.1646   149.799   0.34427   2.98252   121.112
      1dly		   11.9523   16.0295    12.323    17.881   14.6137   5.82537   19.7326   142.723   2.59001         0   114.806
      1idr		   91.0508   84.8351   90.2348   81.4227   86.8532   103.182   78.3204   12.3596   120.673   114.434  0.676174
