						     1hhoa     1hhob     2dhba     2dhbb      1mbd      1eco      2lh7      4vhb      1dlw      1dly      1idr
     1hhoa		 0.0717103   3.17422  0.349255   4.93344   1.99936   5.98432   6.73981   116.067   14.7863   11.8794   90.6347
     1hhob		   3.11953 0.0966918   2.89671   1.67605   1.02763    9.2034   3.57311   109.487    18.955   15.5893   84.9717
     2dhba		  0.402911     2.774  0.115141   4.51039   1.77721   6.40419   6.37344   115.246   15.7735   12.5344   90.2289
     2dhbb		    4.6263   1.65893   4.77195  0.308067   2.53177   11.2494   1.67227   105.738   20.7138   17.5605   81.9657
      1mbd		   2.24853   1.09789   1.79501   2.87588  0.156838   8.23782   4.26758   111.378   17.5093   14.4251   86.4935
      1eco		   5.78715    9.4433   6.57616   11.2205    8.4051 0.0586423   13.5769   129.801   8.74433   5.57049   102.971
      2lh7		   6.47916   3.43682   6.39251    1.6774   4.48016   13.3084 0.0780351   102.149   23.2312   19.9457    78.675
      4vhb		   115.791   109.374   115.256   105.694   111.392    129.66   102.187 0.0293584   149.895   143.201   12.7658
      1dlw		   15.2541   18.7801   15.9157   21.0601   17.5643   8.65083   23.0419   149.962 0.0684783   2.82193   120.839
      1dly		   12.0741    15.712   12.5525   17.5545   14.3866   5.69981   19.6979   143.106   2.90748  0.102673   114.635
      1idr		   90.5652   84.9885    90.244   81.6698   86.7847    102.77   78.4149   12.6392    120.69   114.757  0.063273
