1 0.0107068 0.0101293
2 0.0208129 0.0199211
3 0.0312718 0.0297348
4 0.0424669 0.0406005
5 0.0545684 0.0527781
6 0.0681138 0.0664037
7 0.0850557 0.0839214
8 0.105489 0.104183
9 0.128845 0.130657
10 0.162267 0.16418
11 0.201405 0.198061
12 0.245 0.236716
13 0.300871 0.274746
14 0.35785 0.316477
15 0.418256 0.35498
16 0.473756 0.395275
17 0.528575 0.43407
18 0.580641 0.467708
19 0.628342 0.499221
20 0.67619 0.534295
21 0.7215 0.568607
22 0.763986 0.598668
23 0.801021 0.625022
24 0.842904 0.647318
25 0.882012 0.666575
26 0.916958 0.684192
27 0.944268 0.699961
28 0.960794 0.714694
29 0.970876 0.72708
30 0.979719 0.73975
31 0.985998 0.751961
32 0.989806 0.762758
33 0.993411 0.771685
34 0.996253 0.780506
35 0.998834 0.789413
36 1 0.800375
37 1 0.811174
38 1 0.822918
39 1 0.833975
40 1 0.845599
