1 0.012081 0.0112029
2 0.0233606 0.021674
3 0.034433 0.0324528
4 0.0453985 0.0432127
5 0.0570318 0.054323
6 0.0685503 0.0652593
7 0.0803853 0.0764954
8 0.0919085 0.0900692
9 0.10615 0.111692
10 0.125838 0.139292
11 0.151475 0.171818
12 0.183842 0.212929
13 0.216173 0.255657
14 0.250578 0.299691
15 0.289138 0.340595
16 0.322051 0.381612
17 0.351923 0.424028
18 0.376679 0.466063
19 0.399973 0.502357
20 0.420633 0.529645
21 0.445098 0.552454
22 0.477743 0.577514
23 0.506083 0.605359
24 0.528175 0.632721
25 0.548551 0.663658
26 0.569222 0.691871
27 0.588549 0.717338
28 0.610231 0.739961
29 0.629291 0.761604
30 0.648837 0.780346
31 0.664731 0.795834
32 0.682353 0.814094
33 0.699225 0.829322
34 0.713176 0.844638
35 0.725739 0.857663
36 0.737446 0.86929
37 0.748273 0.881199
38 0.757601 0.899421
39 0.765589 0.920845
40 0.773059 0.936055
41 0.780398 0.946869
42 0.787526 0.954884
43 0.794971 0.96219
44 0.801846 0.969214
45 0.808878 0.976412
46 0.816093 0.982344
47 0.823193 0.986586
48 0.830276 0.990294
49 0.83686 0.993354
50 0.84302 0.995317
51 0.849278 0.99656
52 0.855798 0.997637
53 0.862504 0.998476
54 0.869161 0.999119
55 0.875825 0.999599
56 0.882475 0.999885
57 0.88888 0.999994
58 0.895187 1
59 0.901572 1
