1 0.00548907 0.00616979
2 0.0105014 0.0122558
3 0.0156599 0.0190718
4 0.0212753 0.0273137
5 0.0293253 0.0380895
6 0.0405076 0.0514922
7 0.0542949 0.0654755
8 0.0706549 0.0803376
9 0.0901062 0.101823
10 0.114276 0.130027
11 0.143747 0.16045
12 0.175482 0.194205
13 0.212298 0.234944
14 0.25351 0.281043
15 0.299367 0.326737
16 0.343794 0.373952
17 0.388256 0.419313
18 0.433516 0.465583
19 0.479226 0.516882
20 0.522242 0.568329
21 0.565092 0.618468
22 0.607396 0.671945
23 0.652597 0.722558
24 0.693076 0.770315
25 0.731503 0.81128
26 0.766718 0.849316
27 0.79337 0.884585
28 0.817895 0.916194
29 0.840863 0.94234
30 0.863072 0.960456
31 0.885176 0.974266
32 0.904926 0.984171
33 0.920774 0.990282
34 0.93365 0.994127
35 0.945061 0.996752
36 0.955622 0.998479
37 0.965316 0.999519
38 0.972413 0.999886
39 0.978325 0.999984
40 0.98291 1
41 0.986504 1
42 0.989571 1
