1 0.00925416 0.0165011
2 0.0182675 0.0317714
3 0.0280216 0.0471731
4 0.0400306 0.0631373
5 0.0563718 0.0795252
6 0.0751617 0.0952411
7 0.0981145 0.110796
8 0.129821 0.12733
9 0.17003 0.147812
10 0.217151 0.177217
11 0.267518 0.208652
12 0.318272 0.261066
13 0.373368 0.309748
14 0.43106 0.348864
15 0.493444 0.384438
16 0.556492 0.417622
17 0.613235 0.449025
18 0.664126 0.47832
19 0.712848 0.506983
20 0.76029 0.535511
21 0.799243 0.561629
22 0.836204 0.587257
23 0.867554 0.611731
24 0.895733 0.637071
25 0.920335 0.662118
26 0.940439 0.68595
27 0.957474 0.709861
28 0.972419 0.731362
29 0.98422 0.751216
30 0.991221 0.771439
31 0.995768 0.790961
32 0.998123 0.808557
33 0.999314 0.825902
34 0.999849 0.842575
35 1 0.859401
36 1 0.880774
