1 0.00485253 0.00535522
2 0.00928514 0.0102344
3 0.0142082 0.0152445
4 0.0196335 0.0210922
5 0.026374 0.0286423
6 0.0348616 0.0362006
7 0.0442247 0.0450194
8 0.0570018 0.0562703
9 0.0742311 0.0705984
10 0.094262 0.087911
11 0.119893 0.107012
12 0.148225 0.129388
13 0.178385 0.152869
14 0.208447 0.178586
15 0.23954 0.202853
16 0.27365 0.227187
17 0.306823 0.254032
18 0.341188 0.282501
19 0.376659 0.313608
20 0.411531 0.341379
21 0.444997 0.369637
22 0.476889 0.400369
23 0.509039 0.431364
24 0.540064 0.46457
25 0.572098 0.498133
26 0.605588 0.53188
27 0.638994 0.564093
28 0.671079 0.597187
29 0.701157 0.630989
30 0.729997 0.660943
31 0.755225 0.689421
32 0.77951 0.717189
33 0.80216 0.74176
34 0.823396 0.762939
35 0.844562 0.780867
36 0.866071 0.797076
37 0.885395 0.813733
38 0.903268 0.828672
39 0.919472 0.84266
40 0.932793 0.85675
41 0.944442 0.869578
42 0.95388 0.88235
43 0.961632 0.895083
44 0.96885 0.906684
45 0.975976 0.917848
46 0.982948 0.92769
47 0.98884 0.936226
48 0.993535 0.943397
49 0.996561 0.949827
50 0.998446 0.956458
51 0.999445 0.963525
52 0.999963 0.970624
53 0.999999 0.976245
54 1 0.981996
55 1 0.986793
56 1 0.99055
57 1 0.993336
58 1 0.996081
