1 0.00469699 0.00487645
2 0.00927741 0.00953017
3 0.0141588 0.0146153
4 0.0198885 0.0208045
5 0.0267603 0.0276347
6 0.0353796 0.0357744
7 0.0446765 0.0456244
8 0.0576317 0.0587818
9 0.07474 0.076155
10 0.0951522 0.0973653
11 0.120608 0.123383
12 0.149416 0.152378
13 0.179602 0.183746
14 0.209805 0.220389
15 0.242184 0.259877
16 0.276555 0.301005
17 0.31063 0.343027
18 0.345899 0.383513
19 0.380191 0.424294
20 0.414075 0.464412
21 0.447755 0.504533
22 0.479752 0.544563
23 0.510499 0.584887
24 0.541495 0.623808
25 0.572893 0.661402
26 0.606078 0.6962
27 0.63957 0.729971
28 0.67139 0.763579
29 0.701167 0.795142
30 0.729667 0.823005
31 0.755664 0.848087
32 0.780002 0.872086
33 0.802491 0.893688
34 0.823602 0.912776
35 0.845445 0.929831
36 0.868223 0.945411
37 0.888377 0.958604
38 0.90649 0.969131
39 0.922079 0.977833
40 0.93455 0.983213
41 0.9455 0.987571
42 0.954525 0.991513
43 0.962817 0.994831
44 0.970144 0.996799
45 0.977207 0.997852
46 0.984183 0.998594
47 0.989887 0.999205
48 0.994531 0.999579
49 0.997224 0.999894
50 0.998628 0.999996
51 0.999633 1
