1 0.0376694 0.0277411
2 0.0763377 0.0553191
3 0.120333 0.0846446
4 0.167467 0.116252
5 0.223971 0.150394
6 0.280071 0.185297
7 0.335315 0.223305
8 0.409655 0.263884
9 0.507444 0.307189
10 0.606778 0.354088
11 0.683805 0.404282
12 0.747967 0.461186
13 0.797907 0.520896
14 0.83931 0.573164
15 0.875505 0.6201
16 0.907253 0.655708
17 0.933508 0.689135
18 0.95453 0.720905
19 0.971629 0.750856
20 0.983757 0.777048
21 0.991653 0.802318
22 0.997051 0.826555
23 0.999738 0.849425
24 1 0.870412
25 1 0.890801
