1 0.00903828 0.0087987
2 0.0177602 0.0170682
3 0.0265977 0.0256153
4 0.0356039 0.0341221
5 0.0451563 0.0427665
6 0.0553141 0.0519766
7 0.0664836 0.0626589
8 0.0778359 0.0744804
9 0.0909328 0.0938507
10 0.111136 0.121418
11 0.14152 0.157755
12 0.175029 0.194632
13 0.213577 0.233402
14 0.255282 0.274497
15 0.293614 0.317377
16 0.330998 0.361782
17 0.36754 0.411537
18 0.401281 0.457935
19 0.436098 0.50197
20 0.471467 0.542979
21 0.505223 0.583422
22 0.538584 0.624317
23 0.574547 0.666727
24 0.607995 0.705425
25 0.640545 0.740733
26 0.669993 0.774186
27 0.696154 0.806328
28 0.720148 0.834204
29 0.742343 0.860195
30 0.764457 0.882604
31 0.785205 0.902607
32 0.805064 0.920368
33 0.8237 0.936131
34 0.842537 0.9483
35 0.858536 0.957067
36 0.872773 0.964631
37 0.885347 0.970636
38 0.897066 0.976613
39 0.908444 0.981788
40 0.918929 0.986336
41 0.928046 0.990428
42 0.93656 0.993752
43 0.944855 0.996556
44 0.952096 0.998498
45 0.958549 0.999184
46 0.964599 0.999646
47 0.970102 0.999934
48 0.975053 1
49 0.979654 1
50 0.984122 1
