1 0.00425076 0.00527239
2 0.00814738 0.0101893
3 0.0121146 0.0158145
4 0.0167139 0.0222361
5 0.0222689 0.0292121
6 0.0288532 0.0372168
7 0.0363943 0.0464693
8 0.0474391 0.0595233
9 0.0597648 0.0761388
10 0.0734609 0.096023
11 0.0896826 0.122043
12 0.107999 0.151386
13 0.12862 0.188076
14 0.153371 0.227572
15 0.180342 0.268335
16 0.208527 0.312998
17 0.235503 0.357851
18 0.263447 0.401997
19 0.290832 0.446957
20 0.319673 0.492961
21 0.348265 0.538031
22 0.377597 0.580986
23 0.407434 0.625155
24 0.438628 0.669538
25 0.468492 0.712575
26 0.497793 0.755561
27 0.52516 0.793382
28 0.55077 0.826471
29 0.575107 0.856522
30 0.598633 0.881591
31 0.622446 0.903561
32 0.645082 0.924808
33 0.665341 0.941437
34 0.684821 0.953532
35 0.702738 0.965731
36 0.719653 0.979362
37 0.735689 0.989129
38 0.750874 0.991621
39 0.764845 0.993186
40 0.777511 0.994466
41 0.789865 0.995603
42 0.80191 0.996637
43 0.812852 0.997433
44 0.822909 0.998024
45 0.834132 0.998743
46 0.844851 0.999227
47 0.854862 0.999813
48 0.863818 0.999983
49 0.872642 1
50 0.881215 1
51 0.889743 1
