1 0.0184478 0.031488
2 0.0360263 0.061744
3 0.0539372 0.092368
4 0.0709971 0.123616
5 0.0892001 0.155536
6 0.107633 0.191952
7 0.127184 0.229024
8 0.146578 0.266088
9 0.176059 0.304296
10 0.212451 0.355872
11 0.254558 0.414264
12 0.297787 0.462056
13 0.345873 0.508632
14 0.406183 0.544864
15 0.49752 0.57588
16 0.576037 0.608544
17 0.638707 0.642608
18 0.695449 0.68476
19 0.746815 0.724752
20 0.790387 0.766584
21 0.829091 0.813704
22 0.861728 0.847216
23 0.889171 0.875152
24 0.913247 0.897752
25 0.931702 0.915736
26 0.947816 0.93212
27 0.961519 0.946904
28 0.973119 0.95956
29 0.982188 0.9688
30 0.989554 0.977192
31 0.994489 0.984608
32 0.998846 0.988984
33 0.999985 0.99312
34 1 0.996056
35 1 0.998744
