1 0.0180241 0.019776
2 0.0346165 0.0382116
3 0.0514134 0.057344
4 0.0684514 0.0770489
5 0.0857268 0.0963769
6 0.103214 0.11685
7 0.122023 0.138496
8 0.141362 0.162204
9 0.173214 0.191072
10 0.207217 0.225284
11 0.248123 0.270773
12 0.295771 0.341796
13 0.3429 0.414084
14 0.405913 0.486827
15 0.493426 0.555847
16 0.5729 0.649817
17 0.638415 0.734272
18 0.69748 0.790151
19 0.747451 0.828085
20 0.793408 0.860786
21 0.837396 0.88774
22 0.874193 0.914727
23 0.900442 0.934101
24 0.922191 0.94997
25 0.939507 0.963577
26 0.952904 0.975609
27 0.963411 0.984519
28 0.973371 0.991097
29 0.982173 0.996572
30 0.989923 0.99947
31 0.995588 0.999964
32 0.999054 1
