1 0.00971318 0.0103208
2 0.0189324 0.0201136
3 0.0285634 0.0297979
4 0.0384722 0.0400085
5 0.0482783 0.050531
6 0.0587574 0.0609859
7 0.0709607 0.0715605
8 0.0859024 0.086002
9 0.104896 0.11369
10 0.137962 0.158693
11 0.183731 0.202264
12 0.232638 0.246713
13 0.279167 0.288527
14 0.324341 0.334336
15 0.369333 0.377412
16 0.41232 0.422749
17 0.450752 0.469227
18 0.490943 0.516352
19 0.525191 0.56144
20 0.558163 0.604802
21 0.595825 0.643198
22 0.6314 0.673368
23 0.662226 0.701147
24 0.693486 0.728747
25 0.720721 0.749686
26 0.744833 0.772874
27 0.765643 0.799484
28 0.78496 0.823561
29 0.807743 0.844945
30 0.828437 0.862345
31 0.847381 0.878233
32 0.864338 0.892161
33 0.881463 0.904367
34 0.89717 0.915105
35 0.91153 0.927045
36 0.923583 0.940419
37 0.933854 0.953086
38 0.950943 0.963552
39 0.961986 0.970723
40 0.970941 0.976326
41 0.978384 0.980883
42 0.984872 0.984931
43 0.989786 0.988209
44 0.993872 0.991215
45 0.997146 0.99381
46 0.99938 0.996348
47 0.99997 0.998145
48 0.999999 0.999317
49 1 0.999954
50 1 1
51 1 1
