1 0.0101061 0.00986765
2 0.0193687 0.0191505
3 0.0290014 0.0294875
4 0.0411156 0.04014
5 0.0558821 0.0525115
6 0.0718549 0.0675392
7 0.0917388 0.0853847
8 0.119151 0.105128
9 0.153038 0.126944
10 0.192386 0.153578
11 0.231294 0.185542
12 0.273435 0.224601
13 0.320526 0.266002
14 0.371273 0.307939
15 0.421 0.34695
16 0.474415 0.387128
17 0.524281 0.42938
18 0.574329 0.466756
19 0.625139 0.502281
20 0.672533 0.53325
21 0.714854 0.562141
22 0.752174 0.589104
23 0.785564 0.615345
24 0.817212 0.640885
25 0.846503 0.664714
26 0.871595 0.686701
27 0.896348 0.70883
28 0.918476 0.729882
29 0.937112 0.749232
30 0.951205 0.768263
31 0.96217 0.787151
32 0.970982 0.804312
33 0.978008 0.820037
34 0.983425 0.837181
35 0.988087 0.853801
36 0.991817 0.868909
37 0.994587 0.883564
38 0.996395 0.89825
39 0.997295 0.912227
40 0.99807 0.925179
41 0.998794 0.936662
42 0.999389 0.947741
43 0.999746 0.957955
44 0.999924 0.967998
45 0.999982 0.975665
46 1 0.981597
