1 0.0289986 0.0170523
2 0.0558916 0.032303
3 0.0833471 0.0483585
4 0.111303 0.0648468
5 0.141728 0.0824935
6 0.173546 0.100768
7 0.204986 0.118567
8 0.237833 0.13583
9 0.279122 0.154175
10 0.340761 0.183926
11 0.42976 0.233903
12 0.516859 0.2898
13 0.592263 0.348904
14 0.662517 0.411937
15 0.751159 0.468197
16 0.818141 0.516501
17 0.873272 0.560195
18 0.910857 0.600997
19 0.942099 0.638854
20 0.963868 0.675937
21 0.980878 0.711044
22 0.993923 0.745444
23 0.998134 0.777519
24 0.99952 0.807596
25 1 0.844353
26 1 0.878503
27 1 0.901417
