1 0.00430529 0.00393507
2 0.00839437 0.00763476
3 0.0127183 0.0114037
4 0.0172832 0.0155247
5 0.0224098 0.0203434
6 0.0289454 0.025564
7 0.0366372 0.0318408
8 0.0456092 0.0401958
9 0.0592603 0.050821
10 0.0768977 0.0654373
11 0.10126 0.0855684
12 0.129815 0.110919
13 0.161169 0.136809
14 0.194572 0.164899
15 0.227868 0.192527
16 0.258816 0.219674
17 0.291286 0.248767
18 0.325629 0.279448
19 0.364894 0.313383
20 0.408414 0.348519
21 0.451885 0.383831
22 0.494417 0.418724
23 0.538944 0.453014
24 0.581549 0.488043
25 0.624098 0.521579
26 0.669476 0.553458
27 0.711959 0.583999
28 0.750905 0.612366
29 0.784229 0.641916
30 0.815695 0.670785
31 0.845809 0.698866
32 0.873585 0.725958
33 0.903453 0.750995
34 0.932075 0.776152
35 0.954675 0.801687
36 0.971984 0.824484
37 0.982701 0.846121
38 0.989913 0.866295
39 0.995069 0.885394
40 0.997958 0.901566
41 0.999074 0.916487
42 0.999686 0.930956
43 0.999893 0.944517
44 0.99997 0.957492
45 0.999997 0.969141
46 1 0.978614
47 1 0.985163
48 1 0.989973
