1 0.00415157 0.00410456
2 0.00827486 0.0080222
3 0.0123902 0.0121038
4 0.0166556 0.0164933
5 0.0216861 0.0215164
6 0.0281323 0.0270638
7 0.0359046 0.0334668
8 0.0453603 0.0411312
9 0.0590316 0.0513712
10 0.0777659 0.0649583
11 0.101623 0.0854768
12 0.129292 0.108208
13 0.161147 0.132734
14 0.194249 0.15978
15 0.22759 0.185797
16 0.259663 0.21155
17 0.292118 0.239275
18 0.327423 0.271219
19 0.368494 0.303898
20 0.411893 0.339396
21 0.456171 0.375666
22 0.498943 0.409998
23 0.54474 0.445383
24 0.589217 0.482693
25 0.631698 0.518466
26 0.67677 0.554728
27 0.720523 0.589872
28 0.759229 0.624231
29 0.792407 0.65853
30 0.823383 0.691856
31 0.852973 0.722729
32 0.880193 0.754694
33 0.909699 0.785724
34 0.936356 0.813905
35 0.956989 0.840037
36 0.972745 0.864369
37 0.983057 0.88637
38 0.989978 0.906599
39 0.994783 0.924681
40 0.997683 0.937805
41 0.998877 0.949378
42 0.999537 0.959551
43 0.999828 0.967225
44 0.999936 0.974069
45 0.999983 0.98008
46 1 0.985619
47 1 0.989346
48 1 0.992214
