1 0.004302 0.00390042
2 0.00849239 0.00766482
3 0.0128468 0.0114777
4 0.0173508 0.0156097
5 0.0223931 0.0201353
6 0.0287351 0.0257997
7 0.0364291 0.0331776
8 0.0453077 0.0426529
9 0.0585628 0.0539279
10 0.0767804 0.0680347
11 0.100281 0.0867109
12 0.127122 0.107379
13 0.158142 0.130675
14 0.190711 0.156916
15 0.223386 0.185117
16 0.254261 0.21679
17 0.286117 0.250364
18 0.31968 0.285621
19 0.358769 0.320149
20 0.402687 0.353388
21 0.446258 0.387562
22 0.488909 0.420343
23 0.533786 0.453889
24 0.578555 0.487375
25 0.621767 0.519977
26 0.66729 0.553051
27 0.710838 0.585652
28 0.749633 0.618243
29 0.783587 0.650575
30 0.81658 0.681881
31 0.84714 0.711106
32 0.874633 0.739295
33 0.904935 0.76546
34 0.933429 0.789115
35 0.956104 0.810709
36 0.972945 0.830654
37 0.983729 0.849197
38 0.990597 0.866934
39 0.995365 0.884838
40 0.997995 0.901232
41 0.999051 0.915206
42 0.999688 0.926788
43 0.999905 0.937511
44 0.999966 0.946639
45 0.999993 0.955405
46 1 0.962916
47 1 0.969042
48 1 0.974802
