1 0.0192951 0.0124307
2 0.0377572 0.0253459
3 0.057807 0.0388968
4 0.08534 0.0562461
5 0.114753 0.073621
6 0.158206 0.0921352
7 0.207547 0.113092
8 0.263496 0.140738
9 0.318804 0.175598
10 0.389092 0.214988
11 0.476511 0.265174
12 0.556269 0.325046
13 0.628765 0.388698
14 0.688309 0.447112
15 0.74519 0.502706
16 0.797188 0.557252
17 0.839872 0.612922
18 0.875621 0.663123
19 0.905732 0.707144
20 0.929277 0.748509
21 0.949484 0.787729
22 0.963688 0.823915
23 0.978889 0.855103
24 0.987889 0.884071
25 0.994012 0.908466
26 0.997907 0.9285
27 0.999402 0.945146
28 0.999986 0.958238
29 1 0.969806
30 1 0.979736
