1 0.00658758 0.0062818
2 0.0131565 0.0124321
3 0.0199907 0.0190353
4 0.0272117 0.0262656
5 0.0354203 0.0348696
6 0.0456871 0.0465203
7 0.05866 0.0608836
8 0.0740494 0.0792689
9 0.0941528 0.10174
10 0.119089 0.132409
11 0.152847 0.166108
12 0.186877 0.204697
13 0.222176 0.247326
14 0.257706 0.289986
15 0.296451 0.331586
16 0.337817 0.375424
17 0.380885 0.424524
18 0.421678 0.472436
19 0.463587 0.525044
20 0.506974 0.576304
21 0.552044 0.623496
22 0.597137 0.666192
23 0.637509 0.706856
24 0.673528 0.743754
25 0.707205 0.77693
26 0.740757 0.807774
27 0.772203 0.834767
28 0.801329 0.858901
29 0.829303 0.880207
30 0.855877 0.89903
31 0.877435 0.915355
32 0.893937 0.930471
33 0.907741 0.942325
34 0.920252 0.951571
35 0.931562 0.959533
36 0.941582 0.966531
37 0.950952 0.973268
38 0.959445 0.979193
39 0.967797 0.984614
40 0.974818 0.98908
41 0.980368 0.9922
42 0.985356 0.994473
43 0.989487 0.996125
44 0.992926 0.997408
45 0.995537 0.998213
46 0.997179 0.998731
47 0.998142 0.999138
48 0.998743 0.999512
49 0.999141 0.999818
50 0.99949 0.999965
51 0.999718 1
