1 0.005721 0.00683499
2 0.0111447 0.0134715
3 0.0170124 0.0204488
4 0.0236533 0.0281727
5 0.032026 0.0373559
6 0.0427692 0.048011
7 0.0561681 0.0599139
8 0.0741189 0.0763678
9 0.098916 0.0964021
10 0.125607 0.118095
11 0.152229 0.146109
12 0.182546 0.180933
13 0.217429 0.222549
14 0.25268 0.265779
15 0.28897 0.310535
16 0.326995 0.355625
17 0.365287 0.403869
18 0.404639 0.451751
19 0.446371 0.505409
20 0.487602 0.555309
21 0.529526 0.604526
22 0.572899 0.649012
23 0.614412 0.689206
24 0.654188 0.726261
25 0.69203 0.758756
26 0.726288 0.790358
27 0.756722 0.819951
28 0.785317 0.845158
29 0.813296 0.866409
30 0.839181 0.886133
31 0.862128 0.905299
32 0.884251 0.922496
33 0.906314 0.93743
34 0.925306 0.951247
35 0.942874 0.962824
36 0.959537 0.972071
37 0.970779 0.978984
38 0.978573 0.983821
39 0.983525 0.987545
40 0.987722 0.990471
41 0.991284 0.99282
42 0.994184 0.994857
43 0.996133 0.996558
44 0.997479 0.997903
45 0.998667 0.998887
46 0.999333 0.999517
47 0.999626 0.999901
48 0.999746 1
49 0.999851 1
50 0.999919 1
