1 0.0109761 0.00939259
2 0.0220756 0.0183649
3 0.0339545 0.0296703
4 0.0482755 0.0432895
5 0.0690934 0.0598599
6 0.096439 0.0794421
7 0.126906 0.105625
8 0.160081 0.139469
9 0.197311 0.184161
10 0.253974 0.244429
11 0.320556 0.300403
12 0.387566 0.355728
13 0.46314 0.40988
14 0.538958 0.464975
15 0.609263 0.517829
16 0.673569 0.569236
17 0.729491 0.620215
18 0.781115 0.669513
19 0.825104 0.717421
20 0.859961 0.756788
21 0.885201 0.792421
22 0.905976 0.825033
23 0.923827 0.854911
24 0.938603 0.880727
25 0.953465 0.900587
26 0.968268 0.918278
27 0.980841 0.933609
28 0.99314 0.947045
29 0.99848 0.958551
30 0.999618 0.967721
31 1 0.975604
32 1 0.982659
