1 0.0155617 0.0150667
2 0.0298246 0.0291278
3 0.0459588 0.0467167
4 0.0690428 0.0753056
5 0.0980179 0.110422
6 0.137094 0.149756
7 0.179267 0.189928
8 0.221582 0.236222
9 0.292816 0.299717
10 0.369658 0.386261
11 0.443096 0.463272
12 0.519181 0.555061
13 0.609794 0.642278
14 0.704703 0.71705
15 0.781213 0.77875
16 0.844266 0.838033
17 0.904087 0.903078
18 0.949307 0.941361
19 0.969369 0.961122
20 0.980763 0.973844
21 0.988827 0.983383
22 0.994195 0.990317
23 0.997519 0.99515
24 0.999089 0.997883
25 0.999883 0.999394
26 1 0.999989
27 1 1
28 1 1
