1 0.0169031 0.0146187
2 0.0336289 0.0288048
3 0.0520804 0.0437453
4 0.0737413 0.0598269
5 0.096782 0.0766468
6 0.122375 0.0966414
7 0.156449 0.11983
8 0.21077 0.147685
9 0.275039 0.177988
10 0.363685 0.213131
11 0.454697 0.25662
12 0.538979 0.302396
13 0.624788 0.354419
14 0.694386 0.417226
15 0.754451 0.476449
16 0.806086 0.537066
17 0.848694 0.601582
18 0.884766 0.667637
19 0.913503 0.71686
20 0.93503 0.760635
21 0.952132 0.800135
22 0.965943 0.833226
23 0.976843 0.858845
24 0.984658 0.880846
25 0.990489 0.898656
26 0.994291 0.915654
27 0.996912 0.931347
28 0.998612 0.943691
29 0.999641 0.954824
30 0.999996 0.965836
31 1 0.975024
32 1 0.982596
33 1 0.98878
