1 0.00818732 0.010728
2 0.0155818 0.020636
3 0.0231564 0.030886
4 0.0316017 0.042854
5 0.0413303 0.057806
6 0.0517952 0.075214
7 0.0636885 0.097148
8 0.0771876 0.123938
9 0.0927587 0.15536
10 0.112415 0.189522
11 0.139632 0.23334
12 0.167576 0.281686
13 0.199428 0.33301
14 0.230254 0.38871
15 0.258112 0.43806
16 0.289291 0.486928
17 0.320774 0.536848
18 0.355163 0.583888
19 0.386672 0.628836
20 0.417752 0.669182
21 0.448683 0.7022
22 0.472429 0.732276
23 0.492291 0.759312
24 0.510112 0.786842
25 0.526033 0.807514
26 0.541434 0.82506
27 0.557522 0.839946
28 0.573246 0.853052
29 0.58855 0.866182
30 0.603263 0.877112
31 0.618572 0.8872
32 0.6335 0.896952
33 0.649221 0.905576
34 0.665822 0.91468
35 0.682982 0.92352
36 0.701533 0.932564
37 0.722186 0.945126
38 0.739684 0.957468
39 0.755356 0.965176
40 0.771262 0.969898
41 0.786082 0.97354
42 0.799886 0.977748
43 0.812673 0.981454
44 0.824472 0.984768
45 0.835411 0.993304
46 0.845783 0.996748
47 0.855521 0.99871
48 0.864475 0.999532
49 0.873304 0.999964
50 0.882184 1
51 0.890488 1
52 0.898267 1
53 0.906305 1
