1 0.0158939 0.0147808
2 0.0306081 0.0281749
3 0.0452827 0.0418273
4 0.0611858 0.055918
5 0.0789788 0.0696745
6 0.0990276 0.0836003
7 0.118936 0.0995443
8 0.143664 0.123375
9 0.172004 0.155412
10 0.206907 0.201897
11 0.279058 0.256233
12 0.357519 0.322209
13 0.438829 0.388702
14 0.503615 0.448824
15 0.562247 0.507038
16 0.614129 0.554499
17 0.662048 0.60002
18 0.715299 0.651491
19 0.761887 0.697804
20 0.802225 0.768203
21 0.836379 0.826573
22 0.867042 0.8699
23 0.89276 0.906254
24 0.914565 0.934243
25 0.933538 0.950313
26 0.950416 0.961565
27 0.963475 0.971523
28 0.97241 0.979169
29 0.979872 0.985616
30 0.985685 0.990881
31 0.990075 0.994141
32 0.993333 0.996393
33 0.99554 0.997567
34 0.997004 0.998394
35 0.998464 0.999099
36 0.999332 0.999564
37 0.999744 0.999807
38 0.999991 0.999952
39 1 1
