1 0.0113521 0.01
2 0.0221011 0.0193794
3 0.0336614 0.0302041
4 0.0515062 0.0438276
5 0.0734154 0.0579592
6 0.0991347 0.0774719
7 0.128272 0.108382
8 0.16354 0.142853
9 0.20358 0.180937
10 0.255833 0.218376
11 0.316955 0.261102
12 0.387312 0.312932
13 0.451904 0.377593
14 0.516003 0.437193
15 0.576279 0.492624
16 0.632639 0.546747
17 0.684008 0.60667
18 0.731303 0.663001
19 0.773353 0.712807
20 0.811633 0.757699
21 0.847382 0.79717
22 0.878886 0.833076
23 0.904757 0.862815
24 0.925827 0.889488
25 0.943464 0.91293
26 0.956882 0.93227
27 0.967858 0.947182
28 0.976595 0.96021
29 0.983572 0.969971
30 0.988104 0.977511
31 0.99129 0.98379
32 0.993718 0.988863
33 0.99579 0.992322
34 0.997539 0.995252
35 0.998626 0.997105
36 0.999462 0.998159
37 1 0.999017
38 1 0.999527
