1 0.0040045 0.00421103
2 0.00783287 0.00813819
3 0.0118438 0.012329
4 0.0162649 0.0170639
5 0.0213768 0.022881
6 0.0270659 0.0299567
7 0.0338327 0.0385561
8 0.0429446 0.0488144
9 0.0562564 0.0603317
10 0.0713164 0.075821
11 0.0905033 0.0958402
12 0.114989 0.117723
13 0.140894 0.142906
14 0.168538 0.171987
15 0.197761 0.201774
16 0.22956 0.231834
17 0.263903 0.26293
18 0.298939 0.294751
19 0.334831 0.326766
20 0.370322 0.359661
21 0.405709 0.394734
22 0.443412 0.429561
23 0.484314 0.463412
24 0.524353 0.495999
25 0.564833 0.529534
26 0.603734 0.564778
27 0.641474 0.598224
28 0.677683 0.629423
29 0.712956 0.662843
30 0.746398 0.696877
31 0.778988 0.725883
32 0.811984 0.752501
33 0.842488 0.777226
34 0.867822 0.800452
35 0.888999 0.821942
36 0.908478 0.84245
37 0.925841 0.86378
38 0.939815 0.882677
39 0.9511 0.899625
40 0.961337 0.914919
41 0.969988 0.928719
42 0.975915 0.941592
43 0.979853 0.953523
44 0.983011 0.964768
45 0.985871 0.973637
46 0.988089 0.980849
47 0.989865 0.986148
48 0.991769 0.989859
49 0.993891 0.992598
50 0.995658 0.994977
51 0.996907 0.996796
52 0.998111 0.997753
53 0.998774 0.998569
54 0.999326 0.999237
55 0.999668 0.999585
56 0.999847 0.999758
57 0.99993 0.999887
58 0.999969 0.999973
59 0.99999 1
60 1 1
