1 0.0039308 0.00381198
2 0.00775104 0.00749797
3 0.0118446 0.0114222
4 0.0161775 0.0157692
5 0.0211029 0.0206797
6 0.026892 0.0265565
7 0.034118 0.0338479
8 0.0435808 0.0434638
9 0.0565799 0.0580154
10 0.0716244 0.0744385
11 0.0906884 0.0929943
12 0.114981 0.114322
13 0.141248 0.137898
14 0.168499 0.16429
15 0.197511 0.190955
16 0.228641 0.22389
17 0.261799 0.25733
18 0.296781 0.291276
19 0.332006 0.327332
20 0.367058 0.364471
21 0.402222 0.402146
22 0.439901 0.440313
23 0.480074 0.478925
24 0.519045 0.516738
25 0.55918 0.553084
26 0.5983 0.589324
27 0.636643 0.625864
28 0.67299 0.661966
29 0.708047 0.695108
30 0.740611 0.727114
31 0.772717 0.757916
32 0.805399 0.786934
33 0.836201 0.81568
34 0.861883 0.842918
35 0.883323 0.866407
36 0.902393 0.887237
37 0.91994 0.907092
38 0.934754 0.924329
39 0.947496 0.937146
40 0.958238 0.94712
41 0.96717 0.955225
42 0.97388 0.962096
43 0.978296 0.967654
44 0.981922 0.972184
45 0.985067 0.976222
46 0.987403 0.979799
47 0.989465 0.982566
48 0.991418 0.98511
49 0.993741 0.987543
50 0.995439 0.989995
51 0.996597 0.992778
52 0.99784 0.994965
53 0.99851 0.996331
54 0.999106 0.997408
55 0.999516 0.998183
56 0.99978 0.998762
57 0.999889 0.999241
58 0.999942 0.999583
59 0.999977 0.999796
60 0.999996 0.999919
61 1 0.99998
