1 0.00379646 0.00366513
2 0.00745139 0.00711848
3 0.0112842 0.0108227
4 0.015295 0.0148894
5 0.0198463 0.019273
6 0.0251038 0.0245458
7 0.0310316 0.0311149
8 0.0388607 0.0386455
9 0.0498388 0.0479637
10 0.063505 0.0613254
11 0.0800641 0.0789625
12 0.0979702 0.102863
13 0.118085 0.130099
14 0.140747 0.159135
15 0.165033 0.188912
16 0.188883 0.218881
17 0.213584 0.247033
18 0.238909 0.276131
19 0.265585 0.307829
20 0.292895 0.344375
21 0.32098 0.382385
22 0.350437 0.421428
23 0.384181 0.461244
24 0.418431 0.50147
25 0.453514 0.53966
26 0.487921 0.576035
27 0.52364 0.610562
28 0.559226 0.643515
29 0.593086 0.675699
30 0.624955 0.706401
31 0.658214 0.737148
32 0.687682 0.767199
33 0.716516 0.796409
34 0.745624 0.823665
35 0.775187 0.848141
36 0.802296 0.870505
37 0.826221 0.891166
38 0.846731 0.909951
39 0.86578 0.926227
40 0.883297 0.939961
41 0.898888 0.95279
42 0.912608 0.96548
43 0.924996 0.976104
44 0.936447 0.984348
45 0.94719 0.990185
46 0.957499 0.99392
47 0.967318 0.996496
48 0.974578 0.99824
49 0.980329 0.999135
50 0.985166 0.999668
51 0.989318 0.999846
52 0.992823 0.999939
53 0.995353 0.999984
54 0.997039 1
55 0.997998 1
56 0.998627 1
