1 0.00837431 0.00647037
2 0.016173 0.0126309
3 0.0245343 0.01925
4 0.0330523 0.0264988
5 0.0421892 0.0349685
6 0.0534436 0.0453117
7 0.0686859 0.0572549
8 0.088209 0.071713
9 0.116717 0.0920685
10 0.147303 0.117505
11 0.185326 0.149344
12 0.231528 0.186433
13 0.279811 0.227544
14 0.330523 0.26911
15 0.384745 0.314152
16 0.436659 0.358551
17 0.491406 0.405488
18 0.552532 0.452358
19 0.608836 0.504632
20 0.659588 0.55695
21 0.704214 0.607347
22 0.744943 0.652774
23 0.786488 0.697051
24 0.826684 0.737881
25 0.863222 0.777264
26 0.89703 0.815575
27 0.921466 0.851433
28 0.942147 0.884065
29 0.95952 0.911385
30 0.971736 0.932967
31 0.980069 0.951475
32 0.986016 0.965704
33 0.989896 0.975577
34 0.992716 0.983027
35 0.99498 0.988669
36 0.996818 0.992852
37 0.998129 0.99567
38 0.999139 0.99757
39 0.999663 0.998873
40 0.999896 0.999752
41 0.999973 0.999974
42 1 1
43 1 1
