1 0.0077822 0.00612845
2 0.0151541 0.0118551
3 0.0232488 0.0180356
4 0.0317322 0.024415
5 0.0406813 0.0322685
6 0.0519494 0.0420754
7 0.0684306 0.0530853
8 0.0893958 0.0672355
9 0.120499 0.0869233
10 0.152815 0.111031
11 0.191836 0.1416
12 0.238755 0.179022
13 0.288767 0.220746
14 0.343232 0.265404
15 0.401948 0.311816
16 0.456934 0.357449
17 0.513543 0.403215
18 0.573305 0.45391
19 0.629432 0.501065
20 0.681752 0.547037
21 0.725656 0.589434
22 0.766536 0.630517
23 0.805309 0.672104
24 0.843743 0.709354
25 0.879386 0.74494
26 0.910281 0.779691
27 0.933509 0.812379
28 0.951341 0.843758
29 0.966174 0.871011
30 0.976525 0.891363
31 0.983715 0.910029
32 0.988779 0.925876
33 0.992188 0.938536
34 0.994578 0.949117
35 0.996333 0.958211
36 0.997561 0.966348
37 0.998475 0.974507
38 0.999259 0.982671
39 0.999677 0.989339
40 0.999913 0.995025
41 0.999971 0.997749
42 1 0.998733
43 1 0.999421
