1 0.004255 0.00473247
2 0.0082565 0.00928174
3 0.0126242 0.0139438
4 0.0173434 0.0188718
5 0.0228618 0.0246179
6 0.028864 0.0314996
7 0.0359494 0.0389448
8 0.0438187 0.0480662
9 0.0543957 0.0603785
10 0.0684024 0.0767467
11 0.0877187 0.096157
12 0.112971 0.121432
13 0.13813 0.148801
14 0.164824 0.17747
15 0.192896 0.208437
16 0.221885 0.240339
17 0.252096 0.270373
18 0.281461 0.300706
19 0.311858 0.33029
20 0.342674 0.361207
21 0.372598 0.393419
22 0.403934 0.426359
23 0.435847 0.461751
24 0.468217 0.496703
25 0.501138 0.532734
26 0.532683 0.564783
27 0.560907 0.594417
28 0.587859 0.624178
29 0.614735 0.65441
30 0.640621 0.680623
31 0.667077 0.704414
32 0.691819 0.73007
33 0.715292 0.754753
34 0.737581 0.778161
35 0.758014 0.799919
36 0.776962 0.819749
37 0.794895 0.839166
38 0.811601 0.855811
39 0.828778 0.870274
40 0.846113 0.886268
41 0.862293 0.901531
42 0.878116 0.914454
43 0.892761 0.927272
44 0.90611 0.938773
45 0.918718 0.948957
46 0.931127 0.957656
47 0.942232 0.964726
48 0.950678 0.971347
49 0.958331 0.979129
50 0.965891 0.985251
51 0.972925 0.990201
52 0.97951 0.994272
53 0.985999 0.996671
54 0.991194 0.998018
55 0.9955 0.998917
56 0.998392 0.999488
57 0.999634 0.99983
58 1 0.999963
59 1 0.999997
60 1 1
61 1 1
62 1 1
