1 0.00395883 0.00416124
2 0.00775272 0.00823408
3 0.0116814 0.0124644
4 0.0159659 0.0169011
5 0.0207448 0.021776
6 0.0258239 0.0271898
7 0.0318522 0.0336792
8 0.0397274 0.0415537
9 0.0505337 0.0522987
10 0.0638558 0.0664871
11 0.0806042 0.0837572
12 0.101497 0.104147
13 0.125027 0.126851
14 0.152651 0.151901
15 0.181221 0.179692
16 0.210581 0.207544
17 0.240547 0.237404
18 0.270964 0.267763
19 0.303826 0.30095
20 0.338418 0.334585
21 0.37375 0.370359
22 0.41012 0.408542
23 0.448372 0.445274
24 0.48782 0.480525
25 0.52659 0.515607
26 0.565009 0.54932
27 0.602025 0.583875
28 0.637059 0.620698
29 0.670932 0.655535
30 0.703568 0.687991
31 0.734952 0.719887
32 0.76463 0.750012
33 0.794253 0.779536
34 0.824586 0.805022
35 0.85257 0.828587
36 0.877788 0.850503
37 0.901099 0.872746
38 0.923206 0.892985
39 0.942629 0.912176
40 0.957433 0.929807
41 0.968035 0.944155
42 0.975509 0.954992
43 0.98123 0.963213
44 0.985453 0.970993
45 0.988927 0.978367
46 0.991748 0.984042
47 0.994265 0.988768
48 0.996225 0.99307
49 0.997808 0.996588
50 0.998734 0.998645
51 0.999301 0.999956
52 0.999693 1
53 0.9999 1
54 0.999991 1
55 1 1
56 1 1
57 1 1
