1 0.00391015 0.00303629
2 0.00765145 0.00599017
3 0.0114002 0.00917465
4 0.0154925 0.0126515
5 0.0202784 0.016265
6 0.0255289 0.0203974
7 0.0318019 0.0256069
8 0.0397199 0.0328357
9 0.0504056 0.0430378
10 0.0638705 0.0562857
11 0.0805334 0.0725553
12 0.101751 0.0917771
13 0.124965 0.113387
14 0.152097 0.136785
15 0.181133 0.161714
16 0.210684 0.187915
17 0.240868 0.215813
18 0.27207 0.245632
19 0.306026 0.275363
20 0.342384 0.305823
21 0.378188 0.338064
22 0.415316 0.372988
23 0.453955 0.408473
24 0.492787 0.443774
25 0.531418 0.48328
26 0.569478 0.522699
27 0.606473 0.561421
28 0.641693 0.598296
29 0.676289 0.632604
30 0.709467 0.666662
31 0.741047 0.701371
32 0.770804 0.735411
33 0.799976 0.766489
34 0.828841 0.795953
35 0.855833 0.824073
36 0.880836 0.851212
37 0.903463 0.875167
38 0.925628 0.896453
39 0.944679 0.914306
40 0.958985 0.930037
41 0.969462 0.943155
42 0.976807 0.954921
43 0.982287 0.965085
44 0.98622 0.973336
45 0.989363 0.980173
46 0.992076 0.985765
47 0.994307 0.99038
48 0.996191 0.993805
49 0.997807 0.996139
50 0.99879 0.997522
51 0.999373 0.998449
52 0.999713 0.99909
53 0.999902 0.999534
54 0.999989 0.999847
55 1 0.999978
56 1 0.999999
57 1 1
