1 0.00408726 0.00328996
2 0.00796542 0.00635085
3 0.0119687 0.00958257
4 0.0162216 0.0131122
5 0.0208066 0.0174842
6 0.0261306 0.0227883
7 0.0326866 0.0286361
8 0.0413725 0.03566
9 0.0532785 0.0446197
10 0.0676302 0.0565225
11 0.0847188 0.0718533
12 0.104505 0.0908883
13 0.127568 0.113588
14 0.155316 0.13663
15 0.182967 0.160005
16 0.210965 0.183083
17 0.240461 0.20781
18 0.273048 0.232232
19 0.306646 0.260182
20 0.339862 0.291082
21 0.374262 0.323136
22 0.411004 0.354881
23 0.449728 0.386279
24 0.488988 0.418134
25 0.52725 0.449475
26 0.565947 0.481883
27 0.605286 0.514708
28 0.643222 0.546987
29 0.678631 0.578347
30 0.712278 0.609574
31 0.744656 0.641363
32 0.776985 0.6723
33 0.808159 0.702166
34 0.837452 0.732054
35 0.86467 0.76195
36 0.888357 0.789088
37 0.908076 0.815884
38 0.925997 0.841074
39 0.942548 0.864867
40 0.956501 0.88604
41 0.967426 0.905506
42 0.976074 0.92227
43 0.982146 0.93752
44 0.986874 0.95059
45 0.99098 0.960629
46 0.994109 0.968162
47 0.996056 0.974897
48 0.997276 0.981319
49 0.998159 0.987319
50 0.998819 0.991567
51 0.999298 0.994253
52 0.999579 0.99561
53 0.999875 0.996747
54 0.999988 0.997911
55 1 0.998715
56 1 0.999293
57 1 0.999659
58 1 0.999866
59 1 0.999965
60 1 0.999994
61 1 1
