1 0.00412378 0.00357704
2 0.00802409 0.00704236
3 0.01205 0.0107177
4 0.0162557 0.0147573
5 0.0209032 0.0194035
6 0.0262464 0.0245266
7 0.032714 0.0305566
8 0.0413144 0.0386787
9 0.0528925 0.0495312
10 0.0672223 0.0632619
11 0.0845596 0.0807472
12 0.104413 0.100764
13 0.127247 0.123783
14 0.153936 0.149807
15 0.180038 0.180246
16 0.208424 0.209701
17 0.237177 0.239426
18 0.269793 0.270635
19 0.303067 0.30499
20 0.33526 0.339926
21 0.369141 0.372815
22 0.405219 0.407407
23 0.443847 0.442491
24 0.482455 0.477146
25 0.520695 0.511565
26 0.560619 0.546312
27 0.601395 0.581612
28 0.639687 0.615433
29 0.675529 0.647348
30 0.71028 0.679389
31 0.743373 0.712476
32 0.775349 0.742661
33 0.807112 0.772179
34 0.836505 0.800679
35 0.863227 0.82636
36 0.88753 0.851627
37 0.907777 0.872515
38 0.925279 0.891778
39 0.94207 0.909178
40 0.956575 0.924572
41 0.967437 0.937851
42 0.975448 0.950594
43 0.981511 0.961402
44 0.986292 0.970065
45 0.990532 0.977168
46 0.993805 0.983811
47 0.995909 0.988742
48 0.997142 0.992285
49 0.998012 0.994718
50 0.99872 0.996249
51 0.999218 0.997346
52 0.999563 0.998123
53 0.999883 0.998777
54 0.999986 0.999349
55 1 0.999641
56 1 0.999857
57 1 1
58 1 1
59 1 1
60 1 1
61 1 1
62 1 1
