1 0.0265364 0.0166644
2 0.0541358 0.0324927
3 0.0810151 0.0483654
4 0.10856 0.0643156
5 0.137606 0.0821066
6 0.170034 0.100853
7 0.205597 0.120113
8 0.248073 0.140678
9 0.302579 0.167136
10 0.389527 0.203419
11 0.454143 0.2696
12 0.527977 0.344462
13 0.605713 0.406594
14 0.662771 0.465647
15 0.709019 0.521536
16 0.745329 0.583657
17 0.774691 0.637434
18 0.799026 0.681772
19 0.82072 0.726956
20 0.840748 0.767958
21 0.859973 0.808626
22 0.879636 0.844388
23 0.900412 0.872714
24 0.918004 0.899939
25 0.933422 0.921932
26 0.945782 0.933376
27 0.956783 0.943978
28 0.966715 0.955588
29 0.974808 0.96392
30 0.981097 0.97009
31 0.986139 0.97768
32 0.990178 0.983662
33 0.993525 0.989666
34 0.995686 0.993949
35 0.997449 0.996753
36 0.9988 0.998339
37 0.999698 0.999887
38 1 1
39 1 1
