1 0.0053882 0.00611837
2 0.0105779 0.0120313
3 0.0160338 0.01839
4 0.0219748 0.0255401
5 0.0284453 0.033629
6 0.036235 0.0427224
7 0.0448142 0.0520286
8 0.0554367 0.0635093
9 0.0702235 0.0804512
10 0.0903886 0.105354
11 0.113198 0.133464
12 0.142166 0.165679
13 0.174051 0.203332
14 0.206775 0.239994
15 0.239883 0.275924
16 0.275655 0.313343
17 0.312122 0.351897
18 0.349147 0.391328
19 0.387282 0.428218
20 0.423183 0.464257
21 0.458725 0.501245
22 0.494202 0.539293
23 0.529617 0.578074
24 0.565526 0.614883
25 0.602296 0.652766
26 0.639282 0.686852
27 0.673236 0.717848
28 0.706179 0.747617
29 0.736436 0.774432
30 0.762828 0.800752
31 0.786844 0.826458
32 0.81 0.84909
33 0.834233 0.868148
34 0.854126 0.885917
35 0.872184 0.902172
36 0.887711 0.917241
37 0.903454 0.931913
38 0.916885 0.943556
39 0.927703 0.952927
40 0.936805 0.960059
41 0.944768 0.96602
42 0.952999 0.971724
43 0.96041 0.97691
44 0.966451 0.981441
45 0.973804 0.986229
46 0.979881 0.989006
47 0.985081 0.993038
48 0.991156 0.997005
49 0.995412 0.99996
50 0.998329 1
51 0.999443 1
52 0.999877 1
53 1 1
54 1 1
55 1 1
