1 0.00932086 0.0141633
2 0.017953 0.0271574
3 0.0275332 0.040942
4 0.0381231 0.0582911
5 0.0575173 0.0875077
6 0.0815815 0.123252
7 0.104931 0.159238
8 0.128925 0.20418
9 0.159326 0.253751
10 0.194837 0.318641
11 0.231986 0.384156
12 0.276116 0.45734
13 0.323554 0.540923
14 0.378331 0.63467
15 0.424863 0.708312
16 0.473638 0.77307
17 0.518803 0.833273
18 0.559388 0.873737
19 0.595496 0.903475
20 0.63493 0.930504
21 0.670052 0.953505
22 0.703835 0.971375
23 0.735417 0.986433
24 0.76856 0.994343
25 0.789187 0.997098
26 0.807389 0.998646
27 0.825276 0.999328
28 0.841677 0.999863
29 0.857989 1
