1 0.00975503 0.010574
2 0.0191669 0.0205731
3 0.028884 0.0320822
4 0.0397538 0.0443209
5 0.0508118 0.0592403
6 0.0633136 0.0755359
7 0.0806473 0.0975907
8 0.0998331 0.124917
9 0.122671 0.155459
10 0.152241 0.192931
11 0.186045 0.227471
12 0.220671 0.264606
13 0.255608 0.309205
14 0.296444 0.362162
15 0.344682 0.42331
16 0.403271 0.490504
17 0.457078 0.556931
18 0.507982 0.624289
19 0.55903 0.695813
20 0.600214 0.752925
21 0.638156 0.796345
22 0.673951 0.835658
23 0.707583 0.866432
24 0.74206 0.889375
25 0.770586 0.908236
26 0.796293 0.925833
27 0.819415 0.941582
28 0.840948 0.955655
29 0.855373 0.966917
30 0.867786 0.974816
31 0.878921 0.98122
32 0.889774 0.98883
33 0.900839 0.994099
34 0.910699 0.996526
35 0.920236 0.9981
36 0.929348 0.999044
37 0.937458 0.999565
38 0.944518 0.999859
39 0.951728 0.999992
40 0.95891 1
