1 0.00680789 0.00714539
2 0.013226 0.0138784
3 0.0198148 0.0218713
4 0.0267495 0.0311714
5 0.0347436 0.0427045
6 0.0440824 0.0548364
7 0.0555985 0.0693169
8 0.0701651 0.0889594
9 0.0902399 0.113546
10 0.117594 0.145968
11 0.151954 0.178911
12 0.186617 0.215165
13 0.222822 0.253001
14 0.260967 0.296085
15 0.298942 0.340923
16 0.339994 0.388587
17 0.378457 0.44014
18 0.418776 0.490589
19 0.458749 0.539631
20 0.49675 0.587871
21 0.535144 0.634485
22 0.573277 0.680499
23 0.612955 0.728356
24 0.652926 0.770861
25 0.69016 0.806271
26 0.7238 0.836103
27 0.753765 0.862555
28 0.781702 0.887403
29 0.808196 0.910945
30 0.832867 0.930616
31 0.855811 0.947963
32 0.878614 0.9629
33 0.898626 0.976786
34 0.915497 0.984906
35 0.929999 0.990464
36 0.942792 0.994432
37 0.954335 0.99753
38 0.965608 0.99962
39 0.973697 1
40 0.979929 1
41 0.985031 1
42 0.988531 1
43 0.991192 1
44 0.993208 1
