1 0.00644951 0.00770281
2 0.012888 0.0149294
3 0.0199432 0.0226701
4 0.0278893 0.0305907
5 0.0365309 0.039722
6 0.046618 0.0498659
7 0.0597011 0.0617331
8 0.0747049 0.0752747
9 0.0942317 0.0935745
10 0.120165 0.120564
11 0.154411 0.15453
12 0.198609 0.189082
13 0.250951 0.227042
14 0.298769 0.270883
15 0.346147 0.316143
16 0.393498 0.357913
17 0.438583 0.396769
18 0.481988 0.436701
19 0.531229 0.478599
20 0.583462 0.526743
21 0.636932 0.572469
22 0.681614 0.617757
23 0.720152 0.660408
24 0.751881 0.70173
25 0.78079 0.736631
26 0.80855 0.764756
27 0.834441 0.790766
28 0.858037 0.814238
29 0.881408 0.835179
30 0.90329 0.854707
31 0.92256 0.868446
32 0.937681 0.881581
33 0.950526 0.891912
34 0.960736 0.900085
35 0.968217 0.906238
36 0.974254 0.911917
37 0.979257 0.917251
38 0.98349 0.922078
39 0.987228 0.926595
40 0.990433 0.931589
41 0.992989 0.936571
42 0.994959 0.941597
43 0.996429 0.94647
44 0.997494 0.950663
45 0.998304 0.95464
46 0.999006 0.958436
47 0.99938 0.961986
48 0.999565 0.965257
49 0.999709 0.968425
50 0.999826 0.97129
51 0.999915 0.974089
52 0.999977 0.976583
53 0.999997 0.978973
54 1 0.981464
