1 0.00655863 0.0087174
2 0.0131715 0.0170111
3 0.0203067 0.0258234
4 0.0281657 0.034898
5 0.036301 0.0455903
6 0.046261 0.0573342
7 0.0580269 0.0693502
8 0.0719086 0.081987
9 0.0910938 0.100574
10 0.116293 0.128586
11 0.148312 0.16406
12 0.191032 0.203661
13 0.239419 0.245482
14 0.283532 0.294247
15 0.327102 0.349658
16 0.370846 0.403031
17 0.414884 0.455269
18 0.457455 0.507015
19 0.504026 0.556982
20 0.553503 0.605266
21 0.606295 0.650212
22 0.652319 0.693983
23 0.692272 0.737109
24 0.724371 0.77548
25 0.755465 0.814404
26 0.785286 0.847509
27 0.813713 0.877499
28 0.840158 0.908467
29 0.865586 0.932738
30 0.888643 0.948817
31 0.909501 0.960089
32 0.92733 0.969733
33 0.942619 0.977757
34 0.954747 0.984269
35 0.962927 0.989808
36 0.969423 0.994652
37 0.975177 0.99889
38 0.980238 1
39 0.984388 1
40 0.987783 1
41 0.990729 1
42 0.99322 1
43 0.995003 1
44 0.996302 1
45 0.997359 1
46 0.998308 1
