1 0.00667226 0.00624038
2 0.0131902 0.012129
3 0.0204513 0.0184403
4 0.0279726 0.0260419
5 0.0361796 0.0339867
6 0.045862 0.0429918
7 0.0580023 0.0536412
8 0.0725575 0.0664932
9 0.092294 0.0845171
10 0.117288 0.106067
11 0.149464 0.135093
12 0.191948 0.165998
13 0.240002 0.202321
14 0.284413 0.243544
15 0.328649 0.287106
16 0.373347 0.328231
17 0.418411 0.368596
18 0.460599 0.408877
19 0.508988 0.449726
20 0.559678 0.490078
21 0.614666 0.529069
22 0.659751 0.569222
23 0.70099 0.612584
24 0.732417 0.65796
25 0.761607 0.699557
26 0.789992 0.73604
27 0.817058 0.768613
28 0.842309 0.795562
29 0.867121 0.820588
30 0.890256 0.843902
31 0.911931 0.865817
32 0.928257 0.888767
33 0.943028 0.906697
34 0.954843 0.920909
35 0.962756 0.93292
36 0.969221 0.943153
37 0.974891 0.952098
38 0.979723 0.960273
39 0.983858 0.967416
40 0.987308 0.973844
41 0.990033 0.979339
42 0.99228 0.984268
43 0.994333 0.988537
44 0.995899 0.992016
45 0.997118 0.994674
46 0.9982 0.996542
47 0.998902 0.997885
48 0.999281 0.998854
49 0.999533 0.99957
50 0.999735 0.999924
51 0.999859 1
52 0.999946 1
53 0.999992 1
54 1 1
