1 0.00770756 0.00936711
2 0.0146122 0.0179938
3 0.0222192 0.0272386
4 0.0313559 0.0370371
5 0.0444987 0.0495216
6 0.0625452 0.0622024
7 0.082235 0.0768087
8 0.104902 0.098014
9 0.130454 0.125241
10 0.159826 0.156098
11 0.195181 0.190384
12 0.235358 0.233335
13 0.280918 0.281959
14 0.332754 0.327204
15 0.388781 0.377581
16 0.442779 0.425109
17 0.488031 0.466814
18 0.530115 0.505786
19 0.569932 0.543678
20 0.606653 0.58708
21 0.641319 0.628835
22 0.673067 0.661655
23 0.702272 0.690106
24 0.728936 0.717733
25 0.752992 0.743658
26 0.775065 0.765036
27 0.795201 0.783877
28 0.81415 0.799143
29 0.831698 0.812227
30 0.848219 0.823698
31 0.86315 0.834409
32 0.875916 0.845322
33 0.887473 0.855391
34 0.89762 0.86536
35 0.906583 0.874313
36 0.915373 0.883199
37 0.923712 0.891176
38 0.933075 0.898734
39 0.941571 0.905849
40 0.950261 0.913271
41 0.958207 0.920564
42 0.965366 0.927592
43 0.972873 0.935042
44 0.97844 0.942118
45 0.983661 0.948707
46 0.988373 0.954855
47 0.992137 0.960294
48 0.994902 0.965277
49 0.996926 0.969891
50 0.99843 0.973979
51 0.999826 0.977837
52 1 0.981096
53 1 0.984136
