1 0.00733984 0.00697627
2 0.0141224 0.0134482
3 0.0216432 0.0199233
4 0.0305889 0.0276936
5 0.0429718 0.0365917
6 0.0605243 0.0522688
7 0.0804309 0.0760028
8 0.102616 0.100713
9 0.128003 0.126035
10 0.15686 0.155096
11 0.191563 0.189298
12 0.229458 0.232313
13 0.272328 0.279853
14 0.319999 0.328945
15 0.37 0.379292
16 0.418598 0.426159
17 0.461594 0.473813
18 0.503133 0.517095
19 0.54271 0.559544
20 0.57786 0.60671
21 0.611576 0.6492
22 0.642677 0.684996
23 0.67161 0.716831
24 0.699 0.747147
25 0.723963 0.775337
26 0.747007 0.800959
27 0.768536 0.824256
28 0.788151 0.846361
29 0.806919 0.867349
30 0.824779 0.887764
31 0.840668 0.905906
32 0.854494 0.921576
33 0.866791 0.935506
34 0.877624 0.947786
35 0.887341 0.95859
36 0.895277 0.968015
37 0.903762 0.976205
38 0.912116 0.982594
39 0.920998 0.987556
40 0.930623 0.991606
41 0.939033 0.995309
42 0.948014 0.997892
43 0.957643 0.999168
44 0.966224 0.999831
45 0.972878 0.99997
46 0.979838 1
47 0.986471 1
