1 0.0163051 0.011491
2 0.0312919 0.0223039
3 0.0478139 0.0339981
4 0.06524 0.0475284
5 0.0836029 0.0629584
6 0.10312 0.0830553
7 0.126561 0.106108
8 0.153577 0.128712
9 0.194997 0.155345
10 0.255112 0.188629
11 0.323402 0.229525
12 0.390473 0.27935
13 0.456489 0.345432
14 0.527364 0.414315
15 0.603702 0.495411
16 0.67501 0.565612
17 0.73813 0.632309
18 0.790927 0.696954
19 0.83407 0.750293
20 0.868695 0.800532
21 0.898912 0.847625
22 0.923774 0.88556
23 0.943192 0.92039
24 0.95783 0.949688
25 0.970184 0.972011
26 0.977597 0.98426
27 0.98286 0.992999
28 0.987577 0.997297
29 0.991348 0.999147
30 0.994451 0.999761
31 0.996588 0.999995
32 0.99811 1
33 0.999145 1
34 0.999852 1
