1 0.01202 0.0137422
2 0.0232883 0.0270187
3 0.0352866 0.04128
4 0.0487534 0.0567573
5 0.0644835 0.0769991
6 0.0866874 0.103147
7 0.112061 0.130332
8 0.139859 0.159723
9 0.174519 0.193813
10 0.220641 0.247801
11 0.275073 0.307975
12 0.33987 0.372384
13 0.410673 0.435584
14 0.483935 0.49349
15 0.552977 0.555207
16 0.618432 0.605746
17 0.679156 0.654827
18 0.733586 0.699033
19 0.783039 0.737476
20 0.834451 0.77131
21 0.875598 0.806418
22 0.905443 0.83707
23 0.926731 0.874112
24 0.943077 0.908526
25 0.955955 0.936953
26 0.965944 0.958396
27 0.97305 0.96949
28 0.978818 0.974567
29 0.984429 0.978773
30 0.988935 0.983911
31 0.99295 0.988231
32 0.995944 0.993593
33 0.998015 0.99856
34 0.999094 1
35 0.9996 1
36 0.999851 1
37 0.999957 1
