1 0.0134424 0.0163923
2 0.02606 0.032476
3 0.0389913 0.0489163
4 0.0536587 0.0726063
5 0.0710168 0.103361
6 0.0924175 0.136022
7 0.118107 0.168573
8 0.146709 0.204918
9 0.180306 0.26238
10 0.224259 0.32893
11 0.277631 0.399438
12 0.343302 0.474527
13 0.41308 0.541001
14 0.485982 0.611934
15 0.556531 0.674746
16 0.629386 0.738457
17 0.687012 0.806036
18 0.739692 0.853512
19 0.784935 0.894033
20 0.831812 0.925288
21 0.872774 0.951495
22 0.905387 0.972743
23 0.928556 0.98607
24 0.946187 0.992915
25 0.958459 0.996351
26 0.968478 0.998402
27 0.975178 0.99963
28 0.980268 1
29 0.985327 1
