1 0.01341 0.0162611
2 0.0254989 0.0316722
3 0.0388851 0.0492167
4 0.0543543 0.0701611
5 0.0726324 0.0992833
6 0.0971474 0.134089
7 0.125666 0.180178
8 0.161039 0.242144
9 0.202749 0.320494
10 0.253688 0.407283
11 0.298667 0.483867
12 0.340036 0.555872
13 0.381718 0.633122
14 0.422972 0.708161
15 0.462638 0.766217
16 0.501206 0.8148
17 0.539456 0.859617
18 0.580869 0.899744
19 0.619837 0.934633
20 0.660706 0.956289
21 0.709681 0.967867
22 0.74757 0.977067
23 0.779302 0.984172
24 0.809228 0.989633
25 0.83808 0.993889
26 0.863146 0.997161
27 0.884662 0.999283
28 0.905134 0.999989
29 0.922063 1
30 0.937012 1
31 0.950347 1
32 0.964071 1
33 0.975735 1
34 0.986463 1
