1 0.00458145 0.00664586
2 0.00902381 0.0129512
3 0.0138121 0.0198416
4 0.0193753 0.0271979
5 0.0262533 0.035666
6 0.0359211 0.0453203
7 0.0471182 0.0570754
8 0.0602495 0.0716383
9 0.0765686 0.088242
10 0.0972061 0.109688
11 0.124298 0.139581
12 0.151806 0.173328
13 0.181789 0.210401
14 0.212328 0.250009
15 0.244106 0.290549
16 0.276104 0.331426
17 0.308139 0.374385
18 0.341992 0.416191
19 0.377009 0.457514
20 0.409595 0.495856
21 0.440576 0.533949
22 0.470262 0.572058
23 0.499351 0.611923
24 0.528342 0.650154
25 0.556618 0.687208
26 0.585996 0.722078
27 0.614198 0.755308
28 0.641893 0.783929
29 0.66866 0.809511
30 0.693211 0.832134
31 0.71737 0.852156
32 0.740905 0.871996
33 0.763531 0.888946
34 0.784522 0.904703
35 0.804993 0.920209
36 0.824188 0.933864
37 0.842354 0.945563
38 0.859675 0.955733
39 0.875668 0.96629
40 0.890798 0.972934
41 0.905072 0.978096
42 0.917119 0.98225
43 0.927071 0.986385
44 0.935639 0.989515
45 0.943336 0.992282
46 0.949735 0.994658
47 0.955069 0.996565
48 0.958936 0.998105
49 0.962205 0.998997
50 0.965055 0.999507
51 0.96763 0.999807
52 0.970243 0.999977
53 0.972691 1
54 0.974997 1
55 0.97735 1
56 0.979549 1
