1 0.034516 0.0375645
2 0.0694862 0.0722318
3 0.105625 0.108239
4 0.141244 0.147144
5 0.17881 0.182761
6 0.215251 0.223431
7 0.250341 0.268429
8 0.287864 0.313843
9 0.347777 0.36737
10 0.420573 0.442825
11 0.520638 0.537039
12 0.617036 0.66344
13 0.708253 0.770113
14 0.78556 0.845206
15 0.838648 0.899421
16 0.873521 0.924862
17 0.897718 0.94565
18 0.917772 0.96421
19 0.932526 0.975754
20 0.944976 0.985604
21 0.955782 0.99158
22 0.964662 0.999203
23 0.972472 1
24 0.978897 1
25 0.9841 1
26 0.988978 1
27 0.993186 1
28 0.996452 1
