1 0.00601608 0.00520088
2 0.011715 0.0100844
3 0.0179532 0.0152459
4 0.024336 0.0209851
5 0.0314664 0.0273576
6 0.0394232 0.0356859
7 0.0491355 0.0451002
8 0.06122 0.0561107
9 0.0764866 0.0711898
10 0.0979174 0.0905069
11 0.12504 0.118982
12 0.153745 0.154532
13 0.186218 0.191725
14 0.222978 0.227166
15 0.258846 0.264909
16 0.294807 0.302925
17 0.328854 0.343137
18 0.365784 0.386651
19 0.40533 0.431686
20 0.450301 0.477249
21 0.496202 0.520181
22 0.540229 0.564746
23 0.586207 0.612948
24 0.631909 0.659158
25 0.676331 0.703253
26 0.723071 0.743914
27 0.766371 0.781561
28 0.80306 0.816856
29 0.83801 0.848668
30 0.86726 0.878119
31 0.89272 0.903698
32 0.913768 0.927564
33 0.931004 0.947116
34 0.945864 0.962646
35 0.962674 0.974252
36 0.979141 0.981936
37 0.988362 0.987037
38 0.993406 0.991876
39 0.997218 0.995602
40 0.999409 0.99835
41 0.999943 0.999188
42 1 0.999647
43 1 0.999858
44 1 0.999972
45 1 1
46 1 1
