1 0.0024036 0.00255369
2 0.00478611 0.00497971
3 0.00724375 0.00749629
4 0.00993539 0.0101199
5 0.01283 0.0130369
6 0.0160236 0.0163307
7 0.0197629 0.020446
8 0.0242134 0.0255815
9 0.0300812 0.0322047
10 0.0383184 0.040741
11 0.0489702 0.0511151
12 0.061819 0.0640909
13 0.0764399 0.0789535
14 0.0920153 0.0957692
15 0.10814 0.114914
16 0.125793 0.134577
17 0.144927 0.155764
18 0.165197 0.178518
19 0.186469 0.203152
20 0.2099 0.227897
21 0.234611 0.253127
22 0.260022 0.278423
23 0.285696 0.30381
24 0.311969 0.330709
25 0.338786 0.35789
26 0.366836 0.385186
27 0.394864 0.414201
28 0.422656 0.444612
29 0.450576 0.474551
30 0.478426 0.504549
31 0.507035 0.535057
32 0.5358 0.565366
33 0.564683 0.59605
34 0.593202 0.626488
35 0.6211 0.656469
36 0.648081 0.685965
37 0.674126 0.713852
38 0.698561 0.740972
39 0.721823 0.766403
40 0.744556 0.790325
41 0.767136 0.813111
42 0.789701 0.833577
43 0.810686 0.852683
44 0.830334 0.870243
45 0.848003 0.886688
46 0.863889 0.90175
47 0.878837 0.915668
48 0.893281 0.928169
49 0.906223 0.938385
50 0.918199 0.947508
51 0.928865 0.955536
52 0.938346 0.963006
53 0.947009 0.96973
54 0.955128 0.975453
55 0.962127 0.979609
56 0.968345 0.98349
57 0.973403 0.986898
58 0.978281 0.990067
59 0.983369 0.992911
60 0.986847 0.995196
61 0.989328 0.99692
62 0.991497 0.997983
63 0.993589 0.99877
64 0.995701 0.999624
65 0.997281 0.99993
66 0.998045 0.999997
67 0.998696 1
68 0.999247 1
69 0.999665 1
70 0.999884 1
71 1 1
