1 0.00931701 0.0142902
2 0.0184724 0.0274515
3 0.0285898 0.0414197
4 0.0408711 0.0555298
5 0.0568009 0.0738954
6 0.0800404 0.0975035
7 0.108658 0.12249
8 0.143452 0.150789
9 0.184431 0.184941
10 0.229125 0.239436
11 0.278831 0.300807
12 0.334056 0.365748
13 0.394448 0.431904
14 0.446391 0.503992
15 0.496798 0.56787
16 0.550963 0.622926
17 0.599876 0.676208
18 0.645095 0.724941
19 0.690875 0.766378
20 0.730564 0.802472
21 0.764179 0.834647
22 0.793776 0.862434
23 0.820571 0.887206
24 0.84407 0.909027
25 0.866113 0.927787
26 0.885752 0.942974
27 0.903234 0.955848
28 0.918993 0.967372
29 0.933304 0.976191
30 0.945459 0.982233
31 0.955771 0.986482
32 0.965838 0.990007
33 0.97441 0.992545
34 0.982182 0.99472
35 0.988883 0.99687
36 0.992895 0.998109
37 0.996071 0.999055
38 0.998149 1
39 0.999399 1
