1 0.017784 0.0180811
2 0.034648 0.0360059
3 0.051432 0.054751
4 0.071544 0.0743408
5 0.10704 0.0943457
6 0.148 0.121411
7 0.191896 0.149404
8 0.248008 0.187759
9 0.31728 0.2296
10 0.4054 0.27771
11 0.490808 0.337266
12 0.577304 0.401201
13 0.661144 0.461514
14 0.732544 0.517832
15 0.802952 0.575464
16 0.862128 0.624404
17 0.909376 0.671948
18 0.948952 0.715972
19 0.974752 0.755361
20 0.985696 0.793882
21 0.993848 0.833682
22 0.997264 0.864634
23 0.999112 0.891675
24 0.999688 0.911333
25 0.999872 0.928164
26 1 0.941733
27 1 0.953135
