1 0.00989583 0.00815631
2 0.0191667 0.0157229
3 0.0289041 0.0235343
4 0.0405686 0.0336762
5 0.0542535 0.0478441
6 0.0731771 0.0688073
7 0.0964214 0.0936292
8 0.12227 0.120604
9 0.154967 0.154772
10 0.190699 0.198333
11 0.239191 0.250587
12 0.294403 0.29918
13 0.351257 0.348893
14 0.405614 0.396062
15 0.463752 0.44163
16 0.516 0.482802
17 0.564566 0.522361
18 0.608817 0.56132
19 0.650095 0.598372
20 0.689781 0.633117
21 0.726886 0.667097
22 0.761736 0.7001
23 0.793672 0.733293
24 0.822813 0.765006
25 0.848257 0.792515
26 0.872786 0.817849
27 0.895087 0.841133
28 0.914542 0.863457
29 0.93202 0.88412
30 0.94781 0.90462
31 0.961328 0.922714
32 0.972695 0.938278
33 0.981634 0.951513
34 0.987409 0.963428
35 0.992166 0.972746
36 0.995605 0.980163
37 0.997771 0.986093
38 0.998854 0.99116
39 0.999295 0.994486
40 0.999544 0.996151
41 0.999755 0.997394
42 0.9999 0.998337
43 0.99998 0.999212
44 1 0.999767
