1 0.0156352 0.0169714
2 0.0301332 0.0334122
3 0.044954 0.0500612
4 0.060867 0.0699918
5 0.0806117 0.0944041
6 0.104466 0.118563
7 0.126223 0.142029
8 0.151368 0.170735
9 0.178803 0.215678
10 0.227105 0.262086
11 0.273834 0.317457
12 0.313946 0.369122
13 0.35419 0.418914
14 0.390332 0.475049
15 0.427409 0.528167
16 0.463081 0.576751
17 0.498848 0.623224
18 0.534303 0.672147
19 0.572644 0.726976
20 0.605134 0.769437
21 0.640353 0.802127
22 0.674592 0.826331
23 0.703682 0.845792
24 0.731087 0.862641
25 0.755065 0.87869
26 0.776476 0.893069
27 0.796877 0.908302
28 0.815714 0.922784
29 0.83478 0.936878
30 0.851064 0.94909
31 0.870208 0.960384
32 0.888215 0.966404
33 0.903959 0.971404
34 0.917996 0.975592
35 0.92718 0.979531
36 0.935504 0.983049
37 0.943381 0.985633
38 0.949698 0.988486
39 0.955174 0.990792
40 0.960901 0.99282
41 0.964992 0.994804
42 0.969214 0.996408
43 0.972903 0.997551
44 0.976971 0.998702
45 0.981681 0.99949
46 0.988062 0.999943
47 0.994363 1
48 0.99833 1
