1 0.0160143 0.0162161
2 0.0303472 0.0321849
3 0.0447063 0.0499006
4 0.060349 0.0727385
5 0.0796847 0.0997958
6 0.103779 0.136071
7 0.125637 0.174673
8 0.150407 0.215012
9 0.180447 0.263037
10 0.229293 0.321784
11 0.271957 0.397904
12 0.309638 0.478758
13 0.34808 0.555947
14 0.384537 0.627933
15 0.422552 0.684203
16 0.460323 0.7362
17 0.497609 0.77857
18 0.536558 0.817124
19 0.574933 0.850024
20 0.607881 0.879925
21 0.643599 0.912803
22 0.678604 0.939274
23 0.707191 0.956168
24 0.736007 0.964907
25 0.761482 0.971927
26 0.784796 0.977313
27 0.807123 0.983123
28 0.826977 0.99047
29 0.845889 0.994206
30 0.861862 0.997812
31 0.876525 1
32 0.89264 1
