1 0.00431222 0.004329
2 0.00848518 0.00837386
3 0.012959 0.0125377
4 0.0176118 0.0170983
5 0.0227671 0.0220362
6 0.0283392 0.0275435
7 0.0351086 0.033781
8 0.0454435 0.0416011
9 0.0592311 0.0513278
10 0.0770974 0.0648833
11 0.0983049 0.0823926
12 0.121721 0.103354
13 0.145454 0.127844
14 0.168365 0.155977
15 0.192255 0.184407
16 0.217996 0.211544
17 0.246411 0.23901
18 0.27675 0.265776
19 0.307833 0.29358
20 0.338679 0.323311
21 0.371241 0.354596
22 0.405861 0.388904
23 0.440631 0.424278
24 0.477035 0.458215
25 0.515595 0.494035
26 0.556207 0.52975
27 0.594712 0.567967
28 0.631057 0.604312
29 0.665167 0.640543
30 0.698857 0.673768
31 0.731909 0.706861
32 0.763936 0.737489
33 0.795309 0.766988
34 0.822567 0.795411
35 0.847628 0.823663
36 0.869458 0.847046
37 0.889096 0.868224
38 0.905278 0.888375
39 0.919473 0.908489
40 0.932766 0.924373
41 0.944489 0.937551
42 0.955218 0.949334
43 0.965867 0.958086
44 0.975762 0.96542
45 0.981553 0.972249
46 0.98613 0.97814
47 0.989894 0.984042
48 0.992714 0.988713
49 0.994956 0.992048
50 0.996663 0.994876
51 0.998053 0.996947
52 0.999151 0.998459
53 0.999861 0.999049
54 0.999997 0.999367
55 1 0.999658
56 1 0.999925
57 1 1
58 1 1
59 1 1
60 1 1
