1 0.00447721 0.00437732
2 0.00878734 0.0085011
3 0.0132962 0.0128823
4 0.0179569 0.0179141
5 0.0231685 0.0235817
6 0.0288893 0.0300834
7 0.0356299 0.0375556
8 0.0457306 0.0476815
9 0.0594742 0.0605161
10 0.0773678 0.0766887
11 0.0979235 0.0976865
12 0.120602 0.120858
13 0.143524 0.14707
14 0.166648 0.174958
15 0.191647 0.204382
16 0.218409 0.234601
17 0.246808 0.265249
18 0.277459 0.296768
19 0.308038 0.331326
20 0.339438 0.368306
21 0.372803 0.407133
22 0.40798 0.446141
23 0.443578 0.486082
24 0.479894 0.525417
25 0.518982 0.565772
26 0.559199 0.606359
27 0.598618 0.644953
28 0.635393 0.681393
29 0.669732 0.717101
30 0.703317 0.75047
31 0.735851 0.780541
32 0.768265 0.809219
33 0.799471 0.835101
34 0.826533 0.85978
35 0.851535 0.884373
36 0.873325 0.905804
37 0.893242 0.923214
38 0.910152 0.938512
39 0.924135 0.951077
40 0.936895 0.960172
41 0.948094 0.9673
42 0.958458 0.973292
43 0.968101 0.97853
44 0.977962 0.98332
45 0.983314 0.988291
46 0.987426 0.991796
47 0.990895 0.994293
48 0.993475 0.996049
49 0.99551 0.997499
50 0.997069 0.998338
51 0.998374 0.998957
52 0.999285 0.999405
53 0.999813 0.999718
54 0.999992 0.999899
55 1 0.999979
56 1 0.999998
57 1 1
