1 0.011003 0.0109309
2 0.0211958 0.0210454
3 0.0319396 0.0314869
4 0.046334 0.0421866
5 0.063216 0.0555935
6 0.0821161 0.0699
7 0.101563 0.0897813
8 0.126454 0.115121
9 0.164355 0.148821
10 0.212233 0.194636
11 0.263457 0.250437
12 0.318731 0.314633
13 0.3825 0.374109
14 0.447371 0.43055
15 0.506318 0.489675
16 0.564326 0.549392
17 0.624914 0.608438
18 0.679143 0.669394
19 0.729654 0.728623
20 0.77759 0.782024
21 0.822473 0.832586
22 0.859049 0.875973
23 0.889921 0.918519
24 0.915476 0.945952
25 0.93377 0.96338
26 0.949079 0.973859
27 0.961524 0.982474
28 0.97137 0.988665
29 0.979 0.993026
30 0.984612 0.995981
31 0.989044 0.99784
32 0.992258 0.999098
33 0.994841 0.999683
34 0.996855 0.999896
35 0.998208 0.999998
36 0.999108 1
