1 0.0105601 0.0101678
2 0.0208775 0.020534
3 0.0315131 0.0326347
4 0.0456504 0.0465406
5 0.062112 0.0666706
6 0.0807142 0.089896
7 0.101388 0.114563
8 0.128534 0.14112
9 0.164271 0.169109
10 0.212389 0.205281
11 0.266393 0.245938
12 0.322257 0.295021
13 0.384132 0.34651
14 0.448236 0.399537
15 0.509897 0.45905
16 0.571244 0.527774
17 0.632187 0.595208
18 0.687752 0.657595
19 0.738472 0.71763
20 0.785646 0.771928
21 0.829789 0.818573
22 0.866034 0.857675
23 0.894505 0.88775
24 0.918857 0.909646
25 0.937745 0.928188
26 0.952117 0.943466
27 0.964177 0.955366
28 0.973521 0.964927
29 0.980457 0.971524
30 0.985746 0.977186
31 0.989609 0.982075
32 0.992733 0.986264
33 0.99526 0.990491
34 0.997013 0.99423
35 0.998202 0.996793
36 0.999159 0.998353
37 0.999706 0.99922
38 0.999947 0.999693
39 1 0.99987
40 1 1
