1 0.0107674 0.00986808
2 0.0206375 0.0189109
3 0.0304318 0.0279568
4 0.0405652 0.036949
5 0.0516788 0.046585
6 0.0634345 0.0568617
7 0.0769046 0.0672198
8 0.0928501 0.0777088
9 0.112618 0.0888455
10 0.139312 0.108354
11 0.179878 0.13258
12 0.230989 0.158283
13 0.283257 0.187933
14 0.326517 0.22322
15 0.367503 0.25156
16 0.40903 0.27849
17 0.457035 0.305199
18 0.501415 0.330122
19 0.542228 0.353871
20 0.578698 0.377284
21 0.612334 0.399832
22 0.643988 0.42155
23 0.673031 0.442995
24 0.699953 0.46359
25 0.725641 0.48388
26 0.750173 0.504391
27 0.773281 0.524321
28 0.794907 0.544276
29 0.815238 0.564133
30 0.834442 0.583985
31 0.852369 0.603691
32 0.869297 0.623033
33 0.884796 0.643205
34 0.899639 0.665932
35 0.912541 0.688405
36 0.924648 0.707916
37 0.9365 0.72688
38 0.947251 0.744539
39 0.956891 0.761286
40 0.965269 0.779374
41 0.972739 0.797481
42 0.979118 0.816085
43 0.984393 0.836954
44 0.988935 0.856694
45 0.992569 0.875264
46 0.994984 0.894278
47 0.997027 0.914863
48 0.998206 0.930814
49 0.998955 0.943757
50 0.999438 0.952665
51 0.999738 0.960324
52 0.999896 0.967403
53 0.999986 0.97413
54 1 0.980626
55 1 0.985577
56 1 0.989438
