1 0.00782543 0.00724131
2 0.0149515 0.0143501
3 0.0223716 0.0223974
4 0.0320294 0.0319432
5 0.0463079 0.0446226
6 0.0632444 0.0596954
7 0.0867584 0.0799495
8 0.112993 0.10598
9 0.143422 0.135702
10 0.180172 0.174836
11 0.230097 0.213801
12 0.284973 0.257738
13 0.338501 0.308107
14 0.391289 0.361537
15 0.447192 0.415983
16 0.495677 0.468106
17 0.541968 0.518262
18 0.586074 0.572679
19 0.631615 0.622473
20 0.675063 0.67271
21 0.713185 0.717466
22 0.745897 0.759697
23 0.774644 0.793791
24 0.800647 0.822686
25 0.824404 0.8473
26 0.846862 0.868868
27 0.867699 0.887811
28 0.886319 0.904089
29 0.903194 0.918555
30 0.918927 0.931141
31 0.932959 0.942464
32 0.944958 0.952317
33 0.956386 0.96065
34 0.966114 0.967939
35 0.973604 0.973925
36 0.97974 0.979037
37 0.985365 0.983089
38 0.989324 0.986383
39 0.992544 0.988897
40 0.994797 0.990853
41 0.996641 0.992445
42 0.998235 0.993783
43 0.998948 0.994933
44 0.999453 0.996008
45 0.999617 0.996921
46 0.999755 0.997713
47 0.999864 0.998361
48 0.999985 0.998903
49 1 0.999322
50 1 0.999627
