1 0.00779981 0.00873248
2 0.015121 0.0174277
3 0.0234885 0.0262014
4 0.0330492 0.0367905
5 0.0444109 0.0508127
6 0.0576662 0.0737771
7 0.0731016 0.101341
8 0.0924972 0.1364
9 0.119979 0.178684
10 0.148703 0.224605
11 0.180777 0.27683
12 0.218817 0.332585
13 0.25535 0.384845
14 0.293804 0.433952
15 0.339044 0.484186
16 0.383841 0.534399
17 0.426511 0.585554
18 0.472443 0.635142
19 0.514908 0.678994
20 0.551094 0.720024
21 0.583516 0.757283
22 0.613257 0.79055
23 0.64233 0.819837
24 0.670549 0.844788
25 0.697766 0.86824
26 0.720755 0.889791
27 0.741431 0.909066
28 0.7595 0.925603
29 0.775834 0.940367
30 0.790663 0.953446
31 0.805248 0.964376
32 0.819965 0.973365
33 0.834602 0.981178
34 0.847786 0.987805
35 0.859462 0.993073
36 0.869611 0.996616
37 0.879279 0.998445
38 0.889269 0.999551
39 0.898851 0.999927
40 0.907365 1
41 0.915862 1
