1 0.00766705 0.00742666
2 0.0149638 0.0143224
3 0.0230291 0.0222816
4 0.0319609 0.0314955
5 0.0428998 0.0440992
6 0.0551804 0.0620089
7 0.0692078 0.0848756
8 0.0874644 0.112245
9 0.113828 0.141333
10 0.14402 0.185383
11 0.175055 0.23431
12 0.209716 0.285733
13 0.243932 0.336347
14 0.278957 0.391958
15 0.319282 0.45271
16 0.360568 0.509174
17 0.402007 0.562443
18 0.447302 0.612333
19 0.48871 0.658524
20 0.524379 0.700292
21 0.556912 0.740993
22 0.586909 0.78003
23 0.615869 0.819137
24 0.645141 0.855654
25 0.671402 0.887195
26 0.69437 0.915078
27 0.715374 0.941851
28 0.735046 0.96158
29 0.754193 0.973836
30 0.771617 0.983447
31 0.787753 0.990437
32 0.802115 0.994611
33 0.81647 0.996621
34 0.829887 0.998039
35 0.842407 0.999064
36 0.854279 0.999609
37 0.865122 1
38 0.875289 1
39 0.885564 1
