1 0.0174069 0.0149509
2 0.0339701 0.0297159
3 0.0510884 0.0444241
4 0.0675493 0.0593156
5 0.0855405 0.0740367
6 0.105544 0.0922288
7 0.127484 0.111976
8 0.156994 0.131513
9 0.209595 0.15266
10 0.271289 0.178135
11 0.34599 0.220302
12 0.410168 0.269197
13 0.467896 0.320932
14 0.518557 0.380276
15 0.570814 0.444432
16 0.624876 0.498768
17 0.677308 0.554721
18 0.726483 0.611565
19 0.77443 0.65734
20 0.817604 0.698975
21 0.851954 0.73804
22 0.88294 0.77992
23 0.911348 0.83017
24 0.935544 0.873171
25 0.956505 0.903205
26 0.967728 0.922157
27 0.977023 0.935633
28 0.985044 0.947012
29 0.991443 0.956622
30 0.994317 0.965832
31 0.995559 0.972425
32 0.996622 0.978283
33 0.997352 0.982647
34 0.998031 0.985824
35 0.998598 0.988866
36 0.99927 0.991454
37 0.999781 0.993631
38 1 0.995728
39 1 0.997598
