1 0.00743896 0.014342
2 0.0149199 0.027752
3 0.0236396 0.041302
4 0.037309 0.056966
5 0.0512697 0.075512
6 0.0654869 0.097564
7 0.0815827 0.123308
8 0.101692 0.155844
9 0.128062 0.197576
10 0.159752 0.242394
11 0.20238 0.293246
12 0.248536 0.354686
13 0.294949 0.423024
14 0.343859 0.494614
15 0.398027 0.561386
16 0.454243 0.624144
17 0.511298 0.685258
18 0.577449 0.737186
19 0.639309 0.78399
20 0.697236 0.829382
21 0.757689 0.868258
22 0.817345 0.905374
23 0.862513 0.9414
24 0.899836 0.975946
25 0.928414 0.995566
26 0.95168 0.99803
27 0.968282 0.999036
28 0.979652 0.99965
29 0.986976 0.999912
30 0.991764 1
31 0.994997 1
