1 0.00761727 0.0068042
2 0.01497 0.0137174
3 0.0237947 0.022026
4 0.0361273 0.0333381
5 0.0491323 0.0464862
6 0.0629823 0.0642349
7 0.0783229 0.0864096
8 0.0994977 0.115002
9 0.126271 0.144229
10 0.157828 0.174794
11 0.200192 0.209256
12 0.245193 0.250127
13 0.293006 0.298929
14 0.343534 0.350418
15 0.397109 0.40416
16 0.450295 0.460101
17 0.506572 0.521684
18 0.572613 0.587429
19 0.633282 0.65
20 0.6879 0.708674
21 0.748349 0.761204
22 0.805733 0.806872
23 0.852253 0.845606
24 0.891527 0.879802
25 0.924159 0.908654
26 0.948363 0.931013
27 0.966582 0.949063
28 0.978152 0.96192
29 0.985842 0.972325
30 0.99095 0.97953
31 0.994365 0.985013
32 0.996567 0.989018
33 0.997938 0.992148
34 0.998661 0.994487
35 0.999125 0.996215
36 0.999411 0.997448
37 0.999638 0.998302
38 0.999787 0.998841
39 0.999917 0.999214
40 0.999993 0.999466
41 1 0.999676
