1 0.00825749 0.0103432
2 0.0155682 0.0200813
3 0.0240667 0.029879
4 0.0335208 0.0398234
5 0.0445803 0.0493553
6 0.0605677 0.0591658
7 0.0802061 0.0717159
8 0.104792 0.0889992
9 0.139134 0.109241
10 0.177413 0.134568
11 0.222877 0.169802
12 0.27705 0.21155
13 0.326219 0.260401
14 0.373378 0.306351
15 0.422187 0.351935
16 0.471388 0.399821
17 0.526107 0.444871
18 0.574347 0.485744
19 0.619224 0.528804
20 0.660737 0.569035
21 0.697844 0.605886
22 0.732805 0.641007
23 0.765028 0.676463
24 0.794997 0.708076
25 0.821113 0.73695
26 0.843204 0.766226
27 0.863197 0.79616
28 0.881382 0.823779
29 0.89807 0.848314
30 0.913537 0.871234
31 0.927552 0.890658
32 0.940026 0.90742
33 0.951002 0.92211
34 0.962391 0.936402
35 0.970551 0.949409
36 0.977219 0.961664
37 0.982173 0.972162
38 0.985901 0.979893
39 0.98867 0.987492
40 0.990969 0.991208
41 0.992565 0.993533
42 0.994024 0.996213
43 0.995409 0.999746
44 0.996506 1
45 0.997678 1
46 0.998639 1
47 0.999294 1
48 0.999734 1
49 0.999918 1
