1 0.00827639 0.0104077
2 0.0158764 0.0201344
3 0.0236444 0.0307814
4 0.0326236 0.0433178
5 0.0450611 0.0569997
6 0.0598583 0.0725312
7 0.0779306 0.0902618
8 0.0986042 0.111878
9 0.127476 0.140873
10 0.163089 0.183869
11 0.202575 0.231492
12 0.248183 0.284279
13 0.296001 0.34175
14 0.347796 0.407474
15 0.397076 0.472987
16 0.448992 0.528159
17 0.499122 0.584893
18 0.548553 0.634775
19 0.596649 0.679397
20 0.646847 0.722243
21 0.692751 0.761416
22 0.732158 0.796727
23 0.763425 0.832991
24 0.791044 0.863508
25 0.816224 0.892901
26 0.839131 0.918376
27 0.860335 0.943537
28 0.880797 0.963517
29 0.899225 0.978854
30 0.915185 0.988733
31 0.929474 0.997111
32 0.941597 0.999334
33 0.952185 0.999937
34 0.960589 1
35 0.966435 1
36 0.9717 1
37 0.977108 1
38 0.981639 1
