1 0.0130851 0.0133673
2 0.0254505 0.0253656
3 0.0375003 0.0379308
4 0.0514574 0.0543707
5 0.0731654 0.0775482
6 0.0998754 0.100045
7 0.124853 0.123597
8 0.152388 0.152664
9 0.190179 0.188778
10 0.237678 0.237123
11 0.296044 0.291531
12 0.352728 0.355938
13 0.407593 0.43303
14 0.46919 0.51496
15 0.547391 0.582415
16 0.616039 0.636134
17 0.686862 0.68339
18 0.746015 0.727996
19 0.798558 0.767319
20 0.843028 0.805536
21 0.874209 0.841301
22 0.900747 0.872645
23 0.924111 0.897423
24 0.941558 0.919314
25 0.955358 0.936145
26 0.967704 0.951312
27 0.977085 0.965187
28 0.985943 0.974257
29 0.994652 0.981576
30 0.999045 0.987937
31 0.999939 0.992582
32 1 0.995213
33 1 0.997931
34 1 0.998951
