1 0.00979989 0.00985026
2 0.0189562 0.0189692
3 0.0290454 0.0293815
4 0.0424175 0.0417166
5 0.0601704 0.0565842
6 0.0889346 0.0750868
7 0.120522 0.102053
8 0.155062 0.135441
9 0.20795 0.177259
10 0.2608 0.224505
11 0.315722 0.272027
12 0.368653 0.329275
13 0.419224 0.388537
14 0.471247 0.447209
15 0.524635 0.511332
16 0.577937 0.575059
17 0.631079 0.637819
18 0.680108 0.696335
19 0.723486 0.744089
20 0.765657 0.786884
21 0.800671 0.823945
22 0.834575 0.859826
23 0.864878 0.890267
24 0.889154 0.914607
25 0.909419 0.933809
26 0.92732 0.948991
27 0.94225 0.960736
28 0.954697 0.970885
29 0.965368 0.979164
30 0.975024 0.985857
31 0.981909 0.990345
32 0.987501 0.993112
33 0.991658 0.995156
34 0.994665 0.996771
35 0.996547 0.998043
36 0.997839 0.998965
37 0.99901 0.999572
38 0.999765 0.999902
39 0.999984 0.999993
40 1 1
