1 0.00918062 0.00855035
2 0.0184563 0.0165495
3 0.0292146 0.0256966
4 0.0415052 0.0368403
5 0.0579674 0.0509115
6 0.0820733 0.0669488
7 0.109373 0.0878581
8 0.137608 0.11722
9 0.171349 0.154748
10 0.212992 0.201315
11 0.264903 0.252973
12 0.318588 0.308611
13 0.376397 0.36536
14 0.430892 0.421339
15 0.487531 0.475362
16 0.543651 0.527656
17 0.600552 0.584073
18 0.653857 0.631749
19 0.701981 0.674859
20 0.746213 0.714683
21 0.783001 0.752704
22 0.816406 0.785558
23 0.845783 0.815254
24 0.872162 0.841068
25 0.896082 0.864531
26 0.916392 0.885803
27 0.933364 0.904462
28 0.947601 0.921326
29 0.958963 0.936836
30 0.968293 0.95053
31 0.976263 0.962253
32 0.982784 0.972626
33 0.987524 0.981289
34 0.991238 0.987962
35 0.994002 0.99237
36 0.996197 0.995783
37 0.997963 0.99788
38 0.999097 0.9988
39 0.999676 0.999438
40 0.999909 0.999894
41 0.999989 0.99997
42 1 1
