1 0.0104979 0.00992341
2 0.020075 0.0190392
3 0.0309189 0.0283324
4 0.0425529 0.0384063
5 0.0561207 0.0493537
6 0.0743579 0.0614203
7 0.095073 0.0765762
8 0.118881 0.0972481
9 0.145923 0.122951
10 0.178985 0.152163
11 0.221834 0.186987
12 0.260652 0.228828
13 0.300886 0.273105
14 0.347657 0.320032
15 0.401609 0.375235
16 0.456103 0.43174
17 0.512168 0.490817
18 0.568201 0.543812
19 0.625775 0.591076
20 0.682209 0.638506
21 0.734277 0.6858
22 0.774996 0.726989
23 0.811411 0.766195
24 0.844295 0.805305
25 0.873445 0.842302
26 0.900913 0.874738
27 0.924927 0.901196
28 0.945607 0.923693
29 0.96366 0.943077
30 0.978272 0.959512
31 0.988789 0.97041
32 0.995434 0.977822
33 0.998418 0.983487
34 0.999387 0.988056
35 0.999752 0.991717
36 0.99996 0.994626
37 1 0.996786
38 1 0.998439
39 1 0.999457
40 1 0.999907
