1 0.0111207 0.0106532
2 0.0213168 0.020247
3 0.0322338 0.0306212
4 0.0430507 0.0413875
5 0.0558727 0.0547102
6 0.0723991 0.0723518
7 0.0923145 0.0914016
8 0.115058 0.112163
9 0.142643 0.134282
10 0.176547 0.161898
11 0.219121 0.196801
12 0.258149 0.242421
13 0.300079 0.288006
14 0.346298 0.33313
15 0.398631 0.379591
16 0.450494 0.432144
17 0.503247 0.488636
18 0.558416 0.54848
19 0.617686 0.599876
20 0.673297 0.643842
21 0.725321 0.68466
22 0.768731 0.722982
23 0.807505 0.759764
24 0.842589 0.793862
25 0.872374 0.825192
26 0.899529 0.854333
27 0.923093 0.880422
28 0.944402 0.901738
29 0.962643 0.92076
30 0.977093 0.938247
31 0.987134 0.952653
32 0.993491 0.965582
33 0.996957 0.975766
34 0.99847 0.98414
35 0.999394 0.989307
36 0.99994 0.993709
37 1 0.99691
38 1 0.998963
39 1 0.999962
40 1 1
