1 0.0073829 0.00773259
2 0.0144203 0.0150486
3 0.022029 0.0227594
4 0.0303665 0.0315979
5 0.0419187 0.0413668
6 0.0560723 0.0536699
7 0.0719807 0.0684348
8 0.0918946 0.087316
9 0.116942 0.110294
10 0.148689 0.137395
11 0.185344 0.168904
12 0.228309 0.204954
13 0.27439 0.243281
14 0.319882 0.283624
15 0.366901 0.327901
16 0.413028 0.369329
17 0.457163 0.40937
18 0.501984 0.445988
19 0.549461 0.479192
20 0.599643 0.513367
21 0.647342 0.54385
22 0.692516 0.570754
23 0.734706 0.601005
24 0.774442 0.630643
25 0.811759 0.659251
26 0.844552 0.684533
27 0.875033 0.708082
28 0.902071 0.730074
29 0.925128 0.751819
30 0.942299 0.77165
31 0.955351 0.790354
32 0.965216 0.807387
33 0.973277 0.823132
34 0.980158 0.839908
35 0.985302 0.858138
36 0.989292 0.875271
37 0.991802 0.889965
38 0.993669 0.902509
39 0.995161 0.914011
40 0.996423 0.925312
41 0.997407 0.936571
42 0.998143 0.948141
43 0.998695 0.957844
44 0.999139 0.966352
45 0.999471 0.975031
46 0.99976 0.983272
47 0.999915 0.988999
48 0.999987 0.993071
49 1 0.996186
50 1 0.998178
