1 0.00779983 0.00923907
2 0.0153067 0.0175858
3 0.0234699 0.0264594
4 0.0322348 0.0365856
5 0.0438805 0.0502016
6 0.05797 0.0664074
7 0.0732304 0.0870747
8 0.0931884 0.110437
9 0.118279 0.140444
10 0.150141 0.177441
11 0.191007 0.222708
12 0.236989 0.269843
13 0.285452 0.32286
14 0.334361 0.3765
15 0.381174 0.433961
16 0.425966 0.490113
17 0.471964 0.543204
18 0.51887 0.597224
19 0.568006 0.647431
20 0.617703 0.694428
21 0.666641 0.743383
22 0.713305 0.79048
23 0.756254 0.832863
24 0.794334 0.866264
25 0.829577 0.892154
26 0.860486 0.914383
27 0.888605 0.932016
28 0.913391 0.946392
29 0.934392 0.959386
30 0.94993 0.970107
31 0.961227 0.978403
32 0.970418 0.983896
33 0.977364 0.987849
34 0.982795 0.990637
35 0.987362 0.992609
36 0.990663 0.994238
37 0.99282 0.99549
38 0.994475 0.996687
39 0.995728 0.997678
40 0.996724 0.998585
41 0.997624 0.999354
42 0.998371 0.999796
43 0.998899 0.999948
44 0.999306 0.999996
45 0.999602 1
46 0.999786 1
