1 0.00904634 0.00978567
2 0.0175034 0.0184774
3 0.0269248 0.027584
4 0.0379352 0.0393759
5 0.0550686 0.0531447
6 0.0740313 0.0699983
7 0.0942505 0.0887466
8 0.120591 0.109424
9 0.151663 0.133872
10 0.189124 0.162821
11 0.232726 0.196692
12 0.284664 0.233194
13 0.345452 0.27303
14 0.408978 0.315348
15 0.475505 0.359189
16 0.5412 0.402255
17 0.598078 0.44427
18 0.646797 0.484156
19 0.69008 0.521943
20 0.728295 0.556996
21 0.762618 0.590821
22 0.793728 0.625775
23 0.823742 0.663743
24 0.854591 0.701574
25 0.886297 0.733621
26 0.913278 0.761963
27 0.936926 0.787466
28 0.964565 0.812104
29 0.978505 0.840134
30 0.986633 0.866289
31 0.99223 0.889297
32 0.995728 0.90725
33 0.99824 0.921914
34 0.999661 0.931756
35 0.999966 0.940609
36 1 0.948493
37 1 0.954986
