1 0.011236 0.0203636
2 0.0217042 0.0385917
3 0.0325448 0.0588364
4 0.0439265 0.0801455
5 0.0563695 0.101309
6 0.0694601 0.125521
7 0.0873072 0.154579
8 0.110663 0.191802
9 0.141177 0.23364
10 0.177854 0.29444
11 0.210128 0.361316
12 0.243903 0.444536
13 0.278428 0.541256
14 0.311692 0.621871
15 0.350607 0.684998
16 0.395736 0.747676
17 0.435729 0.801501
18 0.467388 0.845626
19 0.495981 0.881587
20 0.522685 0.91916
21 0.548487 0.952569
22 0.574122 0.975491
23 0.597625 0.985554
24 0.617949 0.991841
25 0.636182 0.996152
26 0.651766 0.998526
27 0.666639 1
28 0.680814 1
29 0.693366 1
30 0.705219 1
31 0.715852 1
