1 0.00793682 0.00864443
2 0.0151479 0.0166289
3 0.0232256 0.0247804
4 0.0330637 0.0334148
5 0.0454438 0.0447955
6 0.0607961 0.0580313
7 0.0781104 0.0738222
8 0.0988948 0.0917559
9 0.124352 0.118058
10 0.153579 0.148434
11 0.192172 0.181339
12 0.233494 0.22045
13 0.281498 0.26282
14 0.331077 0.312265
15 0.382801 0.364098
16 0.435452 0.414055
17 0.485321 0.463212
18 0.536284 0.509384
19 0.583208 0.552931
20 0.631406 0.596843
21 0.675457 0.647848
22 0.718913 0.698326
23 0.764475 0.744621
24 0.810465 0.786511
25 0.851681 0.824784
26 0.88657 0.86365
27 0.920924 0.893655
28 0.945177 0.919334
29 0.961916 0.939009
30 0.973412 0.954544
31 0.981773 0.966949
32 0.988135 0.977465
33 0.99282 0.984324
34 0.995895 0.989023
35 0.997863 0.992257
36 0.999056 0.994475
37 0.999688 0.995794
38 0.999877 0.996793
39 0.999963 0.997514
40 1 0.998206
41 1 0.998751
