1 0.00595845 0.00608519
2 0.0117972 0.0117574
3 0.0183288 0.0178728
4 0.0256138 0.0248
5 0.0336506 0.0323389
6 0.0427369 0.0422278
7 0.0524953 0.0552185
8 0.0650963 0.0699457
9 0.0822564 0.0877352
10 0.101914 0.108882
11 0.126933 0.133973
12 0.158894 0.163308
13 0.196731 0.197223
14 0.234875 0.233512
15 0.272727 0.270622
16 0.313734 0.307667
17 0.35498 0.343219
18 0.393646 0.374497
19 0.431025 0.404114
20 0.465281 0.432614
21 0.498339 0.460957
22 0.529955 0.488439
23 0.560868 0.515575
24 0.591715 0.544848
25 0.620992 0.571829
26 0.649633 0.59679
27 0.676741 0.620745
28 0.702437 0.646419
29 0.726311 0.669577
30 0.746949 0.692691
31 0.766684 0.715304
32 0.784789 0.735399
33 0.803756 0.75446
34 0.823228 0.774625
35 0.840684 0.796377
36 0.856465 0.819318
37 0.871788 0.839602
38 0.885792 0.858469
39 0.898807 0.87681
40 0.910148 0.8935
41 0.920463 0.907453
42 0.930123 0.920881
43 0.938778 0.934299
44 0.947088 0.946717
45 0.955153 0.957285
46 0.962413 0.965736
47 0.96879 0.97254
48 0.974295 0.978445
49 0.979046 0.984146
50 0.983084 0.988519
51 0.986484 0.991909
52 0.989379 0.994167
53 0.992062 0.995806
54 0.994446 0.997219
55 0.99647 0.99827
56 0.997862 0.999076
57 0.998963 0.999554
58 0.99952 0.999757
59 0.999838 0.999898
60 0.99999 0.99997
61 1 1
62 1 1
