1 0.00474697 0.00313999
2 0.00913317 0.00608944
3 0.0137581 0.00938963
4 0.0186787 0.0137004
5 0.0239434 0.0197274
6 0.0298373 0.0271739
7 0.0363484 0.0347317
8 0.0454181 0.0439848
9 0.0602221 0.0554632
10 0.0781993 0.0719814
11 0.0990033 0.0926184
12 0.121458 0.113817
13 0.146025 0.135742
14 0.171637 0.158696
15 0.197495 0.181427
16 0.2256 0.203363
17 0.257786 0.223862
18 0.291995 0.243701
19 0.325685 0.262608
20 0.358741 0.28116
21 0.390684 0.299926
22 0.421863 0.318373
23 0.455064 0.335943
24 0.489823 0.353615
25 0.521864 0.371044
26 0.554831 0.387788
27 0.587633 0.404236
28 0.618961 0.420665
29 0.654935 0.436641
30 0.688118 0.452387
31 0.720872 0.467927
32 0.751798 0.483164
33 0.780662 0.497956
34 0.806495 0.512523
35 0.830067 0.526652
36 0.850707 0.54077
37 0.869698 0.554722
38 0.885745 0.568116
39 0.900202 0.581261
40 0.916224 0.593971
41 0.932551 0.606426
42 0.946635 0.618569
43 0.957558 0.630434
44 0.966914 0.642169
45 0.977672 0.653345
46 0.985243 0.664325
47 0.989763 0.675137
48 0.992976 0.685824
49 0.995208 0.696252
50 0.996798 0.706688
51 0.997762 0.716749
52 0.998589 0.726827
53 0.99938 0.736844
54 0.999959 0.74669
55 1 0.756351
56 1 0.765824
57 1 0.775192
58 1 0.784311
