1 0.00992964 0.0161092
2 0.0191808 0.0314264
3 0.0287608 0.0473395
4 0.039645 0.0625913
5 0.0503634 0.0780719
6 0.0616551 0.094677
7 0.0734814 0.111311
8 0.0860744 0.130308
9 0.0990989 0.151476
10 0.115069 0.17163
11 0.144097 0.196209
12 0.17849 0.226815
13 0.212176 0.262084
14 0.243856 0.297518
15 0.275519 0.333228
16 0.311497 0.368285
17 0.346264 0.408787
18 0.383636 0.464171
19 0.420102 0.505536
20 0.451738 0.542291
21 0.483498 0.575506
22 0.514043 0.60926
23 0.544279 0.640675
24 0.579285 0.667143
25 0.614129 0.690779
26 0.649538 0.709769
27 0.681481 0.726175
28 0.708125 0.753729
29 0.731342 0.782532
30 0.755398 0.79752
31 0.780772 0.810509
32 0.803787 0.826415
33 0.824647 0.848237
34 0.847594 0.863935
35 0.869876 0.878201
36 0.892683 0.890479
37 0.913049 0.903155
38 0.931347 0.915634
39 0.943482 0.928241
40 0.953688 0.941305
41 0.961446 0.9543
42 0.967969 0.967355
43 0.97405 0.979925
44 0.979461 0.993128
45 0.984005 0.995819
46 0.987644 0.998003
47 0.990601 0.999248
48 0.993011 0.999802
49 0.995017 0.999963
50 0.996765 1
51 0.998117 1
52 0.99919 1
