1 0.0102625 0.0119806
2 0.0200504 0.0235542
3 0.0300483 0.0350611
4 0.0406627 0.0470292
5 0.0515049 0.0592861
6 0.0624921 0.0720833
7 0.074079 0.0855361
8 0.0865049 0.102514
9 0.0993772 0.127722
10 0.115162 0.164039
11 0.146668 0.207714
12 0.184254 0.257164
13 0.221902 0.312001
14 0.256044 0.369532
15 0.28848 0.42291
16 0.322821 0.479457
17 0.359271 0.538871
18 0.398856 0.593264
19 0.435546 0.642593
20 0.468024 0.683264
21 0.498726 0.720532
22 0.527725 0.753574
23 0.558626 0.783704
24 0.593823 0.813929
25 0.630776 0.841524
26 0.664887 0.866157
27 0.695699 0.887072
28 0.721554 0.905318
29 0.744735 0.921981
30 0.76857 0.935612
31 0.793317 0.947771
32 0.816802 0.958953
33 0.837547 0.96819
34 0.86161 0.975215
35 0.884094 0.981237
36 0.904656 0.986135
37 0.924728 0.989996
38 0.942803 0.992761
39 0.953931 0.994562
40 0.962435 0.995792
41 0.969237 0.996879
42 0.974846 0.99775
43 0.980254 0.99849
44 0.984974 0.999151
45 0.988608 0.999608
46 0.991551 0.999857
47 0.993859 0.999986
48 0.995643 1
