1 0.00447277 0.00484432
2 0.0087591 0.00934983
3 0.0132597 0.0138704
4 0.0181325 0.01871
5 0.0235177 0.0239613
6 0.029795 0.0302944
7 0.0370333 0.0377342
8 0.0462202 0.0467336
9 0.0604136 0.0574963
10 0.0780342 0.070382
11 0.0989187 0.0873507
12 0.121437 0.108272
13 0.146066 0.132165
14 0.172708 0.158318
15 0.199241 0.186816
16 0.227284 0.216686
17 0.259579 0.248937
18 0.294009 0.282623
19 0.327592 0.317208
20 0.360432 0.352238
21 0.393683 0.38645
22 0.425575 0.420532
23 0.459738 0.455316
24 0.494507 0.491426
25 0.527013 0.527063
26 0.561264 0.561479
27 0.595201 0.593904
28 0.628526 0.626005
29 0.66597 0.658105
30 0.699114 0.687295
31 0.731268 0.713152
32 0.762186 0.73794
33 0.790724 0.763544
34 0.816639 0.784577
35 0.840063 0.803791
36 0.860794 0.82254
37 0.878905 0.839871
38 0.89485 0.856317
39 0.908998 0.871638
40 0.92394 0.886344
41 0.93799 0.90045
42 0.950104 0.913587
43 0.960233 0.926769
44 0.969453 0.938484
45 0.978987 0.949673
46 0.986093 0.961248
47 0.990119 0.971658
48 0.992743 0.978833
49 0.995054 0.984371
50 0.996725 0.988355
51 0.997927 0.991653
52 0.998797 0.995331
53 0.999439 0.997423
54 0.99992 0.998525
55 1 0.999201
56 1 0.999652
57 1 0.999848
58 1 0.999942
