1 0.0178108 0.0182224
2 0.034758 0.0358086
3 0.0512734 0.0534304
4 0.0682274 0.0703567
5 0.0857649 0.0899287
6 0.103501 0.11305
7 0.121386 0.139798
8 0.145164 0.166593
9 0.182952 0.194061
10 0.228457 0.222996
11 0.292093 0.267069
12 0.375716 0.313859
13 0.453459 0.36541
14 0.524402 0.410404
15 0.597561 0.453228
16 0.665785 0.497634
17 0.731091 0.540583
18 0.78873 0.577218
19 0.833992 0.618424
20 0.871999 0.659394
21 0.906807 0.702973
22 0.945377 0.741034
23 0.972123 0.778954
24 0.991951 0.816344
25 0.998361 0.84566
26 0.999771 0.869542
27 1 0.891795
28 1 0.910791
29 1 0.926736
30 1 0.940262
