1 0.00817522 0.0117061
2 0.0156987 0.0228146
3 0.0240285 0.0341672
4 0.0348804 0.0459591
5 0.0479804 0.0625183
6 0.0640715 0.0833011
7 0.0819565 0.104974
8 0.10353 0.129312
9 0.131275 0.162141
10 0.168852 0.201252
11 0.212162 0.249174
12 0.260671 0.296648
13 0.308503 0.346494
14 0.365232 0.404957
15 0.420962 0.464193
16 0.477025 0.521256
17 0.530066 0.577985
18 0.587202 0.629779
19 0.634514 0.680128
20 0.678241 0.732085
21 0.716811 0.779261
22 0.753942 0.825441
23 0.788862 0.86775
24 0.821647 0.911664
25 0.853225 0.943993
26 0.88109 0.966996
27 0.903335 0.980695
28 0.925132 0.988474
29 0.937447 0.993556
30 0.94807 0.997128
31 0.957051 0.998793
32 0.965067 0.999535
33 0.971973 0.99979
34 0.97745 0.999933
35 0.981877 0.999998
36 0.984762 1
37 0.98731 1
