1 0.00843456 0.00991709
2 0.0162026 0.0197529
3 0.0248656 0.0308227
4 0.0359124 0.0451961
5 0.049957 0.0603189
6 0.0666622 0.0788122
7 0.0852338 0.102891
8 0.108264 0.129522
9 0.137433 0.160537
10 0.175779 0.194357
11 0.220847 0.236883
12 0.266547 0.284353
13 0.315947 0.334415
14 0.373682 0.386754
15 0.431794 0.443482
16 0.486692 0.492811
17 0.539307 0.5382
18 0.594731 0.586821
19 0.643721 0.633485
20 0.68651 0.674885
21 0.725241 0.717908
22 0.762108 0.75571
23 0.79582 0.788143
24 0.82782 0.818884
25 0.859102 0.84482
26 0.886917 0.867361
27 0.90944 0.888761
28 0.928585 0.906247
29 0.940125 0.922879
30 0.950497 0.940839
31 0.958471 0.955491
32 0.965531 0.968123
33 0.971717 0.981035
34 0.976991 0.994008
35 0.982069 0.998347
36 0.985184 0.999982
37 0.987354 1
38 0.988996 1
39 0.990597 1
40 0.992053 1
41 0.993687 1
