1 0.00535147 0.00416502
2 0.0104162 0.00814559
3 0.0158157 0.0127865
4 0.0224048 0.0178987
5 0.0295186 0.0241479
6 0.0378666 0.0323786
7 0.0470673 0.0437684
8 0.0583254 0.0579169
9 0.0723723 0.0768723
10 0.0923821 0.0988429
11 0.120335 0.123754
12 0.153128 0.154066
13 0.187224 0.186649
14 0.222603 0.223193
15 0.260893 0.262621
16 0.300967 0.302147
17 0.341731 0.341864
18 0.3824 0.384063
19 0.423305 0.426209
20 0.465789 0.466896
21 0.513561 0.506685
22 0.559522 0.545014
23 0.602472 0.583651
24 0.644252 0.623948
25 0.685706 0.660857
26 0.725801 0.695818
27 0.764822 0.728793
28 0.798195 0.75751
29 0.82604 0.785072
30 0.85289 0.810624
31 0.875117 0.834664
32 0.894932 0.856694
33 0.911528 0.877791
34 0.926212 0.895539
35 0.93861 0.911638
36 0.949218 0.925358
37 0.95853 0.938231
38 0.966665 0.949407
39 0.973815 0.959935
40 0.979726 0.968222
41 0.984488 0.975155
42 0.988332 0.980993
43 0.991428 0.986481
44 0.994224 0.990819
45 0.996662 0.993772
46 0.998549 0.996105
47 0.999025 0.99762
48 0.999402 0.998669
49 0.999655 0.999309
50 0.999808 0.999627
51 0.999859 0.999793
52 0.999953 0.999909
53 1 0.999969
54 1 0.999993
