1 0.00528701 0.00512148
2 0.0102543 0.0100764
3 0.0155439 0.0151773
4 0.0221776 0.020753
5 0.0289968 0.0269782
6 0.0370671 0.0345757
7 0.046296 0.044441
8 0.0574075 0.0555435
9 0.0713034 0.0686647
10 0.0906257 0.0857268
11 0.118052 0.109763
12 0.150022 0.138214
13 0.181992 0.172275
14 0.215541 0.206625
15 0.251813 0.239761
16 0.290813 0.275216
17 0.330368 0.313074
18 0.369914 0.356028
19 0.409873 0.399683
20 0.450891 0.442062
21 0.497186 0.484622
22 0.542899 0.528208
23 0.585837 0.572912
24 0.628377 0.612659
25 0.671645 0.648908
26 0.711943 0.683023
27 0.751534 0.716102
28 0.784943 0.746226
29 0.813633 0.77546
30 0.840303 0.803426
31 0.862922 0.829887
32 0.883791 0.852947
33 0.901534 0.873966
34 0.918084 0.89238
35 0.931543 0.907262
36 0.943274 0.920472
37 0.953549 0.931006
38 0.962142 0.940602
39 0.970336 0.950096
40 0.976906 0.958111
41 0.982415 0.965303
42 0.98685 0.971426
43 0.990283 0.976751
44 0.993281 0.980439
45 0.995914 0.9834
46 0.998051 0.985972
47 0.998736 0.988064
48 0.999174 0.989975
49 0.999613 0.991637
50 0.999868 0.993149
51 0.999954 0.994548
52 0.999994 0.995675
53 1 0.996718
54 1 0.997493
