1 0.00734621 0.00706022
2 0.0142455 0.0138134
3 0.0212322 0.0207044
4 0.0289935 0.0297619
5 0.0383814 0.039386
6 0.049941 0.0507706
7 0.0624656 0.063884
8 0.0788796 0.0804526
9 0.101233 0.105847
10 0.13083 0.141822
11 0.163466 0.186118
12 0.20383 0.231179
13 0.246608 0.280835
14 0.288101 0.332951
15 0.337046 0.384725
16 0.386314 0.430737
17 0.434898 0.47652
18 0.48269 0.523131
19 0.528544 0.567964
20 0.577919 0.614874
21 0.630756 0.659182
22 0.683592 0.700633
23 0.7319 0.740901
24 0.775701 0.779849
25 0.815141 0.812428
26 0.851122 0.841389
27 0.885964 0.866216
28 0.914511 0.890308
29 0.936882 0.913342
30 0.954814 0.933724
31 0.967602 0.953038
32 0.976388 0.969748
33 0.982472 0.981297
34 0.987572 0.989409
35 0.991684 0.993771
36 0.994747 0.996627
37 0.996754 0.998712
38 0.998169 0.99976
39 0.99907 0.999903
40 0.99964 0.999954
41 0.999846 0.999984
42 0.999954 1
43 0.999993 1
