1 0.00704784 0.00660617
2 0.013635 0.012863
3 0.0202946 0.0198259
4 0.027913 0.0290241
5 0.0372991 0.0391543
6 0.0492906 0.0505352
7 0.0619494 0.0643617
8 0.0790618 0.0814512
9 0.102504 0.106825
10 0.132345 0.140247
11 0.163946 0.177803
12 0.201639 0.219901
13 0.243562 0.263641
14 0.28546 0.306538
15 0.333645 0.349832
16 0.381698 0.398698
17 0.430555 0.44593
18 0.477886 0.501868
19 0.523422 0.556331
20 0.572526 0.608398
21 0.623196 0.65842
22 0.676666 0.709986
23 0.726859 0.758351
24 0.770465 0.803767
25 0.809958 0.842126
26 0.846693 0.874281
27 0.881276 0.900364
28 0.909128 0.925385
29 0.931301 0.948183
30 0.949639 0.964785
31 0.962457 0.976508
32 0.971706 0.984923
33 0.97858 0.990782
34 0.984488 0.99443
35 0.989291 0.996301
36 0.992934 0.997439
37 0.995729 0.998192
38 0.997632 0.99874
39 0.998837 0.999239
40 0.999544 0.999671
41 0.999852 1
