1 0.00885875 0.0109513
2 0.017262 0.0217451
3 0.0259469 0.0328322
4 0.0367352 0.0454083
5 0.0486869 0.0598402
6 0.0623601 0.0762118
7 0.0769722 0.0960327
8 0.091958 0.124551
9 0.11117 0.167183
10 0.144189 0.207979
11 0.189598 0.249078
12 0.240466 0.297581
13 0.296736 0.349209
14 0.357598 0.394127
15 0.417576 0.435446
16 0.472643 0.479567
17 0.523388 0.525881
18 0.570313 0.570028
19 0.626375 0.611657
20 0.680979 0.649585
21 0.729084 0.694575
22 0.773109 0.737958
23 0.816184 0.771946
24 0.852102 0.801524
25 0.885896 0.825254
26 0.915658 0.844736
27 0.938715 0.863749
28 0.956407 0.885396
29 0.971229 0.898534
30 0.981053 0.908731
31 0.987684 0.918484
32 0.992387 0.928771
33 0.995427 0.936908
34 0.997372 0.943559
35 0.998588 0.950374
36 0.999415 0.957051
37 0.999806 0.9628
38 0.999987 0.968801
39 1 0.974713
