1 0.0116676 0.012523
2 0.0229695 0.0251745
3 0.035043 0.0384665
4 0.0474269 0.0530571
5 0.0627314 0.0698393
6 0.0812647 0.0872133
7 0.0996408 0.107787
8 0.120287 0.134628
9 0.152735 0.161385
10 0.196818 0.196428
11 0.25276 0.244769
12 0.311895 0.299973
13 0.37363 0.357748
14 0.434176 0.417848
15 0.503303 0.479377
16 0.566974 0.541939
17 0.626111 0.605449
18 0.677728 0.663063
19 0.722036 0.7144
20 0.76322 0.759098
21 0.80109 0.799169
22 0.835742 0.834336
23 0.867378 0.86568
24 0.898064 0.892667
25 0.924107 0.916558
26 0.944039 0.936769
27 0.959673 0.951867
28 0.973834 0.963778
29 0.985112 0.97298
30 0.992852 0.980095
31 0.996165 0.985398
32 0.997891 0.989828
33 0.998791 0.993316
34 0.999354 0.995929
35 0.999713 0.997968
36 0.999909 0.999229
37 0.999996 0.999929
38 1 1
