1 0.00696177 0.00611782
2 0.0136557 0.0121098
3 0.0209242 0.0186617
4 0.0300326 0.0270267
5 0.0402279 0.0384303
6 0.0533186 0.0524263
7 0.0711374 0.0687815
8 0.092051 0.0877718
9 0.116563 0.11006
10 0.144511 0.134611
11 0.179 0.166433
12 0.219942 0.199286
13 0.262493 0.236271
14 0.310989 0.275642
15 0.361117 0.321222
16 0.409429 0.367806
17 0.456296 0.417777
18 0.503442 0.466758
19 0.549889 0.520284
20 0.594218 0.577495
21 0.638965 0.637744
22 0.691228 0.688235
23 0.740834 0.73246
24 0.7855 0.770586
25 0.818444 0.804016
26 0.846306 0.832648
27 0.869633 0.85853
28 0.889128 0.881913
29 0.905877 0.902789
30 0.920587 0.920626
31 0.933049 0.936651
32 0.944152 0.950719
33 0.953745 0.960809
34 0.96206 0.968956
35 0.969176 0.975872
36 0.975349 0.981637
37 0.980825 0.986813
38 0.985537 0.991241
39 0.989249 0.995106
40 0.991933 0.997863
41 0.993945 0.999728
42 0.99556 1
43 0.996896 1
44 0.997941 1
45 0.998646 1
46 0.999172 1
47 0.999551 1
