1 0.00689141 0.0069865
2 0.0131716 0.0139428
3 0.0205503 0.0219592
4 0.0297459 0.0315901
5 0.0407162 0.0441942
6 0.0544528 0.0631126
7 0.0724869 0.0809394
8 0.0936095 0.100947
9 0.118793 0.133997
10 0.146386 0.175095
11 0.180454 0.220896
12 0.222453 0.272643
13 0.266171 0.328042
14 0.316094 0.379368
15 0.366812 0.428358
16 0.417503 0.47763
17 0.463053 0.524559
18 0.509354 0.571061
19 0.553144 0.618167
20 0.598848 0.661744
21 0.642415 0.702766
22 0.692661 0.74102
23 0.740452 0.775241
24 0.783814 0.805037
25 0.816327 0.831253
26 0.843928 0.854812
27 0.867715 0.876001
28 0.88744 0.895353
29 0.904397 0.913272
30 0.919392 0.928568
31 0.932494 0.94209
32 0.943913 0.953025
33 0.954129 0.961336
34 0.962752 0.968394
35 0.970261 0.974553
36 0.976526 0.980135
37 0.981836 0.984664
38 0.986204 0.987673
39 0.989768 0.989517
40 0.992382 0.991209
41 0.994295 0.992746
42 0.995849 0.993979
43 0.997097 0.995073
44 0.998156 0.99606
45 0.998914 0.997088
46 0.999417 0.998036
47 0.999736 0.998907
48 0.999895 0.999582
49 0.999963 0.999907
50 0.999993 1
51 1 1
