1 0.009598 0.00721918
2 0.018842 0.0142812
3 0.02967 0.0225179
4 0.043466 0.0322698
5 0.063548 0.0444559
6 0.088374 0.0590197
7 0.116534 0.0760812
8 0.148512 0.0962496
9 0.188892 0.118303
10 0.236998 0.149642
11 0.290766 0.188323
12 0.348608 0.228665
13 0.417336 0.271925
14 0.48403 0.318271
15 0.55093 0.365132
16 0.612726 0.412706
17 0.666178 0.459587
18 0.71477 0.504567
19 0.763744 0.550296
20 0.806178 0.595398
21 0.842114 0.636459
22 0.876502 0.67446
23 0.908226 0.709644
24 0.93315 0.741976
25 0.95309 0.772019
26 0.969722 0.800518
27 0.981676 0.82626
28 0.98841 0.850291
29 0.992978 0.873276
30 0.995852 0.893559
31 0.997446 0.912565
32 0.998498 0.929584
33 0.999222 0.943515
34 0.999668 0.955773
35 0.999926 0.965885
36 1 0.973163
37 1 0.979367
