1 0.00313373 0.00325821
2 0.00614201 0.00635651
3 0.00926636 0.00960238
4 0.0128056 0.0132321
5 0.0166471 0.0174519
6 0.0211039 0.0222004
7 0.0267951 0.0279123
8 0.0337009 0.0347888
9 0.0421083 0.0435608
10 0.0535887 0.055145
11 0.0697064 0.0709744
12 0.089093 0.0892545
13 0.110626 0.110141
14 0.134556 0.132642
15 0.158565 0.157381
16 0.184151 0.182728
17 0.212361 0.208355
18 0.2412 0.234841
19 0.271234 0.262173
20 0.302102 0.291692
21 0.335332 0.32301
22 0.371306 0.355628
23 0.408237 0.388591
24 0.44543 0.422956
25 0.481664 0.460443
26 0.516746 0.498326
27 0.549759 0.534498
28 0.581634 0.569533
29 0.613126 0.603971
30 0.64511 0.637194
31 0.67737 0.671871
32 0.709038 0.706353
33 0.739469 0.73887
34 0.76933 0.770843
35 0.796857 0.800888
36 0.822294 0.827715
37 0.845992 0.85395
38 0.868673 0.877453
39 0.888983 0.898166
40 0.907802 0.916365
41 0.925272 0.932273
42 0.940351 0.946339
43 0.953475 0.959746
44 0.963828 0.971037
45 0.971934 0.979281
46 0.97841 0.985702
47 0.983336 0.990169
48 0.987206 0.993463
49 0.990075 0.995644
50 0.99254 0.997226
51 0.994968 0.998403
52 0.996601 0.999157
53 0.99791 0.999578
54 0.998821 0.999839
55 0.999348 0.999949
56 0.999723 0.999981
57 0.999948 0.999995
58 0.999999 1
59 1 1
60 1 1
