1 0.00308114 0.00332253
2 0.00608046 0.00651629
3 0.00924054 0.00968479
4 0.0126403 0.0129572
5 0.0164475 0.0164096
6 0.0209406 0.0199585
7 0.0265104 0.0238273
8 0.0331917 0.0289093
9 0.0414796 0.0357769
10 0.052525 0.0450031
11 0.0685388 0.0571561
12 0.0881115 0.0724882
13 0.109684 0.0899477
14 0.133315 0.10829
15 0.157649 0.12664
16 0.183141 0.145112
17 0.211716 0.164337
18 0.240133 0.184288
19 0.269834 0.205281
20 0.300602 0.228738
21 0.333704 0.253867
22 0.369862 0.279855
23 0.406275 0.305866
24 0.443303 0.3319
25 0.479373 0.358558
26 0.514336 0.385437
27 0.547187 0.412225
28 0.579525 0.438614
29 0.611264 0.464438
30 0.643695 0.489777
31 0.676795 0.515582
32 0.708911 0.541051
33 0.73906 0.566581
34 0.76857 0.59088
35 0.79678 0.614677
36 0.822271 0.638304
37 0.846096 0.661216
38 0.868631 0.683847
39 0.888907 0.705977
40 0.907584 0.727699
41 0.924743 0.747531
42 0.939857 0.765928
43 0.953353 0.784177
44 0.964265 0.801277
45 0.972476 0.816708
46 0.978996 0.831678
47 0.983983 0.845518
48 0.987834 0.858395
49 0.990552 0.87069
50 0.992837 0.882104
51 0.995003 0.892897
52 0.996707 0.902955
53 0.998 0.912558
54 0.998848 0.921972
55 0.999335 0.930915
56 0.999704 0.939781
57 0.999941 0.947915
58 0.999999 0.955207
59 1 0.962065
60 1 0.967325
61 1 0.971719
