1 0.024506 0.023205
2 0.0483657 0.0444939
3 0.0725085 0.0652811
4 0.0968052 0.0864317
5 0.122425 0.107971
6 0.150385 0.129792
7 0.180677 0.152003
8 0.214484 0.181328
9 0.262752 0.221726
10 0.314472 0.272855
11 0.367455 0.33423
12 0.422296 0.409944
13 0.481613 0.47208
14 0.534392 0.52676
15 0.580739 0.572954
16 0.627658 0.609516
17 0.67414 0.654991
18 0.719101 0.704991
19 0.75819 0.739671
20 0.793573 0.770995
21 0.826827 0.799213
22 0.855642 0.825026
23 0.879508 0.849533
24 0.898763 0.870895
25 0.9163 0.890567
26 0.929837 0.908551
27 0.941545 0.924996
28 0.952693 0.94003
29 0.962247 0.952755
30 0.969695 0.962439
31 0.975359 0.971142
32 0.980609 0.978192
33 0.985312 0.983793
34 0.990428 0.988469
35 0.994774 0.991717
36 0.998264 0.994252
37 0.999975 0.996315
38 1 0.997798
39 1 0.998819
40 1 0.999429
