1 0.0247522 0.0156429
2 0.0493444 0.0302616
3 0.0738381 0.0453398
4 0.099169 0.0612208
5 0.123441 0.0774339
6 0.149529 0.0965758
7 0.179151 0.116579
8 0.215211 0.136789
9 0.266777 0.163244
10 0.317882 0.194688
11 0.368587 0.236908
12 0.420825 0.291391
13 0.473229 0.341124
14 0.52687 0.390096
15 0.57478 0.430356
16 0.625005 0.467474
17 0.670877 0.501918
18 0.711407 0.534024
19 0.74783 0.56392
20 0.785417 0.592548
21 0.82112 0.619651
22 0.851604 0.645307
23 0.876282 0.669049
24 0.896079 0.691122
25 0.913272 0.711931
26 0.928464 0.731767
27 0.940548 0.750281
28 0.950545 0.768598
29 0.95907 0.785326
30 0.965983 0.800664
31 0.971345 0.814998
32 0.975685 0.827867
33 0.981145 0.839994
34 0.986051 0.851424
35 0.991918 0.861802
36 0.997445 0.871441
37 0.999932 0.881055
38 1 0.890566
39 1 0.899585
40 1 0.907914
