1 0.00620402 0.00659445
2 0.0121354 0.0128187
3 0.0184463 0.0193062
4 0.0256313 0.0268067
5 0.0333048 0.0364624
6 0.042528 0.0479725
7 0.0548258 0.0626815
8 0.0682088 0.079586
9 0.0861405 0.104264
10 0.107645 0.132894
11 0.133247 0.165205
12 0.164843 0.202762
13 0.20037 0.244633
14 0.234065 0.290478
15 0.267013 0.342314
16 0.302993 0.39301
17 0.336513 0.443256
18 0.367333 0.490835
19 0.397793 0.538467
20 0.429649 0.586092
21 0.462332 0.633392
22 0.494226 0.679962
23 0.526114 0.727645
24 0.559 0.775515
25 0.593369 0.819204
26 0.624712 0.858611
27 0.653781 0.888948
28 0.683467 0.912966
29 0.712188 0.932121
30 0.740814 0.947287
31 0.766751 0.960132
32 0.790951 0.970033
33 0.811221 0.978139
34 0.829558 0.98435
35 0.848444 0.988306
36 0.867906 0.990762
37 0.887202 0.992762
38 0.90176 0.994301
39 0.91447 0.995784
40 0.925709 0.997073
41 0.935132 0.998111
42 0.943182 0.99887
43 0.949678 0.999433
44 0.955588 0.99995
45 0.961135 1
46 0.966321 1
47 0.970933 1
