1 0.00661844 0.00585589
2 0.013561 0.0116233
3 0.0212529 0.0184323
4 0.0307571 0.0269746
5 0.0414149 0.0395586
6 0.0539554 0.0530806
7 0.0690818 0.0687971
8 0.0866059 0.0872086
9 0.109023 0.110648
10 0.138253 0.139414
11 0.173342 0.171776
12 0.212998 0.209862
13 0.261285 0.255287
14 0.312751 0.308254
15 0.363987 0.361428
16 0.413081 0.413306
17 0.464816 0.468478
18 0.51909 0.52124
19 0.574008 0.574056
20 0.62853 0.62714
21 0.68462 0.679188
22 0.737797 0.726412
23 0.785021 0.772097
24 0.827556 0.811964
25 0.865126 0.849404
26 0.896268 0.882978
27 0.92171 0.908629
28 0.942566 0.92785
29 0.958357 0.943709
30 0.970851 0.957698
31 0.980287 0.969314
32 0.986848 0.978044
33 0.992114 0.984418
34 0.995666 0.989293
35 0.997727 0.992865
36 0.999061 0.995204
37 0.999715 0.996899
38 0.999932 0.998084
39 0.999995 0.998951
40 1 0.999502
41 1 0.999815
