1 0.00682388 0.0120305
2 0.0139236 0.0238006
3 0.0221952 0.0363358
4 0.0324556 0.0503292
5 0.042961 0.0639916
6 0.0554543 0.0820882
7 0.0696692 0.101812
8 0.0869213 0.124212
9 0.108993 0.152765
10 0.138839 0.187261
11 0.175534 0.231228
12 0.217477 0.279291
13 0.264727 0.335117
14 0.314134 0.405806
15 0.363605 0.472938
16 0.412079 0.525305
17 0.465889 0.577253
18 0.521834 0.631916
19 0.575593 0.692595
20 0.63003 0.75769
21 0.688294 0.809585
22 0.742555 0.863271
23 0.792248 0.916007
24 0.834705 0.95905
25 0.86947 0.976654
26 0.90048 0.986509
27 0.925682 0.993691
28 0.945838 0.998481
29 0.962129 0.999608
30 0.974087 0.999955
31 0.982696 1
32 0.989288 1
33 0.99358 1
34 0.996605 1
35 0.998229 1
36 0.999349 1
