1 0.00673322 0.00713684
2 0.013479 0.0143773
3 0.0209992 0.0228146
4 0.0302286 0.0325189
5 0.0406771 0.0431274
6 0.0533044 0.0561044
7 0.0673659 0.0718303
8 0.0854369 0.0930714
9 0.107661 0.119994
10 0.137646 0.151268
11 0.17174 0.187999
12 0.209509 0.230073
13 0.255954 0.276065
14 0.305161 0.326801
15 0.354048 0.380283
16 0.402551 0.432034
17 0.454314 0.487169
18 0.507871 0.542307
19 0.563092 0.600439
20 0.619712 0.656219
21 0.675549 0.710433
22 0.729644 0.76269
23 0.778229 0.805504
24 0.821367 0.839111
25 0.858709 0.866278
26 0.890219 0.888877
27 0.91628 0.908673
28 0.937926 0.926169
29 0.955372 0.938249
30 0.968655 0.951052
31 0.978437 0.963627
32 0.985892 0.973228
33 0.991099 0.980071
34 0.995079 0.985151
35 0.997404 0.989084
36 0.998807 0.991991
37 0.999581 0.994203
38 0.99985 0.996334
39 0.999989 0.99804
40 1 0.999126
41 1 0.999689
