1 0.0144076 0.0134431
2 0.0273328 0.0252492
3 0.0419926 0.0374486
4 0.0599858 0.0502301
5 0.0801842 0.0665356
6 0.100884 0.086243
7 0.128058 0.108752
8 0.163656 0.130233
9 0.205918 0.155851
10 0.256519 0.196653
11 0.318115 0.241174
12 0.394881 0.297781
13 0.47801 0.358418
14 0.556981 0.411157
15 0.619467 0.461241
16 0.676295 0.509005
17 0.723546 0.558659
18 0.767154 0.611312
19 0.800865 0.65947
20 0.830986 0.702015
21 0.859209 0.750136
22 0.882942 0.793842
23 0.905275 0.830047
24 0.924362 0.860088
25 0.9396 0.88553
26 0.952384 0.912007
27 0.96341 0.935665
28 0.971942 0.952952
29 0.978382 0.96663
30 0.98481 0.977683
31 0.98932 0.986246
32 0.993943 0.992074
33 0.99773 0.995824
34 0.999459 0.997976
35 0.999855 0.999134
36 1 0.999729
37 1 0.999951
