1 0.0142063 0.0114827
2 0.0274887 0.0224052
3 0.0417205 0.0342815
4 0.0580244 0.0464536
5 0.075873 0.0616805
6 0.0979592 0.0782445
7 0.122231 0.0976406
8 0.156981 0.116789
9 0.198557 0.141933
10 0.243433 0.175998
11 0.299844 0.217382
12 0.373296 0.265729
13 0.455026 0.315275
14 0.526908 0.370398
15 0.587574 0.425916
16 0.645527 0.475989
17 0.698713 0.523551
18 0.741006 0.568407
19 0.776125 0.610889
20 0.809198 0.652751
21 0.838699 0.692803
22 0.866037 0.726589
23 0.889898 0.756116
24 0.91148 0.782116
25 0.928469 0.805256
26 0.943101 0.827214
27 0.956049 0.846747
28 0.966601 0.863259
29 0.974813 0.877586
30 0.981851 0.890404
31 0.988058 0.902282
32 0.993359 0.914573
33 0.997625 0.925945
34 0.999657 0.936079
35 0.999935 0.945489
36 1 0.953709
37 1 0.961622
