1 0.00811247 0.00718591
2 0.0156372 0.0141996
3 0.0233868 0.0218415
4 0.0323501 0.031073
5 0.0450467 0.0470328
6 0.0610812 0.0681091
7 0.0821696 0.0899777
8 0.104229 0.114836
9 0.131436 0.143783
10 0.169273 0.183696
11 0.225244 0.230006
12 0.277912 0.281709
13 0.329957 0.339173
14 0.379904 0.398253
15 0.430097 0.458253
16 0.480882 0.515885
17 0.530006 0.573066
18 0.577364 0.627897
19 0.620738 0.677444
20 0.66127 0.726264
21 0.69945 0.776435
22 0.733629 0.81773
23 0.764863 0.852291
24 0.793451 0.881794
25 0.819911 0.90626
26 0.842315 0.926373
27 0.863683 0.94328
28 0.882707 0.956288
29 0.89996 0.966567
30 0.915556 0.974472
31 0.931283 0.980858
32 0.944546 0.986193
33 0.955706 0.990493
34 0.965489 0.993677
35 0.974567 0.996209
36 0.982442 0.997996
37 0.989342 0.999101
38 0.99356 0.999801
39 0.996105 0.999997
40 0.997676 1
