1 0.00826667 0.00926842
2 0.015893 0.0183838
3 0.0237732 0.0279245
4 0.0325551 0.0388715
5 0.0448218 0.0508829
6 0.0610902 0.0645265
7 0.0820535 0.085032
8 0.103634 0.108046
9 0.129789 0.134187
10 0.163632 0.174493
11 0.213622 0.224124
12 0.259167 0.278807
13 0.306313 0.333304
14 0.354538 0.390066
15 0.400996 0.449883
16 0.44798 0.517702
17 0.494166 0.57804
18 0.542191 0.630833
19 0.587764 0.678334
20 0.628553 0.72626
21 0.666766 0.770082
22 0.702723 0.811123
23 0.734792 0.850158
24 0.766393 0.886166
25 0.794614 0.913761
26 0.819483 0.938282
27 0.843039 0.955748
28 0.864346 0.968854
29 0.884024 0.978998
30 0.90259 0.98625
31 0.920677 0.990561
32 0.935784 0.993889
33 0.94923 0.996152
34 0.960176 0.997595
35 0.969371 0.998704
36 0.979409 0.999144
37 0.987659 0.999507
38 0.993101 0.999744
39 0.996169 0.999874
40 0.997928 0.999963
41 0.999129 0.999995
42 0.999761 1
