1 0.00696429 0.0118113
2 0.0136286 0.0230255
3 0.020952 0.0345445
4 0.0300286 0.048084
5 0.0432898 0.0634641
6 0.0582286 0.0820637
7 0.0753878 0.102519
8 0.0967888 0.124069
9 0.122387 0.147487
10 0.152909 0.180462
11 0.185974 0.221062
12 0.224088 0.269651
13 0.266268 0.324766
14 0.311906 0.388444
15 0.358105 0.454897
16 0.406581 0.525239
17 0.458312 0.587485
18 0.511372 0.643829
19 0.563189 0.691951
20 0.610005 0.733715
21 0.653999 0.771597
22 0.694431 0.803932
23 0.730211 0.829732
24 0.765634 0.857041
25 0.800057 0.881519
26 0.831907 0.906567
27 0.861331 0.937984
28 0.884399 0.964331
29 0.903898 0.975159
30 0.921409 0.982444
31 0.937866 0.987296
32 0.953533 0.991133
33 0.965191 0.99432
34 0.97334 0.996524
35 0.980645 0.998199
36 0.986844 0.999501
37 0.991312 0.999965
38 0.994548 1
39 0.996623 1
40 0.997864 1
41 0.99884 1
