1 0.0142128 0.0136351
2 0.0277275 0.0265508
3 0.0410921 0.0390703
4 0.0572152 0.0531443
5 0.0793245 0.0716171
6 0.104324 0.0971163
7 0.134048 0.12275
8 0.167225 0.150072
9 0.211222 0.181847
10 0.261505 0.222311
11 0.311297 0.275854
12 0.368606 0.340302
13 0.440649 0.413288
14 0.520116 0.490742
15 0.595418 0.564624
16 0.676592 0.634214
17 0.752014 0.702149
18 0.817136 0.760838
19 0.874468 0.808334
20 0.915763 0.851294
21 0.94572 0.887042
22 0.970032 0.915915
23 0.986114 0.941204
24 0.992944 0.960832
25 0.997433 0.973041
26 0.999606 0.98217
27 0.999914 0.988383
28 1 0.992867
29 1 0.995973
