1 0.0122311 0.012527
2 0.0239218 0.0246103
3 0.038304 0.038885
4 0.0563804 0.0598187
5 0.0812587 0.0864506
6 0.111403 0.117461
7 0.148644 0.148576
8 0.195644 0.183133
9 0.253945 0.22777
10 0.31558 0.278453
11 0.381152 0.339194
12 0.453159 0.407515
13 0.532572 0.490424
14 0.604772 0.573341
15 0.669173 0.645621
16 0.725995 0.709309
17 0.787755 0.759444
18 0.837227 0.800123
19 0.884981 0.836512
20 0.918162 0.872195
21 0.943861 0.905617
22 0.963083 0.933719
23 0.976324 0.950262
24 0.985813 0.96189
25 0.993244 0.972743
26 0.996178 0.981242
27 0.998005 0.986458
28 0.999342 0.989958
29 0.999993 0.993036
30 1 0.99566
31 1 0.997836
