1 0.0251578 0.0176468
2 0.0480864 0.0342578
3 0.0708642 0.0511503
4 0.0932167 0.0681666
5 0.116749 0.0871758
6 0.140364 0.106665
7 0.163971 0.126515
8 0.190562 0.150024
9 0.219129 0.179486
10 0.261955 0.226012
11 0.343587 0.270554
12 0.401221 0.312062
13 0.451001 0.350895
14 0.495693 0.387296
15 0.53858 0.422999
16 0.578573 0.458296
17 0.616955 0.492205
18 0.653066 0.528234
19 0.686111 0.569604
20 0.716413 0.612648
21 0.743999 0.649165
22 0.769835 0.684759
23 0.793957 0.717448
24 0.817462 0.746819
25 0.838834 0.774783
26 0.858409 0.801287
27 0.876337 0.825798
28 0.89262 0.848703
29 0.907586 0.869908
30 0.92013 0.891481
31 0.931392 0.909934
32 0.941317 0.925802
33 0.949746 0.938912
34 0.956763 0.950261
35 0.963244 0.958431
36 0.969396 0.965217
37 0.975062 0.971593
38 0.980199 0.977095
39 0.984678 0.981933
40 0.988615 0.986677
41 0.991934 0.99079
42 0.994616 0.994213
43 0.99677 0.996787
44 0.998155 0.998626
45 0.999163 0.999658
46 0.999719 0.999992
47 1 1
48 1 1
