1 0.0118911 0.00977045
2 0.0228898 0.0190268
3 0.0343631 0.0282301
4 0.0458775 0.0374238
5 0.0574076 0.0467226
6 0.0699213 0.0564873
7 0.0830326 0.066603
8 0.100748 0.0766975
9 0.124611 0.0890856
10 0.161421 0.110846
11 0.203502 0.14319
12 0.246534 0.175015
13 0.289403 0.210466
14 0.334222 0.25686
15 0.389196 0.303601
16 0.443495 0.343652
17 0.488434 0.38293
18 0.531024 0.422923
19 0.569656 0.460957
20 0.605238 0.493682
21 0.639205 0.524241
22 0.67114 0.551553
23 0.700178 0.579125
24 0.727634 0.605097
25 0.753686 0.630645
26 0.779561 0.655032
27 0.803372 0.678292
28 0.827113 0.70018
29 0.850812 0.72083
30 0.871658 0.740433
31 0.889575 0.759127
32 0.90617 0.77686
33 0.923325 0.793669
34 0.940208 0.809665
35 0.956078 0.825305
36 0.969644 0.83992
37 0.981073 0.854261
38 0.989167 0.867459
39 0.994157 0.880303
40 0.996838 0.891947
41 0.998513 0.903491
42 0.999495 0.914126
43 0.999836 0.923832
44 0.999987 0.932064
45 1 0.940291
46 1 0.94791
