1 0.00362668 0.00357268
2 0.00707086 0.00693527
3 0.0107413 0.0104193
4 0.0145893 0.0141045
5 0.0186731 0.0182478
6 0.0229482 0.0229319
7 0.0277429 0.0285546
8 0.0340811 0.0352418
9 0.0428076 0.0447614
10 0.0539243 0.0580392
11 0.0698771 0.075817
12 0.0890511 0.0991883
13 0.111347 0.12343
14 0.136031 0.148961
15 0.160016 0.174648
16 0.184559 0.203073
17 0.209223 0.23258
18 0.233799 0.263756
19 0.261458 0.296557
20 0.291611 0.331813
21 0.324367 0.368774
22 0.358488 0.404934
23 0.39374 0.438674
24 0.429566 0.472399
25 0.463345 0.507325
26 0.496388 0.54375
27 0.528782 0.582562
28 0.560827 0.619123
29 0.593795 0.652412
30 0.629303 0.683889
31 0.665721 0.713635
32 0.702056 0.743037
33 0.737162 0.772303
34 0.769631 0.798638
35 0.79919 0.823125
36 0.825909 0.844314
37 0.849681 0.863742
38 0.871747 0.882165
39 0.891942 0.899561
40 0.911035 0.914656
41 0.927916 0.927701
42 0.941216 0.939183
43 0.953854 0.949235
44 0.964533 0.957167
45 0.973204 0.964176
46 0.979756 0.97039
47 0.984565 0.975966
48 0.988024 0.980739
49 0.991384 0.985614
50 0.993735 0.989887
51 0.995931 0.992874
52 0.997719 0.994983
53 0.99856 0.996523
54 0.999184 0.997813
55 0.99949 0.998698
56 0.999749 0.999082
57 0.999904 0.999365
58 0.99998 0.999606
59 1 0.999795
60 1 0.999924
61 1 0.999994
62 1 1
