1 0.00366475 0.00378583
2 0.0071422 0.00737619
3 0.0108039 0.0110268
4 0.0146746 0.0150796
5 0.0186048 0.0196517
6 0.0229795 0.0247216
7 0.0278212 0.0310912
8 0.0343236 0.0387485
9 0.0434427 0.0485844
10 0.0546718 0.0619157
11 0.0698886 0.0789187
12 0.08865 0.101364
13 0.110971 0.124047
14 0.135914 0.147559
15 0.160029 0.172028
16 0.184393 0.196204
17 0.208593 0.223829
18 0.233013 0.254924
19 0.260402 0.287034
20 0.290445 0.322768
21 0.322175 0.359981
22 0.356816 0.397688
23 0.391908 0.434104
24 0.427984 0.469317
25 0.461603 0.506013
26 0.494522 0.543682
27 0.5263 0.582115
28 0.558175 0.624085
29 0.591512 0.663801
30 0.627382 0.702107
31 0.663765 0.736913
32 0.702263 0.768696
33 0.738116 0.798463
34 0.771059 0.825345
35 0.800879 0.850646
36 0.827271 0.8739
37 0.851065 0.895801
38 0.872549 0.915218
39 0.8923 0.933521
40 0.911721 0.949592
41 0.928687 0.960932
42 0.942488 0.969713
43 0.955131 0.976606
44 0.965805 0.98245
45 0.974313 0.987358
46 0.980416 0.991197
47 0.985366 0.994314
48 0.988768 0.996511
49 0.991756 0.997792
50 0.994147 0.998432
51 0.995906 0.998835
52 0.997463 0.999132
53 0.998516 0.999384
54 0.99918 0.999638
55 0.999571 0.999846
56 0.999754 0.999934
57 0.99991 1
58 0.999978 1
59 1 1
60 1 1
61 1 1
