1 0.0107084 0.00865204
2 0.0213564 0.0168622
3 0.0325507 0.0257102
4 0.0441652 0.0359816
5 0.0592239 0.0465469
6 0.077476 0.0587969
7 0.101093 0.0743306
8 0.126878 0.0944653
9 0.154005 0.120106
10 0.18573 0.156643
11 0.229583 0.198223
12 0.281355 0.240272
13 0.344888 0.296745
14 0.405173 0.358008
15 0.46783 0.416853
16 0.529603 0.473462
17 0.590742 0.526454
18 0.649778 0.576265
19 0.702501 0.624768
20 0.753722 0.672861
21 0.803644 0.718756
22 0.84073 0.760287
23 0.871301 0.799878
24 0.89631 0.840261
25 0.916782 0.867934
26 0.934343 0.890627
27 0.947811 0.910435
28 0.959503 0.928876
29 0.971006 0.944158
30 0.980578 0.957606
31 0.986862 0.968995
32 0.99134 0.979252
33 0.994845 0.987868
34 0.997777 0.992715
35 0.999676 0.996217
36 1 0.9985
37 1 0.999161
38 1 0.999545
39 1 0.999809
40 1 0.99996
41 1 1
