1 0.010979 0.0123656
2 0.0216803 0.0242488
3 0.0329797 0.0366714
4 0.0445212 0.049523
5 0.0596707 0.0630634
6 0.0785333 0.077346
7 0.10193 0.0919794
8 0.127964 0.108964
9 0.156125 0.13403
10 0.18885 0.168677
11 0.232832 0.2173
12 0.28835 0.27094
13 0.351483 0.327275
14 0.411221 0.374361
15 0.47325 0.418555
16 0.5356 0.458284
17 0.599607 0.49743
18 0.658161 0.536762
19 0.712503 0.591755
20 0.760808 0.642809
21 0.808581 0.682884
22 0.844233 0.718085
23 0.872775 0.749505
24 0.897211 0.778008
25 0.9171 0.804653
26 0.934462 0.826661
27 0.948348 0.847376
28 0.960288 0.866075
29 0.971454 0.885616
30 0.98091 0.903199
31 0.987681 0.918503
32 0.99223 0.932693
33 0.995473 0.945829
34 0.998167 0.958152
35 0.999753 0.968291
36 1 0.977063
37 1 0.984436
38 1 0.990358
39 1 0.994662
40 1 0.996954
41 1 0.998656
