1 0.00394546 0.00442209
2 0.00770152 0.00862128
3 0.0117556 0.0129736
4 0.0159187 0.0176032
5 0.0207007 0.0226604
6 0.0264469 0.0280167
7 0.0336048 0.0344029
8 0.0422653 0.0430245
9 0.0549927 0.0546009
10 0.0721599 0.068846
11 0.0924724 0.0865048
12 0.11335 0.109195
13 0.135583 0.13685
14 0.16076 0.164851
15 0.187302 0.194022
16 0.214961 0.2227
17 0.245818 0.252639
18 0.277717 0.283344
19 0.310755 0.314307
20 0.345973 0.3479
21 0.384357 0.384145
22 0.42355 0.419776
23 0.461206 0.453157
24 0.501292 0.486208
25 0.543621 0.520489
26 0.585912 0.552709
27 0.625997 0.585734
28 0.665066 0.61694
29 0.70293 0.647781
30 0.740682 0.679588
31 0.777577 0.710485
32 0.810619 0.740559
33 0.840438 0.771474
34 0.868369 0.800001
35 0.895435 0.824399
36 0.918315 0.845049
37 0.937722 0.863069
38 0.95468 0.880233
39 0.968184 0.896202
40 0.978986 0.910908
41 0.986337 0.925151
42 0.99135 0.938061
43 0.994537 0.949131
44 0.997348 0.959445
45 0.998992 0.967964
46 0.999642 0.975403
47 0.999896 0.982592
48 0.99997 0.987652
49 0.999998 0.991777
50 1 0.994998
51 1 0.996859
52 1 0.998049
53 1 0.998954
54 1 0.999605
55 1 0.999915
