1 0.0102719 0.00871402
2 0.0197987 0.0167839
3 0.029381 0.0248628
4 0.0393227 0.0329985
5 0.0495257 0.04209
6 0.060251 0.052549
7 0.0717926 0.0642899
8 0.0854769 0.0778037
9 0.1069 0.101757
10 0.135657 0.134471
11 0.161435 0.173562
12 0.18522 0.221102
13 0.208815 0.267521
14 0.230256 0.310195
15 0.25114 0.354298
16 0.271117 0.401284
17 0.290002 0.443772
18 0.309098 0.492182
19 0.330531 0.544056
20 0.361859 0.587737
21 0.395575 0.627526
22 0.428126 0.666329
23 0.459795 0.700775
24 0.490299 0.733151
25 0.520277 0.761857
26 0.558011 0.789461
27 0.595912 0.815041
28 0.638123 0.837606
29 0.682182 0.858463
30 0.720349 0.877587
31 0.757843 0.895236
32 0.793305 0.91501
33 0.829049 0.930804
34 0.858375 0.943814
35 0.884313 0.955855
36 0.907869 0.966127
37 0.928345 0.975503
38 0.949926 0.982697
39 0.965701 0.987821
40 0.977619 0.992102
41 0.985443 0.995165
42 0.990693 0.997049
43 0.994209 0.998349
44 0.996609 0.999237
45 0.99801 0.999766
46 0.999047 0.999963
47 0.999659 1
