1 0.00454691 0.00488918
2 0.00887539 0.00959135
3 0.0135505 0.0145178
4 0.0186571 0.020146
5 0.0243746 0.0261391
6 0.0311496 0.0332889
7 0.0389243 0.0423776
8 0.0504349 0.0542813
9 0.0655486 0.0699089
10 0.0878888 0.0884674
11 0.11432 0.114654
12 0.142999 0.142773
13 0.173951 0.172479
14 0.204746 0.204303
15 0.235447 0.236427
16 0.269023 0.268445
17 0.303551 0.302247
18 0.340461 0.342488
19 0.379732 0.386644
20 0.416547 0.429173
21 0.455559 0.469787
22 0.498403 0.510068
23 0.541871 0.548205
24 0.581655 0.587537
25 0.624161 0.626321
26 0.664888 0.670049
27 0.702209 0.713179
28 0.738317 0.750974
29 0.774048 0.786509
30 0.806122 0.818249
31 0.835172 0.843552
32 0.86117 0.866152
33 0.884669 0.887399
34 0.907399 0.906821
35 0.926955 0.924016
36 0.943319 0.939167
37 0.956565 0.952121
38 0.967142 0.962264
39 0.975837 0.970965
40 0.98343 0.97773
41 0.989981 0.983107
42 0.994308 0.988302
43 0.997165 0.993557
44 0.99867 0.997158
45 0.999384 0.998757
46 0.999691 0.999762
47 0.999868 1
48 0.999944 1
49 0.999988 1
50 0.999999 1
51 1 1
52 1 1
53 1 1
