1 0.00812596 0.0101134
2 0.0162909 0.0203076
3 0.0257999 0.031955
4 0.0369028 0.0453114
5 0.0524 0.0619512
6 0.070892 0.0855094
7 0.0936466 0.11113
8 0.12129 0.14297
9 0.153466 0.185383
10 0.189434 0.233579
11 0.231582 0.293566
12 0.277265 0.35986
13 0.324915 0.428206
14 0.377688 0.494123
15 0.437711 0.554525
16 0.50033 0.623641
17 0.557276 0.691788
18 0.610079 0.749554
19 0.658325 0.800621
20 0.703669 0.842693
21 0.746832 0.878585
22 0.787085 0.906438
23 0.823514 0.928891
24 0.856351 0.945006
25 0.884928 0.956532
26 0.910585 0.966584
27 0.931084 0.975108
28 0.947798 0.981813
29 0.963591 0.987459
30 0.975075 0.992038
31 0.983815 0.995286
32 0.989249 0.996834
33 0.992492 0.997999
34 0.994953 0.998987
35 0.996557 0.999612
36 0.997499 0.99994
37 0.998115 0.999996
38 0.998787 1
39 0.999081 1
40 0.999429 1
