1 0.0152999 0.0199784
2 0.0294877 0.0391739
3 0.0439713 0.0586375
4 0.0585381 0.0789057
5 0.0731341 0.101981
6 0.0922157 0.13
7 0.11445 0.159208
8 0.139721 0.192383
9 0.17723 0.231583
10 0.21711 0.273036
11 0.267189 0.318711
12 0.323261 0.380372
13 0.382403 0.435294
14 0.438244 0.484369
15 0.494888 0.533875
16 0.548205 0.584131
17 0.60368 0.633746
18 0.654581 0.67638
19 0.701874 0.718084
20 0.744138 0.75705
21 0.782851 0.797046
22 0.813653 0.842543
23 0.836214 0.889053
24 0.857849 0.925277
25 0.878821 0.951185
26 0.898721 0.969399
27 0.915441 0.982513
28 0.928215 0.991626
29 0.939225 0.996752
30 0.949688 0.999247
31 0.959411 0.999948
32 0.969011 1
33 0.977212 1
34 0.984544 1
