1 0.0115487 0.00800256
2 0.0224187 0.0151942
3 0.0336186 0.0228611
4 0.0455236 0.03134
5 0.0577962 0.0406735
6 0.070525 0.0510778
7 0.0861872 0.0637509
8 0.111339 0.0799339
9 0.139566 0.102563
10 0.179214 0.129847
11 0.224475 0.162796
12 0.271952 0.202841
13 0.322194 0.247005
14 0.373381 0.293906
15 0.429507 0.338019
16 0.486065 0.380399
17 0.541412 0.428318
18 0.589788 0.474491
19 0.634776 0.515265
20 0.680577 0.552373
21 0.72145 0.58763
22 0.760943 0.621681
23 0.800758 0.655736
24 0.833707 0.689505
25 0.864338 0.718869
26 0.891486 0.74629
27 0.914124 0.771578
28 0.932697 0.795081
29 0.950842 0.816428
30 0.962864 0.836449
31 0.972314 0.855131
32 0.979678 0.873018
33 0.986095 0.888969
34 0.99107 0.903912
35 0.994584 0.91735
36 0.997259 0.929381
37 0.999089 0.940031
38 1 0.948933
39 1 0.957071
40 1 0.964459
41 1 0.970972
