1 0.0112225 0.00823299
2 0.0217513 0.0161984
3 0.0332925 0.0244907
4 0.0454689 0.0334369
5 0.0579169 0.0427494
6 0.071281 0.0521604
7 0.0870977 0.0621629
8 0.112501 0.074115
9 0.140407 0.0912157
10 0.17935 0.116393
11 0.225107 0.143651
12 0.274152 0.176473
13 0.325848 0.213539
14 0.377372 0.255568
15 0.430452 0.295588
16 0.485239 0.332927
17 0.53675 0.370394
18 0.583642 0.409024
19 0.627422 0.44617
20 0.670991 0.483578
21 0.710154 0.521647
22 0.748406 0.561539
23 0.787102 0.603162
24 0.824238 0.643429
25 0.857832 0.680007
26 0.884227 0.713195
27 0.906472 0.74322
28 0.926117 0.771516
29 0.943652 0.797512
30 0.956742 0.821238
31 0.967365 0.843614
32 0.975319 0.864398
33 0.982002 0.883144
34 0.988046 0.900717
35 0.99265 0.917027
36 0.996258 0.931653
37 0.998597 0.944389
38 1 0.955841
39 1 0.966474
40 1 0.97615
41 1 0.984909
