1 0.00763554 0.0091533
2 0.0146268 0.0176492
3 0.0216015 0.0268638
4 0.030279 0.0369209
5 0.0438563 0.0486185
6 0.0629112 0.0621189
7 0.0831909 0.0774316
8 0.107123 0.0968668
9 0.140231 0.127872
10 0.182196 0.170805
11 0.227527 0.213504
12 0.274166 0.253904
13 0.322938 0.297573
14 0.377713 0.346244
15 0.433854 0.399047
16 0.48733 0.45716
17 0.539858 0.515607
18 0.596304 0.571492
19 0.651955 0.623848
20 0.700637 0.672587
21 0.746104 0.716643
22 0.789417 0.759804
23 0.82865 0.805321
24 0.859983 0.84253
25 0.88684 0.872668
26 0.908777 0.899582
27 0.928563 0.922583
28 0.944142 0.941392
29 0.957583 0.95497
30 0.969865 0.96521
31 0.978235 0.975046
32 0.982432 0.983914
33 0.985285 0.990932
34 0.988222 0.993987
35 0.991047 0.995576
36 0.992989 0.996822
37 0.994869 0.998143
38 0.996673 0.998934
39 0.998212 0.99953
40 1 0.99988
41 1 1
42 1 1
