1 0.00752514 0.00740124
2 0.014518 0.0143349
3 0.0215909 0.0224792
4 0.0304393 0.0337974
5 0.0446367 0.0480919
6 0.0630775 0.0658318
7 0.083507 0.0870411
8 0.10947 0.112866
9 0.143416 0.143856
10 0.185521 0.181168
11 0.230807 0.218709
12 0.276635 0.261849
13 0.325198 0.311744
14 0.379708 0.365875
15 0.435227 0.42068
16 0.49006 0.477599
17 0.543008 0.531102
18 0.598379 0.580336
19 0.653352 0.628772
20 0.703619 0.67611
21 0.748153 0.716059
22 0.789063 0.752579
23 0.828169 0.785529
24 0.86248 0.814871
25 0.89112 0.841251
26 0.913432 0.864493
27 0.932862 0.884348
28 0.949047 0.902541
29 0.962111 0.917806
30 0.973237 0.931004
31 0.981299 0.942902
32 0.985115 0.952376
33 0.988101 0.959985
34 0.990355 0.965959
35 0.992231 0.971087
36 0.993954 0.976114
37 0.995605 0.980285
38 0.997213 0.98417
39 0.998659 0.987837
40 1 0.991049
41 1 0.993729
42 1 0.995533
43 1 0.996713
44 1 0.997573
