1 0.00929891 0.00936295
2 0.0179566 0.0184079
3 0.0273257 0.0276297
4 0.0378486 0.0379477
5 0.0509873 0.0517539
6 0.0653993 0.0658196
7 0.0835796 0.0819628
8 0.106214 0.10114
9 0.131398 0.121331
10 0.160714 0.145364
11 0.196898 0.172922
12 0.237591 0.205865
13 0.282285 0.248675
14 0.333691 0.294622
15 0.383924 0.339357
16 0.436047 0.38757
17 0.4875 0.440386
18 0.534768 0.498242
19 0.577084 0.553128
20 0.616431 0.604556
21 0.651701 0.652266
22 0.687449 0.698002
23 0.72357 0.738401
24 0.757928 0.776273
25 0.792603 0.809754
26 0.823396 0.841544
27 0.849406 0.86719
28 0.873135 0.889129
29 0.89451 0.907658
30 0.913022 0.92365
31 0.928265 0.936769
32 0.942791 0.947264
33 0.953409 0.956189
34 0.962233 0.963087
35 0.969256 0.969487
36 0.975277 0.975481
37 0.980679 0.9814
38 0.985619 0.986635
39 0.989593 0.990989
40 0.992647 0.994184
41 0.994932 0.996985
42 0.996722 0.998974
43 0.998039 0.999852
44 0.9989 1
45 0.999439 1
46 0.999818 1
47 0.999965 1
