1 0.00435272 0.00344985
2 0.00829345 0.00673415
3 0.012533 0.0102578
4 0.0173104 0.0145303
5 0.0228269 0.0201394
6 0.0301854 0.0273838
7 0.0401531 0.0359768
8 0.0520181 0.0453505
9 0.0665497 0.0581146
10 0.0861622 0.0734614
11 0.109495 0.0930797
12 0.135463 0.116117
13 0.163736 0.140467
14 0.194509 0.166306
15 0.227925 0.194239
16 0.264156 0.223312
17 0.302584 0.253446
18 0.34164 0.285642
19 0.38036 0.319349
20 0.419345 0.354465
21 0.458381 0.390421
22 0.498295 0.426726
23 0.538319 0.463323
24 0.580076 0.499694
25 0.620495 0.536826
26 0.658462 0.572031
27 0.693619 0.606797
28 0.726235 0.642382
29 0.755561 0.677627
30 0.783332 0.709599
31 0.81042 0.738999
32 0.835932 0.764461
33 0.859476 0.787925
34 0.881745 0.810947
35 0.901193 0.833225
36 0.918495 0.854464
37 0.932913 0.872569
38 0.946558 0.888335
39 0.958881 0.901178
40 0.969737 0.91232
41 0.979105 0.922294
42 0.985636 0.931758
43 0.989761 0.940662
44 0.992793 0.94867
45 0.994487 0.956578
46 0.99585 0.964801
47 0.996896 0.971751
48 0.99779 0.977685
49 0.998532 0.98271
50 0.999185 0.986515
51 0.999591 0.989867
52 0.999867 0.993012
53 1 0.996069
