1 0.0100296 0.0109189
2 0.0190551 0.0211361
3 0.0281453 0.0315186
4 0.038922 0.0458612
5 0.0518325 0.0672184
6 0.0661095 0.0991446
7 0.0818491 0.13158
8 0.098872 0.164987
9 0.118275 0.212874
10 0.148408 0.264154
11 0.180971 0.319835
12 0.219758 0.377326
13 0.265986 0.440842
14 0.307727 0.504673
15 0.345851 0.567422
16 0.380475 0.634879
17 0.410394 0.698291
18 0.441947 0.753643
19 0.474257 0.800219
20 0.508216 0.837257
21 0.541119 0.872266
22 0.5722 0.900536
23 0.599027 0.928147
24 0.622347 0.951913
25 0.644991 0.969969
26 0.665187 0.982768
27 0.684924 0.993453
28 0.70231 0.997316
29 0.717308 0.998537
30 0.73238 0.999406
31 0.746507 0.9999
32 0.760919 1
33 0.774987 1
34 0.790727 1
35 0.804945 1
