1 0.00653655 0.00927273
2 0.012567 0.0183074
3 0.0188981 0.0279603
4 0.0252725 0.0387041
5 0.0332234 0.0521091
6 0.0452465 0.068281
7 0.0604174 0.0913752
8 0.076569 0.120702
9 0.0963819 0.153691
10 0.1211 0.190683
11 0.151338 0.236438
12 0.18469 0.297899
13 0.219329 0.354071
14 0.254247 0.408086
15 0.289956 0.466221
16 0.322749 0.524026
17 0.355823 0.581711
18 0.389509 0.636636
19 0.423049 0.694838
20 0.455478 0.750083
21 0.488395 0.800403
22 0.5236 0.836488
23 0.557106 0.865484
24 0.587456 0.889289
25 0.617499 0.909547
26 0.648593 0.927099
27 0.681273 0.941821
28 0.710465 0.952542
29 0.739204 0.959737
30 0.769334 0.965957
31 0.794866 0.97155
32 0.819336 0.976008
33 0.838958 0.980046
34 0.856927 0.983334
35 0.873774 0.986015
36 0.889478 0.988512
37 0.904051 0.990841
38 0.918712 0.993268
39 0.931724 0.995327
40 0.942312 0.997013
41 0.951468 0.99842
42 0.959524 0.999261
43 0.966812 0.999855
44 0.973017 1
45 0.977546 1
46 0.980929 1
47 0.983949 1
