1 0.0114545 0.0115835
2 0.0228066 0.0227933
3 0.0346149 0.0343506
4 0.0472248 0.0468076
5 0.0600579 0.0606516
6 0.0735983 0.0796681
7 0.0878694 0.100997
8 0.103101 0.13002
9 0.130615 0.167987
10 0.18339 0.210273
11 0.235466 0.252626
12 0.288388 0.295435
13 0.34326 0.350186
14 0.400531 0.407774
15 0.456788 0.461542
16 0.505883 0.511196
17 0.549035 0.558634
18 0.588405 0.600183
19 0.63517 0.642926
20 0.682107 0.689362
21 0.727512 0.741651
22 0.774233 0.782407
23 0.824929 0.815816
24 0.868101 0.844905
25 0.903898 0.870282
26 0.93106 0.892429
27 0.951281 0.910691
28 0.966251 0.925829
29 0.976502 0.938875
30 0.983767 0.950043
31 0.989788 0.9593
32 0.994256 0.967871
33 0.997028 0.975388
34 0.99814 0.981705
35 0.998754 0.986767
36 0.999276 0.990827
37 0.999684 0.993827
38 0.999916 0.995996
39 0.999997 0.99753
40 1 0.998491
