1 0.0105178 0.00962414
2 0.020823 0.0189564
3 0.0322822 0.0288505
4 0.0449931 0.0398244
5 0.0582287 0.0509838
6 0.0765209 0.064045
7 0.0973611 0.0803095
8 0.122467 0.100717
9 0.148356 0.125116
10 0.182828 0.157016
11 0.220153 0.198103
12 0.259967 0.247519
13 0.297553 0.300037
14 0.333676 0.352723
15 0.369575 0.40082
16 0.404405 0.449117
17 0.439587 0.494157
18 0.475614 0.540906
19 0.509631 0.584506
20 0.539306 0.627564
21 0.565933 0.669864
22 0.592042 0.71195
23 0.6156 0.745595
24 0.637382 0.77597
25 0.659024 0.804443
26 0.678628 0.830941
27 0.696591 0.854848
28 0.715094 0.87956
29 0.734367 0.898956
30 0.753486 0.914046
31 0.772262 0.928192
32 0.791392 0.939877
33 0.807882 0.948965
34 0.823637 0.957952
35 0.839057 0.967125
36 0.854103 0.976796
37 0.868522 0.98357
38 0.881466 0.98798
39 0.893129 0.991503
40 0.904098 0.994231
41 0.913911 0.996127
42 0.923107 0.997542
43 0.931608 0.99847
44 0.940518 0.999357
45 0.949522 0.999821
46 0.959086 0.999955
47 0.967581 0.999999
48 0.972977 1
