1 0.00913119 0.011994
2 0.0181974 0.023208
3 0.0275887 0.0355
4 0.038282 0.047886
5 0.0499524 0.060898
6 0.0642858 0.074738
7 0.080927 0.089624
8 0.0979115 0.104226
9 0.117635 0.119794
10 0.145739 0.14128
11 0.183982 0.167144
12 0.226837 0.20271
13 0.270885 0.23441
14 0.317592 0.263102
15 0.361388 0.292286
16 0.410764 0.321306
17 0.463014 0.354336
18 0.509131 0.39196
19 0.55548 0.433132
20 0.602468 0.487176
21 0.642944 0.53516
22 0.679138 0.573356
23 0.712569 0.609832
24 0.742445 0.646256
25 0.76896 0.684596
26 0.793865 0.713142
27 0.817405 0.734582
28 0.839028 0.75399
29 0.859735 0.772942
30 0.879031 0.790858
31 0.8967 0.80657
32 0.912135 0.820644
33 0.926374 0.833638
34 0.939549 0.846354
35 0.951372 0.857026
36 0.961171 0.866936
37 0.969893 0.876064
38 0.976864 0.885022
39 0.983117 0.893988
40 0.987962 0.901554
41 0.992121 0.909458
42 0.995268 0.917246
43 0.997372 0.92414
44 0.998875 0.932714
45 0.999657 0.94025
46 0.999912 0.947034
47 1 0.954316
48 1 0.960382
