1 0.00920076 0.0110442
2 0.0179796 0.0210744
3 0.0278382 0.031692
4 0.0383259 0.0433467
5 0.0495879 0.0561563
6 0.0640696 0.0702887
7 0.0810268 0.0867682
8 0.0995327 0.104326
9 0.120735 0.12623
10 0.149697 0.153986
11 0.186532 0.188894
12 0.228687 0.239981
13 0.27491 0.288605
14 0.321778 0.336742
15 0.36744 0.386902
16 0.418389 0.432304
17 0.471516 0.473365
18 0.51816 0.511902
19 0.564018 0.55084
20 0.608525 0.592223
21 0.646495 0.629887
22 0.681574 0.664512
23 0.714051 0.69519
24 0.743583 0.724405
25 0.770709 0.751013
26 0.796407 0.775313
27 0.819722 0.799176
28 0.84101 0.821386
29 0.860519 0.84228
30 0.878822 0.861061
31 0.896077 0.878739
32 0.912048 0.894415
33 0.92682 0.910109
34 0.939723 0.924961
35 0.950898 0.937343
36 0.961208 0.947966
37 0.970081 0.956018
38 0.977063 0.962429
39 0.982907 0.968439
40 0.987321 0.974246
41 0.991226 0.980007
42 0.994589 0.984423
43 0.997066 0.988377
44 0.998722 0.99151
45 0.999614 0.994548
46 0.999962 0.997356
47 1 0.99946
48 1 0.999914
