1 0.0116828 0.00863814
2 0.0225973 0.016704
3 0.0342038 0.0251444
4 0.0460151 0.0348075
5 0.058445 0.0459053
6 0.0718268 0.05814
7 0.086323 0.0715622
8 0.103716 0.0870031
9 0.130015 0.10487
10 0.166319 0.127811
11 0.216092 0.152318
12 0.267381 0.180753
13 0.318552 0.213118
14 0.375667 0.253452
15 0.426374 0.300559
16 0.471537 0.34817
17 0.515619 0.389849
18 0.564408 0.422825
19 0.618461 0.45142
20 0.673629 0.477283
21 0.740217 0.501099
22 0.796428 0.524121
23 0.844319 0.54778
24 0.879263 0.567447
25 0.909343 0.585366
26 0.934329 0.600618
27 0.954017 0.616342
28 0.968625 0.628871
29 0.979496 0.638941
30 0.987728 0.648007
31 0.993112 0.656493
32 0.996585 0.664754
33 0.998644 0.672674
34 0.999541 0.680173
35 0.999942 0.687631
36 1 0.6947
37 1 0.701976
