1 0.00606611 0.00660694
2 0.0115196 0.0126986
3 0.0177988 0.0196639
4 0.0258188 0.0283931
5 0.0353427 0.0420319
6 0.0474502 0.0568083
7 0.0623134 0.0740097
8 0.0814002 0.0945236
9 0.104725 0.119551
10 0.134432 0.150374
11 0.170503 0.18751
12 0.212127 0.230151
13 0.255671 0.27239
14 0.299766 0.321258
15 0.349201 0.374846
16 0.400034 0.430667
17 0.44748 0.486639
18 0.492814 0.538613
19 0.53812 0.587158
20 0.58372 0.634182
21 0.630271 0.682615
22 0.672008 0.726732
23 0.708598 0.765432
24 0.742752 0.801539
25 0.773735 0.834924
26 0.802476 0.863119
27 0.828633 0.887585
28 0.854331 0.908549
29 0.876165 0.927172
30 0.896466 0.942783
31 0.914494 0.956178
32 0.929942 0.968182
33 0.944048 0.977314
34 0.956315 0.984703
35 0.96657 0.989967
36 0.97525 0.993878
37 0.981732 0.997218
38 0.986822 0.999203
39 0.991277 0.999883
40 0.99455 1
41 0.99708 1
