1 0.00869827 0.0084086
2 0.0169675 0.0164595
3 0.0258644 0.0245011
4 0.0355356 0.0330133
5 0.0459841 0.0418788
6 0.056672 0.0512593
7 0.0693481 0.061402
8 0.084099 0.0729022
9 0.102553 0.0861178
10 0.122954 0.106558
11 0.147372 0.139774
12 0.176617 0.176827
13 0.209707 0.210133
14 0.243221 0.246698
15 0.274561 0.281517
16 0.302084 0.314193
17 0.328529 0.345132
18 0.350327 0.376975
19 0.37134 0.412694
20 0.392922 0.455626
21 0.422311 0.500073
22 0.457611 0.545497
23 0.487462 0.584343
24 0.514889 0.618631
25 0.538746 0.650855
26 0.5629 0.681105
27 0.58766 0.709757
28 0.613098 0.736468
29 0.639073 0.762717
30 0.664081 0.790977
31 0.685217 0.825877
32 0.703985 0.855152
33 0.720844 0.878336
34 0.735882 0.898084
35 0.750333 0.914661
36 0.764484 0.929286
37 0.77898 0.941907
38 0.793156 0.952673
39 0.804686 0.961949
40 0.814375 0.970651
41 0.82261 0.978116
42 0.830907 0.98422
43 0.838967 0.988522
44 0.847024 0.992317
45 0.855143 0.995099
46 0.862873 0.997007
47 0.870317 0.998217
48 0.877346 0.999219
49 0.884785 0.999603
50 0.891958 0.999786
51 0.898839 0.999893
52 0.905687 0.999946
53 0.912217 0.999996
54 0.9184 1
55 0.924408 1
