1 0.00810054 0.0103855
2 0.0158705 0.0205986
3 0.0254835 0.0320327
4 0.0360885 0.0455129
5 0.0474925 0.0602902
6 0.0599532 0.0780717
7 0.0755723 0.101625
8 0.0932832 0.126797
9 0.114146 0.152553
10 0.142327 0.18427
11 0.178851 0.21694
12 0.216863 0.253181
13 0.258285 0.292506
14 0.30241 0.342211
15 0.348615 0.394509
16 0.399275 0.443153
17 0.449491 0.493787
18 0.500859 0.541903
19 0.549918 0.588024
20 0.590825 0.631129
21 0.628504 0.668018
22 0.663089 0.700756
23 0.694162 0.730113
24 0.722716 0.756793
25 0.750968 0.781818
26 0.775425 0.803907
27 0.79827 0.824189
28 0.819212 0.842518
29 0.837678 0.859724
30 0.856397 0.875771
31 0.873532 0.890418
32 0.889662 0.903053
33 0.904598 0.91415
34 0.918203 0.923683
35 0.930412 0.932337
36 0.942081 0.940633
37 0.952738 0.948069
38 0.961764 0.954808
39 0.968582 0.961016
40 0.974089 0.966511
41 0.979256 0.971296
42 0.983892 0.975679
43 0.988173 0.979516
44 0.99154 0.982705
45 0.994474 0.985671
46 0.996209 0.988423
47 0.996985 0.99042
48 0.997565 0.992468
49 0.99804 0.994512
50 0.998579 0.996608
51 0.999087 0.998054
52 0.999596 0.999122
53 0.999984 0.999802
54 1 1
55 1 1
