1 0.0112032 0.0205278
2 0.0210552 0.0396333
3 0.0331131 0.0594444
4 0.0495858 0.0789333
5 0.0725148 0.102139
6 0.103274 0.126167
7 0.130118 0.1511
8 0.161607 0.180294
9 0.198485 0.215217
10 0.238813 0.253306
11 0.287982 0.309583
12 0.333853 0.361833
13 0.380434 0.430844
14 0.429954 0.49435
15 0.478682 0.548172
16 0.523452 0.598233
17 0.571361 0.645406
18 0.618784 0.688856
19 0.668646 0.732967
20 0.717423 0.764383
21 0.759497 0.791656
22 0.798544 0.815433
23 0.830707 0.835783
24 0.859763 0.854928
25 0.891992 0.873622
26 0.917495 0.891344
27 0.938619 0.906794
28 0.953715 0.921339
29 0.964201 0.935261
30 0.973185 0.948617
31 0.98216 0.960894
32 0.988409 0.971917
33 0.991249 0.980944
34 0.993784 0.987239
35 0.995871 0.9914
36 0.997255 0.994444
37 0.998702 0.996606
38 0.999888 0.998322
39 1 0.999361
40 1 0.999822
