1 0.00303546 0.00331372
2 0.0061582 0.00640947
3 0.00967858 0.00959897
4 0.0139876 0.0129829
5 0.0191707 0.0167208
6 0.0263445 0.0206375
7 0.0357078 0.0248486
8 0.0475422 0.0292338
9 0.062119 0.0339582
10 0.0801524 0.0391206
11 0.100738 0.0445866
12 0.124517 0.0504379
13 0.151886 0.0566529
14 0.182858 0.0641574
15 0.217418 0.0739073
16 0.25432 0.084869
17 0.28978 0.0966909
18 0.325541 0.109335
19 0.361438 0.121402
20 0.397596 0.133194
21 0.434152 0.144706
22 0.472521 0.1571
23 0.514238 0.168732
24 0.555414 0.179894
25 0.593881 0.190948
26 0.630451 0.201972
27 0.666711 0.212754
28 0.702579 0.225951
29 0.737357 0.241442
30 0.769501 0.258228
31 0.798182 0.27606
32 0.825309 0.292428
33 0.850374 0.306961
34 0.872076 0.320685
35 0.890596 0.333904
36 0.906967 0.345552
37 0.921666 0.356237
38 0.934871 0.366937
39 0.945274 0.376985
40 0.954095 0.38592
41 0.962259 0.395818
42 0.969245 0.406367
43 0.974857 0.416959
44 0.979141 0.427506
45 0.982238 0.437873
46 0.984881 0.447883
47 0.987077 0.456879
48 0.989052 0.466504
49 0.990871 0.474629
50 0.992366 0.482189
51 0.993625 0.490199
52 0.994728 0.498021
53 0.995614 0.506227
54 0.996393 0.513899
55 0.997102 0.520749
56 0.997693 0.527739
57 0.99818 0.534458
58 0.998568 0.540559
59 0.998911 0.546763
60 0.999188 0.552866
61 0.999417 0.558673
62 0.999581 0.564392
63 0.999718 0.570221
64 0.999861 0.576099
65 0.999982 0.5817
66 0.999996 0.587554
67 1 0.593394
68 1 0.599283
