1 0.00517763 0.00451834
2 0.0102942 0.00881272
3 0.0154374 0.0135405
4 0.0214403 0.0190036
5 0.0284881 0.0261802
6 0.0366129 0.0344435
7 0.0465574 0.0447621
8 0.0590474 0.0576882
9 0.0755902 0.074571
10 0.0968371 0.0946343
11 0.124621 0.118648
12 0.155145 0.145509
13 0.187941 0.174687
14 0.221634 0.207852
15 0.255185 0.243497
16 0.291004 0.281925
17 0.33074 0.320461
18 0.371092 0.358398
19 0.413328 0.396028
20 0.45545 0.434548
21 0.499808 0.473043
22 0.547883 0.510925
23 0.597261 0.547822
24 0.642041 0.584253
25 0.684636 0.619374
26 0.723351 0.654574
27 0.758636 0.687699
28 0.79289 0.717648
29 0.825755 0.745243
30 0.856966 0.771241
31 0.883149 0.797148
32 0.907237 0.822497
33 0.929659 0.846826
34 0.946963 0.866751
35 0.960449 0.884999
36 0.971632 0.903324
37 0.980159 0.917653
38 0.985263 0.930031
39 0.989396 0.942357
40 0.992969 0.954023
41 0.99589 0.964032
42 0.998082 0.97136
43 0.999292 0.977868
44 0.999665 0.983754
45 0.999847 0.989158
46 0.99997 0.992891
47 1 0.995436
48 1 0.997088
49 1 0.998327
50 1 0.999142
