1 0.00704828 0.00740653
2 0.0137454 0.0145217
3 0.020774 0.0220848
4 0.0285712 0.0303303
5 0.0367751 0.0390838
6 0.0460044 0.0488895
7 0.0563779 0.0611752
8 0.0714479 0.0778478
9 0.0938063 0.101773
10 0.123839 0.130735
11 0.156248 0.161114
12 0.18799 0.192892
13 0.21869 0.22592
14 0.251964 0.25749
15 0.283436 0.287251
16 0.316255 0.315519
17 0.35001 0.35018
18 0.383101 0.385076
19 0.416505 0.417608
20 0.449269 0.450647
21 0.485208 0.48337
22 0.519344 0.518024
23 0.551262 0.5557
24 0.582991 0.587968
25 0.613767 0.617864
26 0.643991 0.645394
27 0.672436 0.671589
28 0.699989 0.696795
29 0.726969 0.723284
30 0.751853 0.7511
31 0.780027 0.77396
32 0.808101 0.795904
33 0.83238 0.817388
34 0.855096 0.839118
35 0.87505 0.858887
36 0.891526 0.876439
37 0.906892 0.893802
38 0.921706 0.90917
39 0.9351 0.925259
40 0.947012 0.940959
41 0.95803 0.956109
42 0.969195 0.967826
43 0.977344 0.977668
44 0.98326 0.98354
45 0.987717 0.987905
46 0.991369 0.991216
47 0.994442 0.993343
48 0.997111 0.995106
49 0.9986 0.996276
50 0.999555 0.996984
51 0.999987 0.997605
52 1 0.998109
53 1 0.998614
54 1 0.998991
