1 0.00676341 0.00604429
2 0.0132664 0.0116724
3 0.0203082 0.017846
4 0.0277046 0.0245332
5 0.0359993 0.0319709
6 0.0452578 0.0403879
7 0.0554463 0.0510538
8 0.0692508 0.0650761
9 0.090914 0.082758
10 0.118901 0.107613
11 0.151245 0.13894
12 0.183079 0.171309
13 0.214116 0.205115
14 0.247357 0.242091
15 0.280016 0.280142
16 0.311892 0.320216
17 0.345612 0.360011
18 0.379968 0.399403
19 0.414312 0.439383
20 0.448209 0.480758
21 0.483352 0.522093
22 0.517372 0.559659
23 0.549949 0.596072
24 0.581856 0.6331
25 0.613274 0.669105
26 0.644292 0.705883
27 0.673632 0.744124
28 0.702071 0.777796
29 0.730385 0.806751
30 0.756683 0.83265
31 0.785202 0.856286
32 0.813128 0.877826
33 0.83752 0.897739
34 0.860869 0.916086
35 0.880889 0.931345
36 0.898716 0.943483
37 0.914102 0.956534
38 0.92859 0.968934
39 0.941451 0.979394
40 0.952117 0.985396
41 0.96178 0.989699
42 0.971283 0.992969
43 0.978736 0.995785
44 0.984026 0.997577
45 0.988317 0.998866
46 0.991874 0.999457
47 0.994574 0.999762
48 0.997071 0.999931
49 0.998667 0.999999
50 0.999567 1
51 0.999985 1
52 1 1
