1 0.00531899 0.00411909
2 0.0103996 0.00801081
3 0.0158293 0.0121504
4 0.0216446 0.017203
5 0.0285591 0.0235458
6 0.0365723 0.0309096
7 0.0461504 0.0393917
8 0.0578495 0.0508148
9 0.0739875 0.0639241
10 0.0950009 0.0803467
11 0.121681 0.0991914
12 0.150863 0.122307
13 0.183006 0.148762
14 0.216212 0.1769
15 0.249019 0.205176
16 0.283964 0.234744
17 0.322567 0.266571
18 0.36275 0.299526
19 0.404235 0.336661
20 0.446407 0.373398
21 0.490379 0.411846
22 0.537617 0.450227
23 0.586012 0.488405
24 0.629543 0.528695
25 0.670588 0.569055
26 0.710485 0.607584
27 0.746284 0.644659
28 0.780742 0.67965
29 0.814495 0.712286
30 0.847811 0.742547
31 0.875236 0.771393
32 0.901045 0.800472
33 0.925891 0.826316
34 0.944208 0.849605
35 0.958751 0.870512
36 0.970893 0.889151
37 0.97952 0.905546
38 0.985326 0.920766
39 0.989804 0.934252
40 0.99355 0.946855
41 0.996575 0.957938
42 0.998523 0.966842
43 0.999448 0.97462
44 0.999732 0.980754
45 0.999891 0.985715
46 0.999979 0.989462
47 1 0.992262
48 1 0.9943
49 1 0.995834
50 1 0.997027
