1 0.012791 0.0112434
2 0.0248619 0.021925
3 0.0376058 0.0326045
4 0.0502611 0.0433291
5 0.0637233 0.0545589
6 0.0795494 0.0660786
7 0.0987218 0.0792943
8 0.120679 0.0958874
9 0.147194 0.115769
10 0.175722 0.140619
11 0.208293 0.170239
12 0.249877 0.200649
13 0.294116 0.234042
14 0.346559 0.275216
15 0.398164 0.31762
16 0.454118 0.361206
17 0.511956 0.41066
18 0.57406 0.457593
19 0.636365 0.500594
20 0.685118 0.53894
21 0.730972 0.572787
22 0.769266 0.608476
23 0.801203 0.642794
24 0.833805 0.671267
25 0.868717 0.696825
26 0.899008 0.718448
27 0.930082 0.739444
28 0.954693 0.75713
29 0.972659 0.772588
30 0.984 0.785103
31 0.990316 0.797499
32 0.994254 0.808405
33 0.996912 0.817295
34 0.998588 0.825233
35 0.999631 0.83224
36 1 0.838708
37 1 0.844827
38 1 0.850542
39 1 0.856449
