1 0.0133358 0.0100506
2 0.0256612 0.0196198
3 0.0379187 0.0295078
4 0.0507531 0.0391898
5 0.0642737 0.0514112
6 0.0796003 0.0650509
7 0.0995513 0.0802688
8 0.122057 0.0997222
9 0.147079 0.122044
10 0.175523 0.147927
11 0.208319 0.181441
12 0.251583 0.220385
13 0.296375 0.259959
14 0.349714 0.306305
15 0.401235 0.348662
16 0.457693 0.389553
17 0.51984 0.429134
18 0.584553 0.469917
19 0.647848 0.511428
20 0.702061 0.552361
21 0.743793 0.592174
22 0.781082 0.633309
23 0.81242 0.681114
24 0.846334 0.724134
25 0.881159 0.75904
26 0.910144 0.790829
27 0.938603 0.82265
28 0.962717 0.852852
29 0.979538 0.880481
30 0.987741 0.903908
31 0.99264 0.923908
32 0.995657 0.94073
33 0.997525 0.954189
34 0.998884 0.9659
35 0.999736 0.976726
36 0.999996 0.986557
37 1 0.992887
38 1 0.996754
39 1 0.998642
