1 0.00659305 0.00645669
2 0.0128581 0.0127265
3 0.0192881 0.0192658
4 0.026355 0.0267247
5 0.0339223 0.0357859
6 0.042876 0.0458259
7 0.0542842 0.0590404
8 0.0688192 0.0768408
9 0.08891 0.0992272
10 0.113396 0.125306
11 0.143487 0.153401
12 0.180002 0.186552
13 0.219142 0.224627
14 0.257537 0.26179
15 0.294434 0.298042
16 0.328512 0.340193
17 0.364538 0.380272
18 0.403615 0.421425
19 0.442369 0.467827
20 0.486392 0.517088
21 0.532464 0.56314
22 0.579935 0.609486
23 0.626684 0.655836
24 0.671373 0.694708
25 0.712303 0.732546
26 0.752519 0.768235
27 0.788109 0.801928
28 0.824865 0.830334
29 0.860321 0.854918
30 0.89086 0.876111
31 0.915303 0.894009
32 0.938868 0.911705
33 0.96095 0.930471
34 0.976975 0.946753
35 0.9877 0.960453
36 0.996244 0.971244
37 0.998573 0.979112
38 0.999679 0.986569
39 1 0.994661
40 1 0.997337
41 1 0.998441
42 1 0.999066
43 1 0.999415
44 1 0.999708
45 1 0.999888
