1 0.00636739 0.0066176
2 0.0123087 0.0127107
3 0.0186661 0.0191062
4 0.0258761 0.0259773
5 0.0341223 0.0337156
6 0.0440373 0.041463
7 0.0561946 0.050483
8 0.0715308 0.0627155
9 0.0894333 0.0771851
10 0.113192 0.0969295
11 0.143997 0.120594
12 0.186895 0.146837
13 0.235905 0.172738
14 0.285423 0.19898
15 0.33334 0.226212
16 0.380706 0.255935
17 0.42736 0.285813
18 0.475573 0.318725
19 0.522865 0.357193
20 0.574049 0.393942
21 0.625771 0.429504
22 0.673425 0.463148
23 0.721601 0.496456
24 0.764972 0.529822
25 0.801607 0.564784
26 0.836202 0.601146
27 0.868342 0.63567
28 0.897143 0.669354
29 0.921047 0.699264
30 0.939755 0.728374
31 0.955598 0.75949
32 0.967786 0.787074
33 0.976889 0.812508
34 0.982675 0.83557
35 0.987808 0.85684
36 0.992424 0.878018
37 0.99667 0.897689
38 0.997832 0.913752
39 0.998768 0.926346
40 0.999305 0.937378
41 0.999819 0.948056
42 1 0.957836
43 1 0.967389
44 1 0.972516
