1 0.00636897 0.00735669
2 0.0123819 0.0141157
3 0.0184815 0.0207144
4 0.0261617 0.0281335
5 0.0343716 0.0368301
6 0.0444997 0.0469803
7 0.0572639 0.0586511
8 0.0727753 0.0739064
9 0.0902401 0.0927863
10 0.11314 0.121376
11 0.144171 0.158299
12 0.186047 0.198656
13 0.235794 0.239161
14 0.28655 0.281363
15 0.335508 0.324928
16 0.382266 0.365393
17 0.428635 0.404619
18 0.476901 0.440809
19 0.523865 0.480693
20 0.571734 0.526361
21 0.621567 0.571052
22 0.66927 0.608575
23 0.717099 0.64336
24 0.761182 0.67765
25 0.800742 0.707962
26 0.838559 0.735002
27 0.872801 0.758522
28 0.902799 0.776785
29 0.926101 0.79219
30 0.943855 0.805278
31 0.958971 0.819323
32 0.970968 0.835888
33 0.979821 0.849259
34 0.985228 0.860248
35 0.989841 0.868891
36 0.993891 0.875486
37 0.99751 0.881757
38 0.998472 0.887851
39 0.999082 0.893805
40 0.999566 0.899595
41 0.999911 0.905123
42 0.999999 0.91088
43 1 0.916296
44 1 0.923201
