1 0.0110562 0.0157555
2 0.0219662 0.0303361
3 0.0343027 0.0466627
4 0.0493553 0.0657049
5 0.0677336 0.0860678
6 0.0944551 0.106565
7 0.127639 0.125999
8 0.161353 0.142965
9 0.202402 0.159363
10 0.247959 0.174405
11 0.30784 0.190547
12 0.37529 0.205925
13 0.453858 0.227501
14 0.529444 0.256669
15 0.618451 0.300845
16 0.696272 0.34486
17 0.761756 0.386508
18 0.81494 0.427162
19 0.854766 0.45917
20 0.886816 0.481904
21 0.912556 0.503792
22 0.934428 0.525434
23 0.953535 0.54464
24 0.969456 0.559905
25 0.980305 0.573281
26 0.987859 0.585565
27 0.99219 0.599634
28 0.995577 0.613504
29 0.998016 0.627522
30 0.998942 0.647014
31 0.999335 0.666568
32 0.999723 0.687781
33 1 0.710654
