1 0.0114891 0.00905076
2 0.0228227 0.017343
3 0.0352507 0.0259637
4 0.0491114 0.0391953
5 0.0691815 0.0548526
6 0.094385 0.0755602
7 0.125484 0.0967418
8 0.158275 0.121605
9 0.197775 0.156811
10 0.239857 0.202791
11 0.297644 0.252006
12 0.363652 0.306181
13 0.444362 0.364308
14 0.52054 0.427652
15 0.608038 0.498421
16 0.688066 0.562368
17 0.754263 0.619417
18 0.808566 0.670501
19 0.849995 0.711777
20 0.88121 0.748681
21 0.906136 0.782319
22 0.927782 0.812848
23 0.94781 0.840254
24 0.964768 0.864664
25 0.976418 0.886916
26 0.98456 0.906169
27 0.989843 0.922877
28 0.994367 0.938
29 0.997479 0.951016
30 0.998281 0.961917
31 0.999021 0.971291
32 0.999457 0.978952
33 1 0.98444
