1 0.0115562 0.0178576
2 0.0232404 0.0337954
3 0.0358909 0.0503256
4 0.0500564 0.0667087
5 0.0717665 0.0833858
6 0.0979576 0.1005
7 0.129026 0.11803
8 0.159665 0.138341
9 0.196217 0.163445
10 0.240058 0.192518
11 0.297817 0.229057
12 0.36635 0.270137
13 0.445847 0.301147
14 0.519814 0.330981
15 0.606011 0.360521
16 0.688831 0.387708
17 0.755431 0.415509
18 0.812922 0.445797
19 0.853053 0.474405
20 0.884868 0.504659
21 0.911465 0.534774
22 0.9344 0.564108
23 0.952785 0.596085
24 0.967356 0.626856
25 0.977897 0.653262
26 0.986444 0.674812
27 0.991379 0.694736
28 0.994967 0.717093
29 0.997397 0.742382
30 0.998476 0.768788
31 0.999244 0.793527
32 0.999735 0.814804
33 1 0.837211
