1 0.0104663 0.00907581
2 0.0203706 0.0171824
3 0.0303804 0.0256924
4 0.0411542 0.0346528
5 0.0538844 0.0439248
6 0.0682377 0.0544915
7 0.0824761 0.0664778
8 0.099206 0.0825896
9 0.12265 0.0991434
10 0.157743 0.116372
11 0.197645 0.135693
12 0.243995 0.15755
13 0.29638 0.185393
14 0.348622 0.21368
15 0.400582 0.236331
16 0.454745 0.256294
17 0.506455 0.274387
18 0.554466 0.291722
19 0.600767 0.308652
20 0.65054 0.325236
21 0.698537 0.339604
22 0.737965 0.352561
23 0.769038 0.364074
24 0.794645 0.374005
25 0.815572 0.384263
26 0.832489 0.393072
27 0.845246 0.400981
28 0.856012 0.409053
29 0.865992 0.416927
30 0.875044 0.425796
31 0.884246 0.435179
32 0.893384 0.444021
33 0.902573 0.452838
34 0.911117 0.461812
35 0.919624 0.470437
36 0.927708 0.479888
37 0.935496 0.489675
38 0.943394 0.501558
39 0.950634 0.513298
40 0.95739 0.524985
41 0.96364 0.536315
42 0.969321 0.549837
43 0.974383 0.563154
44 0.97902 0.576524
45 0.982939 0.592287
46 0.986355 0.611221
47 0.989423 0.627006
48 0.992196 0.644192
49 0.994657 0.664686
50 0.996718 0.687694
51 0.998309 0.710913
52 0.999355 0.733946
53 0.999831 0.758926
54 0.99997 0.781859
55 1 0.803979
56 1 0.824943
57 1 0.845691
58 1 0.868642
