1 0.00456879 0.00476737
2 0.00914398 0.00919711
3 0.0140117 0.0137831
4 0.0194864 0.0189623
5 0.0255764 0.0247328
6 0.032879 0.0318527
7 0.0417832 0.0400303
8 0.0537303 0.0490372
9 0.0706302 0.0610946
10 0.091231 0.0777287
11 0.115987 0.0985708
12 0.143187 0.122266
13 0.170958 0.151588
14 0.201475 0.184051
15 0.235976 0.216315
16 0.270846 0.248818
17 0.306913 0.281644
18 0.34349 0.31324
19 0.38167 0.345794
20 0.419618 0.380593
21 0.457575 0.416823
22 0.497018 0.454008
23 0.537462 0.492554
24 0.575474 0.532572
25 0.612926 0.571188
26 0.651421 0.607984
27 0.69082 0.644879
28 0.728695 0.680023
29 0.764769 0.716365
30 0.798475 0.750484
31 0.82984 0.781944
32 0.859156 0.812499
33 0.886466 0.840763
34 0.909017 0.867298
35 0.927715 0.889709
36 0.944719 0.908833
37 0.959269 0.924937
38 0.969802 0.939157
39 0.97817 0.951352
40 0.984618 0.961001
41 0.989492 0.970051
42 0.993216 0.978365
43 0.995431 0.985036
44 0.997092 0.989654
45 0.998365 0.992738
46 0.999299 0.994789
47 0.999773 0.996186
48 0.999978 0.997292
49 1 0.998127
50 1 0.998753
51 1 0.99922
52 1 0.999579
53 1 0.99982
54 1 0.999949
55 1 0.999994
