1 0.00634206 0.00842953
2 0.0122463 0.0165944
3 0.0184523 0.0254624
4 0.0251926 0.035684
5 0.0351543 0.0485045
6 0.0500041 0.0648948
7 0.0664105 0.081655
8 0.0831845 0.102754
9 0.101256 0.131543
10 0.124929 0.166966
11 0.156282 0.212599
12 0.193116 0.268329
13 0.235547 0.327929
14 0.282394 0.390802
15 0.329454 0.453895
16 0.374515 0.517897
17 0.420641 0.573866
18 0.462501 0.623927
19 0.503483 0.671636
20 0.54141 0.717081
21 0.579012 0.757246
22 0.618652 0.79437
23 0.6584 0.829133
24 0.69341 0.864802
25 0.724039 0.896283
26 0.752531 0.917612
27 0.779805 0.937165
28 0.804294 0.954056
29 0.827145 0.968648
30 0.848092 0.979286
31 0.867253 0.987377
32 0.884012 0.993406
33 0.8986 0.997141
34 0.912981 0.999096
35 0.925566 0.999874
36 0.937012 1
37 0.947134 1
