1 0.00937262 0.0105838
2 0.0177729 0.0203969
3 0.0266099 0.0301566
4 0.0379141 0.0406034
5 0.0499976 0.0545105
6 0.0626443 0.0706497
7 0.077432 0.0876059
8 0.0947147 0.109991
9 0.116926 0.134576
10 0.141206 0.169664
11 0.167946 0.209664
12 0.197296 0.248934
13 0.229494 0.290689
14 0.269225 0.333702
15 0.310934 0.38455
16 0.355681 0.439514
17 0.406943 0.498718
18 0.456497 0.553742
19 0.510394 0.605447
20 0.557461 0.653119
21 0.597982 0.704779
22 0.635556 0.744265
23 0.673583 0.777848
24 0.70741 0.808394
25 0.73715 0.838022
26 0.766037 0.862622
27 0.792983 0.886563
28 0.817973 0.908167
29 0.841464 0.927631
30 0.862638 0.946725
31 0.881985 0.963375
32 0.898888 0.970805
33 0.914125 0.97701
34 0.926879 0.981488
35 0.936648 0.985376
36 0.944217 0.989283
37 0.951004 0.992243
38 0.957122 0.994055
39 0.962948 0.995536
40 0.967733 0.996643
41 0.972614 0.997526
42 0.97664 0.998243
43 0.979792 0.998799
44 0.98356 0.999272
45 0.986663 0.999603
46 0.989567 0.999779
47 0.992278 0.999886
48 0.994681 0.999964
49 0.996958 0.999996
50 0.998593 1
