1 0.00433161 0.00394512
2 0.00832463 0.00770784
3 0.0125808 0.0116462
4 0.0172453 0.015867
5 0.0223979 0.0206732
6 0.0280126 0.0261105
7 0.0348215 0.0334121
8 0.0435325 0.0422962
9 0.0549634 0.0527044
10 0.0719846 0.0663196
11 0.0944779 0.0821646
12 0.119912 0.102352
13 0.14627 0.126375
14 0.174266 0.152679
15 0.203952 0.17838
16 0.235145 0.204097
17 0.268622 0.232168
18 0.303494 0.262656
19 0.340285 0.294392
20 0.378006 0.326776
21 0.41576 0.361051
22 0.454082 0.396787
23 0.491503 0.433609
24 0.529342 0.473191
25 0.568817 0.509004
26 0.607942 0.542745
27 0.64723 0.576393
28 0.68473 0.611009
29 0.721717 0.645597
30 0.75792 0.679783
31 0.791205 0.713886
32 0.822127 0.748075
33 0.850398 0.777763
34 0.87505 0.804876
35 0.898096 0.830848
36 0.917858 0.853068
37 0.935942 0.873846
38 0.954647 0.892791
39 0.967806 0.909034
40 0.976586 0.923596
41 0.98313 0.936577
42 0.988448 0.948677
43 0.992254 0.958281
44 0.994154 0.966159
45 0.995515 0.972396
46 0.996624 0.977802
47 0.997404 0.982356
48 0.997978 0.986257
49 0.998512 0.9896
50 0.998939 0.992474
51 0.999285 0.994482
52 0.999569 0.995966
53 0.99979 0.997072
54 0.999924 0.997967
55 0.999991 0.998753
56 1 0.999295
57 1 0.999665
58 1 0.999813
59 1 0.99995
