1 0.0149611 0.0146847
2 0.0286808 0.0293575
3 0.0440917 0.0446014
4 0.0630234 0.0611987
5 0.0857785 0.0795628
6 0.113854 0.104298
7 0.150822 0.131469
8 0.19298 0.163129
9 0.237807 0.201496
10 0.296146 0.254616
11 0.374438 0.308102
12 0.457007 0.365018
13 0.523819 0.428358
14 0.585394 0.498879
15 0.64474 0.56588
16 0.705013 0.636901
17 0.773603 0.705152
18 0.834944 0.773447
19 0.878811 0.821829
20 0.91157 0.851362
21 0.934576 0.879301
22 0.948084 0.905205
23 0.957548 0.930027
24 0.965601 0.948998
25 0.972228 0.966767
26 0.978335 0.983093
27 0.983339 0.996368
28 0.987452 0.999872
29 0.990169 1
30 0.992405 1
31 0.99404 1
32 0.995571 1
33 0.996912 1
