1 0.00961169 0.00968466
2 0.0185903 0.0187781
3 0.0274715 0.0275681
4 0.0367175 0.0362291
5 0.0456594 0.0459278
6 0.0549583 0.0560046
7 0.064676 0.066498
8 0.0760229 0.0774282
9 0.0968482 0.0963352
10 0.129658 0.134615
11 0.171048 0.175733
12 0.206901 0.216659
13 0.243337 0.257279
14 0.282975 0.303386
15 0.320966 0.347569
16 0.353969 0.387008
17 0.386357 0.425482
18 0.424404 0.461646
19 0.467823 0.495204
20 0.504771 0.529638
21 0.538845 0.567509
22 0.570133 0.610611
23 0.599989 0.646581
24 0.629002 0.677162
25 0.65525 0.703977
26 0.680296 0.729788
27 0.703944 0.753854
28 0.726286 0.776769
29 0.7476 0.798289
30 0.767501 0.819404
31 0.786528 0.839366
32 0.804818 0.859276
33 0.822165 0.877081
34 0.838804 0.89512
35 0.854958 0.912847
36 0.870353 0.927082
37 0.884652 0.939634
38 0.897703 0.950339
39 0.909554 0.960329
40 0.920896 0.969143
41 0.931183 0.976753
42 0.940643 0.982915
43 0.94983 0.987771
44 0.958268 0.992071
45 0.965314 0.995289
46 0.9714 0.997012
47 0.976953 0.998029
48 0.981847 0.99876
49 0.98648 0.999332
50 0.990029 0.999672
51 0.991895 0.999891
52 0.993737 0.999992
53 0.995199 1
54 0.995999 1
55 0.996755 1
