1 0.00884852 0.00811198
2 0.0174587 0.0163842
3 0.0276201 0.0254972
4 0.0383641 0.0360053
5 0.0514687 0.0522632
6 0.0679239 0.0746611
7 0.0875221 0.100698
8 0.114687 0.130438
9 0.151759 0.166587
10 0.194331 0.208779
11 0.241897 0.259502
12 0.296169 0.310557
13 0.354473 0.365573
14 0.410942 0.419691
15 0.466957 0.472433
16 0.52912 0.528529
17 0.586619 0.586065
18 0.638299 0.639619
19 0.68501 0.685096
20 0.725788 0.723478
21 0.761788 0.756937
22 0.793235 0.786308
23 0.820861 0.813096
24 0.845511 0.837962
25 0.866515 0.860238
26 0.886524 0.880944
27 0.903822 0.899625
28 0.919143 0.91639
29 0.93357 0.930653
30 0.946461 0.94306
31 0.957933 0.953728
32 0.967903 0.962999
33 0.976213 0.971111
34 0.982584 0.97776
35 0.988018 0.983278
36 0.992003 0.987563
37 0.995075 0.991268
38 0.996657 0.994484
39 0.99763 0.996676
40 0.998599 0.997998
41 0.999202 0.998744
42 0.999598 0.999255
43 0.999756 0.999723
44 0.999877 0.999938
45 0.999954 1
46 0.999998 1
