1 0.0086486 0.00821067
2 0.0174702 0.0166101
3 0.0265283 0.025477
4 0.0370108 0.0349954
5 0.0506555 0.0463113
6 0.0672126 0.060445
7 0.0880065 0.0778229
8 0.115854 0.0989124
9 0.154992 0.12563
10 0.199883 0.156679
11 0.249369 0.193132
12 0.302218 0.234463
13 0.357659 0.284687
14 0.413622 0.334594
15 0.470769 0.382408
16 0.532457 0.429012
17 0.588597 0.480661
18 0.638795 0.535251
19 0.683214 0.584504
20 0.723072 0.632738
21 0.759848 0.682192
22 0.792276 0.726891
23 0.82019 0.767329
24 0.845025 0.801258
25 0.86719 0.832683
26 0.886992 0.86169
27 0.905625 0.884207
28 0.922866 0.902952
29 0.937797 0.919399
30 0.950338 0.934655
31 0.961321 0.950104
32 0.970035 0.962013
33 0.978322 0.971621
34 0.98456 0.979041
35 0.989552 0.98511
36 0.992893 0.989424
37 0.995567 0.992556
38 0.996913 0.994362
39 0.997762 0.995815
40 0.99852 0.99704
41 0.999066 0.99795
42 0.999369 0.998681
43 0.999596 0.999315
44 0.999787 0.999761
45 0.999923 0.99994
46 0.999992 1
47 1 1
