1 0.00840237 0.00796568
2 0.0163254 0.0155088
3 0.0249077 0.0232553
4 0.0341811 0.0319252
5 0.0448544 0.0429895
6 0.0587586 0.0576523
7 0.0748462 0.0753035
8 0.092613 0.0955981
9 0.113209 0.120436
10 0.137238 0.150921
11 0.169405 0.188004
12 0.208591 0.235583
13 0.252412 0.28791
14 0.30237 0.335646
15 0.354929 0.382215
16 0.405957 0.43584
17 0.457167 0.486154
18 0.507907 0.535959
19 0.557811 0.585891
20 0.603775 0.634505
21 0.645067 0.682373
22 0.683683 0.729346
23 0.716407 0.775005
24 0.749569 0.820711
25 0.779974 0.860077
26 0.805414 0.894152
27 0.832101 0.922377
28 0.857135 0.94372
29 0.878395 0.959583
30 0.898709 0.973063
31 0.919183 0.983972
32 0.938386 0.990351
33 0.955329 0.993574
34 0.967151 0.995632
35 0.974038 0.998905
36 0.980117 0.999931
37 0.985036 1
38 0.98895 1
39 0.992063 1
40 0.994466 1
41 0.996196 1
42 0.997419 1
43 0.998278 1
44 0.998891 1
45 0.999413 1
