1 0.0113544 0.0100707
2 0.0219962 0.0193499
3 0.0328495 0.0289513
4 0.0440796 0.0387495
5 0.0555767 0.0488315
6 0.0676423 0.0589089
7 0.0802789 0.0696546
8 0.0935092 0.0838385
9 0.108675 0.110018
10 0.130461 0.144412
11 0.16912 0.181503
12 0.214896 0.2265
13 0.26359 0.278514
14 0.315664 0.328899
15 0.370589 0.378987
16 0.427615 0.428899
17 0.480357 0.486377
18 0.534391 0.537081
19 0.594757 0.586111
20 0.6471 0.631304
21 0.703218 0.675747
22 0.753083 0.721005
23 0.799248 0.770111
24 0.8461 0.811616
25 0.878948 0.848297
26 0.90594 0.878783
27 0.928011 0.904154
28 0.944123 0.924164
29 0.958084 0.941027
30 0.969792 0.954409
31 0.979944 0.965012
32 0.987349 0.974181
33 0.992692 0.981821
34 0.995762 0.989171
35 0.997537 0.996315
36 0.998814 0.998613
37 0.99956 0.999621
38 0.999923 0.999959
39 1 1
40 1 1
41 1 1
