1 0.011642 0.00866709
2 0.0225703 0.0167267
3 0.0336359 0.0262197
4 0.0460974 0.0373645
5 0.0600176 0.0514334
6 0.076369 0.0681378
7 0.0947593 0.0869595
8 0.11401 0.108747
9 0.138759 0.138291
10 0.166421 0.176621
11 0.199333 0.222875
12 0.239167 0.267674
13 0.293661 0.314016
14 0.350026 0.369155
15 0.410828 0.424552
16 0.469715 0.474565
17 0.527817 0.522299
18 0.581021 0.568115
19 0.62857 0.612221
20 0.676771 0.652148
21 0.726311 0.689064
22 0.761808 0.723477
23 0.792558 0.754544
24 0.818626 0.781701
25 0.842466 0.807927
26 0.863949 0.833063
27 0.882582 0.857082
28 0.899392 0.879252
29 0.916412 0.899188
30 0.932748 0.916406
31 0.947266 0.933149
32 0.959233 0.948654
33 0.967268 0.962675
34 0.973571 0.974251
35 0.97831 0.983237
36 0.981737 0.989974
37 0.984731 0.994719
38 0.987454 0.99775
39 0.989719 0.999214
40 0.992079 0.999774
41 0.99491 0.999928
42 0.996957 1
43 0.998516 1
44 0.999771 1
45 1 1
