1 0.0115832 0.0122247
2 0.0224331 0.0238276
3 0.0340124 0.0356659
4 0.0474228 0.0476536
5 0.0613999 0.0602354
6 0.0774865 0.0735135
7 0.0957828 0.0913741
8 0.116443 0.111907
9 0.142959 0.135827
10 0.173544 0.16329
11 0.209162 0.198622
12 0.251042 0.235715
13 0.307682 0.271699
14 0.363827 0.311957
15 0.427627 0.353296
16 0.488219 0.389416
17 0.551468 0.423665
18 0.607074 0.457227
19 0.655067 0.488941
20 0.703229 0.520099
21 0.752318 0.552527
22 0.787227 0.582195
23 0.815034 0.605133
24 0.840688 0.625933
25 0.863998 0.646222
26 0.885454 0.664444
27 0.904439 0.681026
28 0.92071 0.696291
29 0.935573 0.710968
30 0.949589 0.725008
31 0.960914 0.737528
32 0.969736 0.748558
33 0.97674 0.759955
34 0.981123 0.770072
35 0.984664 0.78018
36 0.987276 0.790321
37 0.989366 0.802063
38 0.991342 0.817205
39 0.992885 0.830624
40 0.994367 0.843469
41 0.996357 0.854822
42 0.998128 0.865029
43 0.99922 0.876362
44 0.999847 0.885631
45 1 0.894406
46 1 0.902782
