1 0.0124703 0.0121034
2 0.0249255 0.023307
3 0.0379968 0.0349388
4 0.0508173 0.0465342
5 0.0633667 0.0587683
6 0.0759482 0.0739628
7 0.0889319 0.0913215
8 0.105045 0.108314
9 0.129615 0.129437
10 0.156968 0.153878
11 0.196327 0.184011
12 0.242995 0.21869
13 0.295285 0.259978
14 0.345698 0.303046
15 0.391736 0.354006
16 0.432977 0.403202
17 0.473659 0.449729
18 0.509795 0.491958
19 0.541311 0.532114
20 0.569646 0.568871
21 0.596228 0.601185
22 0.62202 0.634846
23 0.649489 0.665484
24 0.673822 0.698113
25 0.695625 0.733888
26 0.715516 0.77077
27 0.734337 0.807135
28 0.753248 0.836577
29 0.771455 0.86183
30 0.788137 0.884305
31 0.804843 0.902353
32 0.820759 0.917725
33 0.835556 0.929945
34 0.849356 0.939224
35 0.861906 0.947704
36 0.874421 0.954855
37 0.886378 0.961685
38 0.898019 0.967053
39 0.908922 0.971234
40 0.919694 0.974959
41 0.92955 0.978159
42 0.938638 0.981145
43 0.947117 0.983648
44 0.954835 0.986012
45 0.961278 0.988018
46 0.967541 0.98985
47 0.972516 0.991394
48 0.977776 0.993217
49 0.981449 0.994699
50 0.985227 0.996103
51 0.988243 0.997049
52 0.990923 0.998008
53 0.993514 0.998926
54 0.995128 0.999595
55 0.996226 1
56 0.997175 1
57 0.997921 1
58 0.998573 1
59 0.999054 1
60 0.999431 1
