1 0.0055355 0.0056763
2 0.0108113 0.010996
3 0.0162772 0.016529
4 0.022071 0.0224657
5 0.0288867 0.0289424
6 0.0378655 0.0358225
7 0.0488192 0.0445545
8 0.062965 0.0555928
9 0.0833935 0.0697844
10 0.10922 0.0886399
11 0.140787 0.11247
12 0.175955 0.139941
13 0.213299 0.169152
14 0.253404 0.194569
15 0.295038 0.223612
16 0.339808 0.254829
17 0.382457 0.286521
18 0.426387 0.318475
19 0.471383 0.351509
20 0.513154 0.385322
21 0.557506 0.421776
22 0.603388 0.460159
23 0.647979 0.501283
24 0.691625 0.542923
25 0.731209 0.587468
26 0.766559 0.629757
27 0.800998 0.670038
28 0.833394 0.707273
29 0.860568 0.74259
30 0.884686 0.777898
31 0.906243 0.815067
32 0.926117 0.847511
33 0.944351 0.876424
34 0.959901 0.901251
35 0.971961 0.923134
36 0.981869 0.937744
37 0.98966 0.949767
38 0.994734 0.960776
39 0.998307 0.970906
40 0.999856 0.979504
41 0.999962 0.988531
42 1 0.993055
43 1 0.995395
44 1 0.99693
45 1 0.998059
46 1 0.998834
47 1 0.999368
