1 0.0126218 0.0142884
2 0.025449 0.0274794
3 0.0386802 0.041274
4 0.0521236 0.0548302
5 0.0649625 0.0690981
6 0.0782931 0.0834825
7 0.0923811 0.0989695
8 0.108494 0.115151
9 0.132058 0.135588
10 0.159173 0.164518
11 0.199163 0.209486
12 0.246752 0.26245
13 0.297111 0.314242
14 0.345343 0.360989
15 0.391309 0.411077
16 0.429915 0.465482
17 0.467659 0.514542
18 0.500571 0.563695
19 0.531364 0.611632
20 0.559015 0.667831
21 0.584232 0.724175
22 0.609854 0.774196
23 0.63601 0.823152
24 0.660715 0.857243
25 0.682764 0.882435
26 0.703471 0.901579
27 0.72337 0.914119
28 0.742064 0.924889
29 0.76002 0.934786
30 0.776539 0.943335
31 0.792539 0.951656
32 0.808577 0.959789
33 0.824703 0.967599
34 0.839463 0.97465
35 0.853884 0.980938
36 0.867698 0.985847
37 0.879756 0.989827
38 0.891622 0.992426
39 0.902288 0.995002
40 0.912363 0.997613
41 0.923096 0.999324
42 0.932908 0.999751
43 0.941722 0.999971
44 0.950526 1
45 0.957802 1
46 0.963777 1
