1 0.020259 0.0205734
2 0.039407 0.0391892
3 0.0587615 0.0577246
4 0.0789679 0.0763988
5 0.0991893 0.0964244
6 0.120263 0.116717
7 0.142815 0.137217
8 0.165431 0.156903
9 0.197155 0.175939
10 0.248951 0.19676
11 0.308422 0.225551
12 0.368193 0.279112
13 0.430482 0.343174
14 0.492764 0.399916
15 0.545513 0.446899
16 0.596701 0.497009
17 0.644879 0.535877
18 0.680953 0.564043
19 0.709428 0.585566
20 0.734014 0.605771
21 0.755984 0.629153
22 0.775583 0.651096
23 0.793965 0.678174
24 0.813027 0.733083
25 0.829649 0.782378
26 0.846891 0.81466
27 0.861276 0.846045
28 0.875395 0.875362
29 0.891717 0.898904
30 0.906241 0.916742
31 0.919906 0.93275
32 0.931987 0.947104
33 0.942226 0.959299
34 0.950377 0.969996
35 0.95833 0.980113
36 0.966114 0.988141
37 0.973214 0.994934
38 0.980364 0.998554
39 0.986714 0.999945
40 0.991863 1
41 0.996187 1
42 0.998904 1
