1 0.0195609 0.0162853
2 0.0388778 0.0317258
3 0.0581197 0.0475477
4 0.078131 0.0635569
5 0.0979696 0.0800263
6 0.120064 0.0960421
7 0.143869 0.11737
8 0.168703 0.149704
9 0.203487 0.18688
10 0.255485 0.225263
11 0.318968 0.270943
12 0.378975 0.322321
13 0.438739 0.38192
14 0.500871 0.464431
15 0.554926 0.535582
16 0.609019 0.598498
17 0.655249 0.654477
18 0.691488 0.708527
19 0.718296 0.755043
20 0.739242 0.795815
21 0.757568 0.829803
22 0.774506 0.85932
23 0.791319 0.884185
24 0.806951 0.901006
25 0.822181 0.914435
26 0.838018 0.925812
27 0.853789 0.937607
28 0.868962 0.951039
29 0.882713 0.963123
30 0.896194 0.976736
31 0.910077 0.987528
32 0.92152 0.994481
33 0.933376 0.997922
34 0.943982 0.999418
35 0.954858 0.999901
36 0.964346 1
37 0.972982 1
38 0.981055 1
