1 0.0203603 0.0213317
2 0.0392794 0.0413989
3 0.0586902 0.0618484
4 0.0799212 0.0822306
5 0.0992794 0.107146
6 0.119531 0.134753
7 0.141032 0.165406
8 0.161824 0.196518
9 0.190996 0.256476
10 0.24164 0.323886
11 0.300379 0.387557
12 0.358394 0.45238
13 0.421336 0.507713
14 0.487348 0.550855
15 0.54271 0.584886
16 0.599478 0.618143
17 0.651 0.649977
18 0.688283 0.677824
19 0.718169 0.705096
20 0.740886 0.735001
21 0.759726 0.752409
22 0.776641 0.768351
23 0.793102 0.782
24 0.811424 0.79527
25 0.827986 0.808028
26 0.843186 0.820899
27 0.859302 0.834715
28 0.875519 0.847616
29 0.890283 0.862634
30 0.904192 0.876202
31 0.917778 0.889758
32 0.928471 0.903482
33 0.937958 0.91595
34 0.947232 0.92791
35 0.954971 0.938257
36 0.96337 0.948637
37 0.972077 0.958765
38 0.979688 0.969229
39 0.987123 0.977089
40 0.9927 0.983264
41 0.996731 0.987347
42 0.998957 0.990956
43 0.999812 0.993615
44 1 0.995677
45 1 0.998257
46 1 0.999614
