1 0.0156276 0.0197705
2 0.030237 0.0383105
3 0.0453353 0.057627
4 0.0608311 0.077373
5 0.0760506 0.0975928
6 0.0934743 0.120283
7 0.114705 0.146997
8 0.140459 0.178301
9 0.170756 0.214614
10 0.207533 0.254033
11 0.263924 0.298662
12 0.320389 0.351812
13 0.376637 0.415396
14 0.430919 0.501885
15 0.4935 0.588984
16 0.551506 0.671465
17 0.605255 0.762617
18 0.652954 0.836089
19 0.697277 0.89647
20 0.736599 0.94917
21 0.774271 0.968154
22 0.814195 0.982432
23 0.856559 0.991147
24 0.900397 0.995796
25 0.923507 0.998916
26 0.938325 0.999927
27 0.949742 1
28 0.959367 1
29 0.967841 1
