1 0.0063889 0.00632852
2 0.0123156 0.0122686
3 0.0185525 0.0183574
4 0.0250484 0.0252019
5 0.0321934 0.0323472
6 0.0399135 0.0417388
7 0.0501487 0.0531066
8 0.0625075 0.065779
9 0.0787904 0.0808928
10 0.106236 0.101708
11 0.137446 0.127768
12 0.170214 0.159386
13 0.20633 0.195365
14 0.242657 0.233918
15 0.283251 0.273217
16 0.325596 0.312277
17 0.367337 0.348837
18 0.408672 0.387532
19 0.450203 0.427813
20 0.494801 0.469579
21 0.541399 0.512564
22 0.590956 0.554719
23 0.638502 0.598171
24 0.681118 0.640325
25 0.71904 0.682381
26 0.753325 0.719936
27 0.785292 0.755436
28 0.813395 0.786843
29 0.838296 0.815549
30 0.860234 0.841432
31 0.881402 0.863464
32 0.901424 0.883797
33 0.921139 0.901231
34 0.939534 0.916172
35 0.955652 0.930848
36 0.96739 0.944504
37 0.975959 0.955462
38 0.982879 0.965181
39 0.98835 0.973366
40 0.99169 0.978989
41 0.993961 0.983598
42 0.995937 0.98752
43 0.997561 0.990639
44 0.998635 0.993284
45 0.999338 0.995439
46 0.999749 0.997439
47 0.999954 0.998838
48 1 0.999493
49 1 0.999824
50 1 0.999977
