1 0.00631001 0.00635471
2 0.0120812 0.0122407
3 0.0180833 0.0187598
4 0.02453 0.026148
5 0.0319725 0.0354839
6 0.0400923 0.0470736
7 0.0505543 0.0602821
8 0.0627851 0.0776042
9 0.0798825 0.104633
10 0.107484 0.139262
11 0.138564 0.178142
12 0.172974 0.217263
13 0.209304 0.257086
14 0.245492 0.294701
15 0.285464 0.334708
16 0.327931 0.3801
17 0.369766 0.425263
18 0.411602 0.470023
19 0.45431 0.515711
20 0.498291 0.560946
21 0.543447 0.60508
22 0.589343 0.648124
23 0.636778 0.690637
24 0.678231 0.729629
25 0.714444 0.765975
26 0.749231 0.802915
27 0.781983 0.836048
28 0.811412 0.865384
29 0.836651 0.888556
30 0.859911 0.910016
31 0.880451 0.928594
32 0.898535 0.945163
33 0.917525 0.960706
34 0.936976 0.972236
35 0.953072 0.98067
36 0.965419 0.986222
37 0.974509 0.990308
38 0.981668 0.993126
39 0.987271 0.994999
40 0.990717 0.996446
41 0.993221 0.997637
42 0.995341 0.998617
43 0.99708 0.999292
44 0.998316 0.999672
45 0.999133 0.999806
46 0.999659 0.999882
47 0.999942 0.999953
48 1 0.999992
49 1 1
