1 0.015718 0.0259446
2 0.0307231 0.0498737
3 0.045811 0.0744316
4 0.0611958 0.0996614
5 0.0773786 0.125128
6 0.093892 0.150094
7 0.111581 0.175426
8 0.133383 0.206423
9 0.160046 0.243902
10 0.198494 0.286917
11 0.243316 0.352518
12 0.30047 0.442257
13 0.355318 0.551191
14 0.402066 0.627949
15 0.446296 0.709213
16 0.486839 0.78817
17 0.523629 0.818613
18 0.558494 0.837866
19 0.590269 0.853701
20 0.620968 0.869041
21 0.647208 0.884235
22 0.671914 0.897006
23 0.693151 0.908181
24 0.712696 0.918871
25 0.731798 0.928385
26 0.750963 0.937184
27 0.767076 0.945783
28 0.781635 0.953588
29 0.796335 0.962456
30 0.809277 0.969976
31 0.821643 0.977124
32 0.833502 0.984139
33 0.844514 0.989933
34 0.855155 0.994346
35 0.865483 0.997979
36 0.875408 0.999855
37 0.884659 1
38 0.89405 1
39 0.90203 1
40 0.910271 1
