1 0.0160331 0.02044
2 0.031281 0.0397265
3 0.0468311 0.0605826
4 0.0627608 0.0823484
5 0.078267 0.109007
6 0.094375 0.141046
7 0.110943 0.178793
8 0.132593 0.222099
9 0.156973 0.276427
10 0.194948 0.339471
11 0.240785 0.402735
12 0.300558 0.477812
13 0.356459 0.551088
14 0.402696 0.622955
15 0.447521 0.678971
16 0.488378 0.732229
17 0.525819 0.785297
18 0.564979 0.828561
19 0.596451 0.871641
20 0.624272 0.90654
21 0.650979 0.935707
22 0.670907 0.9606
23 0.689186 0.976748
24 0.706521 0.985321
25 0.722451 0.990969
26 0.739799 0.995125
27 0.757732 0.998686
28 0.773964 0.999584
29 0.789659 0.999768
30 0.804718 0.999816
31 0.817913 0.999917
32 0.831906 1
33 0.844809 1
