1 0.00921769 0.00967023
2 0.0177488 0.0189388
3 0.0275964 0.0284807
4 0.0391459 0.0398003
5 0.0526871 0.0517652
6 0.0665344 0.0652159
7 0.0826253 0.0833525
8 0.102395 0.108869
9 0.121311 0.139845
10 0.145826 0.181135
11 0.178212 0.227951
12 0.219146 0.28187
13 0.267795 0.337484
14 0.315242 0.394088
15 0.362037 0.457418
16 0.404308 0.523496
17 0.449562 0.585049
18 0.495427 0.645267
19 0.53925 0.696465
20 0.585876 0.747617
21 0.629205 0.79059
22 0.672356 0.825666
23 0.708422 0.858759
24 0.740009 0.885734
25 0.770897 0.914434
26 0.800212 0.936599
27 0.828333 0.954698
28 0.854878 0.967189
29 0.880611 0.975319
30 0.899339 0.981152
31 0.915108 0.985458
32 0.928895 0.988808
33 0.940937 0.991757
34 0.952042 0.994163
35 0.961396 0.995934
36 0.969696 0.997228
37 0.976919 0.99834
38 0.983042 0.999139
39 0.987677 0.999591
40 0.991461 0.999852
41 0.993578 0.99997
42 0.995252 1
43 0.996609 1
