1 0.0118329 0.0124477
2 0.022816 0.0242661
3 0.0346276 0.0365884
4 0.04784 0.0505027
5 0.0658276 0.0667042
6 0.0880427 0.0843256
7 0.113028 0.107618
8 0.141422 0.139184
9 0.179015 0.174361
10 0.223943 0.217749
11 0.271669 0.272352
12 0.326759 0.338859
13 0.392363 0.39838
14 0.457692 0.457806
15 0.525579 0.51584
16 0.588018 0.581103
17 0.63824 0.63837
18 0.681884 0.692603
19 0.721867 0.743947
20 0.759268 0.786483
21 0.793785 0.823363
22 0.825813 0.856093
23 0.857159 0.883737
24 0.88251 0.907302
25 0.909326 0.928847
26 0.935268 0.943284
27 0.952444 0.955307
28 0.966229 0.965284
29 0.976658 0.973829
30 0.983961 0.980965
31 0.989746 0.986791
32 0.994393 0.991574
33 0.997824 0.995115
34 0.999641 0.997252
35 1 0.998644
36 1 0.999675
37 1 0.999962
