1 0.0124302 0.013019
2 0.0237013 0.0259935
3 0.0360889 0.0408745
4 0.0496107 0.0581112
5 0.0671964 0.0806157
6 0.0907378 0.108673
7 0.117138 0.140503
8 0.143609 0.178079
9 0.179808 0.220464
10 0.222724 0.28417
11 0.269945 0.35564
12 0.325522 0.420378
13 0.391161 0.485003
14 0.458862 0.550544
15 0.5336 0.606591
16 0.601035 0.656264
17 0.654699 0.70086
18 0.697223 0.740309
19 0.7359 0.774322
20 0.771221 0.805738
21 0.803413 0.835018
22 0.834176 0.86094
23 0.865244 0.883522
24 0.891097 0.903206
25 0.915776 0.921294
26 0.942585 0.936972
27 0.95957 0.951136
28 0.97222 0.961969
29 0.981447 0.970809
30 0.987954 0.978424
31 0.99237 0.985065
32 0.996007 0.989997
33 0.998812 0.993578
34 0.999876 0.996181
35 1 0.998111
36 1 0.999578
37 1 0.999982
