1 0.00444704 0.00596928
2 0.00877529 0.0115181
3 0.0134413 0.0173034
4 0.0184625 0.0235059
5 0.0242352 0.0305613
6 0.0310861 0.0396083
7 0.0396656 0.0494794
8 0.0507594 0.0620058
9 0.0648511 0.0781702
10 0.0815217 0.0975542
11 0.103252 0.120726
12 0.126978 0.147259
13 0.152682 0.178384
14 0.179052 0.209274
15 0.207615 0.242004
16 0.237451 0.275676
17 0.269004 0.307501
18 0.30079 0.341634
19 0.333725 0.381468
20 0.371516 0.424161
21 0.411705 0.467811
22 0.452288 0.513795
23 0.492678 0.55997
24 0.533855 0.601981
25 0.573735 0.647878
26 0.614259 0.692329
27 0.654625 0.735028
28 0.692348 0.776224
29 0.727934 0.81431
30 0.762896 0.852721
31 0.795449 0.887903
32 0.827553 0.918426
33 0.857186 0.945205
34 0.883151 0.964826
35 0.906618 0.9817
36 0.929241 0.992764
37 0.946136 0.997061
38 0.96008 0.998447
39 0.972645 0.999577
40 0.982164 0.999931
41 0.9893 0.999994
42 0.99367 1
43 0.996596 1
44 0.998375 1
