1 0.0128798 0.0119724
2 0.0253333 0.024132
3 0.0385215 0.0373662
4 0.0537361 0.0507015
5 0.0696345 0.0654682
6 0.0855764 0.0801694
7 0.101937 0.0957833
8 0.118571 0.11239
9 0.136103 0.135572
10 0.165388 0.16727
11 0.208082 0.205941
12 0.248232 0.257065
13 0.288896 0.305474
14 0.343579 0.349976
15 0.405433 0.39496
16 0.471367 0.437733
17 0.529807 0.472857
18 0.584815 0.504677
19 0.630688 0.533688
20 0.669722 0.560216
21 0.705981 0.584853
22 0.737457 0.606807
23 0.767664 0.62761
24 0.79465 0.647066
25 0.819641 0.664235
26 0.842612 0.678933
27 0.863082 0.69272
28 0.882119 0.705655
29 0.899443 0.71786
30 0.915282 0.730036
31 0.929665 0.740847
32 0.94139 0.751113
33 0.952633 0.760844
34 0.962259 0.76849
35 0.969823 0.775606
36 0.975349 0.781651
37 0.979877 0.787427
38 0.984132 0.79291
39 0.98782 0.798065
40 0.990756 0.803295
41 0.9936 0.808414
42 0.996013 0.813466
43 0.99842 0.81864
44 0.999877 0.824385
45 1 0.830049
