1 0.0115111 0.0116874
2 0.0224117 0.0231339
3 0.03343 0.033972
4 0.0448262 0.044842
5 0.057123 0.0566945
6 0.0696826 0.0693718
7 0.0827765 0.0832074
8 0.098216 0.100204
9 0.120392 0.121914
10 0.150643 0.144384
11 0.189332 0.180346
12 0.233295 0.215468
13 0.280259 0.249864
14 0.329142 0.279712
15 0.379097 0.307244
16 0.42732 0.335604
17 0.477998 0.365687
18 0.526785 0.397068
19 0.574805 0.427386
20 0.627037 0.460536
21 0.671994 0.489896
22 0.714776 0.519027
23 0.763344 0.551196
24 0.795645 0.580806
25 0.825468 0.610835
26 0.857585 0.642392
27 0.886619 0.669815
28 0.915182 0.695697
29 0.938012 0.722238
30 0.954836 0.750011
31 0.967914 0.775317
32 0.978199 0.796773
33 0.985192 0.816077
34 0.990188 0.834444
35 0.994069 0.853934
36 0.99657 0.870358
37 0.998154 0.885934
38 0.999051 0.899917
39 0.999602 0.91229
40 0.999941 0.923914
41 1 0.93511
42 1 0.945515
43 1 0.954321
44 1 0.96259
45 1 0.970018
46 1 0.977001
