1 0.0141319 0.0145219
2 0.0274884 0.0276656
3 0.0411613 0.0411406
4 0.0566744 0.0551344
5 0.0785108 0.0700031
6 0.101076 0.0872875
7 0.124367 0.105478
8 0.155154 0.1322
9 0.199379 0.164788
10 0.252782 0.203453
11 0.316285 0.249941
12 0.379884 0.303228
13 0.444136 0.358084
14 0.503013 0.406472
15 0.573272 0.460372
16 0.648067 0.514344
17 0.713773 0.573838
18 0.781651 0.629178
19 0.830787 0.676931
20 0.874155 0.717559
21 0.906497 0.750897
22 0.931092 0.780722
23 0.954576 0.809419
24 0.973387 0.837675
25 0.98963 0.865031
26 0.99809 0.885403
27 0.99985 0.906634
28 0.999973 0.925881
29 1 0.943612
30 1 0.956694
31 1 0.966266
32 1 0.973834
33 1 0.980703
34 1 0.986016
35 1 0.990887
