1 0.0141898 0.0261686
2 0.0273804 0.0508284
3 0.0405826 0.0748521
4 0.0569174 0.0991864
5 0.0795255 0.122877
6 0.101694 0.147648
7 0.126265 0.171391
8 0.158453 0.195429
9 0.198924 0.219467
10 0.250961 0.244527
11 0.31044 0.269223
12 0.371354 0.295422
13 0.435725 0.325222
14 0.497813 0.355118
15 0.566624 0.385229
16 0.643275 0.415244
17 0.705312 0.444519
18 0.771775 0.476036
19 0.81907 0.506694
20 0.865309 0.541686
21 0.900849 0.578964
22 0.923989 0.630436
23 0.945509 0.694926
24 0.967299 0.74716
25 0.987037 0.7925
26 0.995965 0.828129
27 0.999742 0.857515
28 0.999931 0.885399
29 1 0.909963
30 1 0.92574
31 1 0.939194
32 1 0.950081
33 1 0.958772
34 1 0.966967
35 1 0.974305
