1 0.00391797 0.00456738
2 0.00754163 0.00890203
3 0.0113875 0.0134672
4 0.0154519 0.0181932
5 0.0203943 0.0233211
6 0.0270775 0.0301054
7 0.0352087 0.0384619
8 0.0450036 0.04936
9 0.057873 0.0642669
10 0.0744289 0.0811368
11 0.0960748 0.1038
12 0.121572 0.130715
13 0.149052 0.157061
14 0.177899 0.183668
15 0.207678 0.21092
16 0.238987 0.238691
17 0.273682 0.268845
18 0.310362 0.301212
19 0.349856 0.337371
20 0.391264 0.373541
21 0.430763 0.409999
22 0.472945 0.447251
23 0.515442 0.483811
24 0.558649 0.518274
25 0.600119 0.551956
26 0.641048 0.58564
27 0.678455 0.616419
28 0.715554 0.646564
29 0.752327 0.675497
30 0.787722 0.702768
31 0.821982 0.727778
32 0.853632 0.750623
33 0.881902 0.771442
34 0.90815 0.79163
35 0.928928 0.812081
36 0.943695 0.833121
37 0.955578 0.855271
38 0.966382 0.873911
39 0.975905 0.89012
40 0.982389 0.904431
41 0.987116 0.917343
42 0.990962 0.928722
43 0.993751 0.93889
44 0.995792 0.948081
45 0.997126 0.955951
46 0.998044 0.963083
47 0.998799 0.969734
48 0.999354 0.975469
49 0.99971 0.98063
50 0.999894 0.985014
51 0.999983 0.988594
52 1 0.99117
53 1 0.9932
54 1 0.995071
