1 0.0135813 0.0152966
2 0.0265427 0.0298115
3 0.0409229 0.0459984
4 0.0635721 0.062768
5 0.0881038 0.0815678
6 0.118361 0.102333
7 0.148301 0.127303
8 0.185987 0.154975
9 0.243251 0.186373
10 0.310253 0.222703
11 0.390124 0.264828
12 0.459449 0.320717
13 0.524389 0.401031
14 0.587452 0.473086
15 0.647172 0.542437
16 0.705597 0.603818
17 0.756855 0.66179
18 0.801051 0.722102
19 0.843324 0.768332
20 0.890689 0.809414
21 0.92888 0.84884
22 0.952672 0.88601
23 0.967461 0.920717
24 0.977355 0.946919
25 0.984995 0.962132
26 0.991469 0.973079
27 0.996974 0.979958
28 0.9995 0.985756
29 0.999784 0.991828
30 0.999977 0.996307
31 1 0.999554
32 1 0.999942
33 1 0.999995
