1 0.0034264 0.00378677
2 0.00668556 0.00745913
3 0.0100689 0.0112487
4 0.0136099 0.0152686
5 0.0176043 0.0196268
6 0.021999 0.0245068
7 0.0275017 0.0306565
8 0.035281 0.0386866
9 0.0458378 0.0491223
10 0.059177 0.0659071
11 0.0751215 0.0868056
12 0.0914781 0.109632
13 0.109333 0.133897
14 0.128362 0.158219
15 0.149326 0.182543
16 0.172733 0.207396
17 0.197919 0.233504
18 0.224755 0.262909
19 0.2522 0.295322
20 0.27976 0.33049
21 0.308803 0.364905
22 0.340041 0.40076
23 0.373221 0.438091
24 0.406953 0.476418
25 0.440721 0.514932
26 0.473384 0.553614
27 0.504839 0.59258
28 0.536504 0.630671
29 0.568115 0.666746
30 0.600616 0.702105
31 0.631124 0.735938
32 0.661247 0.769056
33 0.692707 0.801565
34 0.7226 0.832535
35 0.749939 0.860355
36 0.77507 0.884284
37 0.797511 0.905015
38 0.818991 0.923646
39 0.838689 0.938923
40 0.855504 0.951651
41 0.871341 0.961319
42 0.886224 0.96891
43 0.899982 0.975623
44 0.912068 0.981622
45 0.923975 0.986302
46 0.935277 0.990021
47 0.944458 0.992796
48 0.952564 0.994874
49 0.960039 0.996415
50 0.967811 0.997343
51 0.97464 0.998016
52 0.980063 0.998456
53 0.98426 0.998853
54 0.988101 0.999202
55 0.991515 0.999502
56 0.994357 0.999762
57 0.99679 0.999917
58 0.998406 0.999995
59 0.999554 1
60 0.999881 1
61 0.999991 1
62 1 1
