1 0.00336352 0.00306099
2 0.00655879 0.00610105
3 0.00987155 0.00944477
4 0.0133727 0.0131767
5 0.0174046 0.0172031
6 0.0220566 0.0217826
7 0.0276225 0.0278322
8 0.0355576 0.035598
9 0.0461068 0.0450224
10 0.0594917 0.0576031
11 0.0757949 0.0719095
12 0.0926844 0.0880324
13 0.111368 0.105998
14 0.130938 0.124395
15 0.15266 0.143752
16 0.176221 0.162927
17 0.201432 0.182178
18 0.228653 0.203235
19 0.256644 0.225812
20 0.284585 0.248575
21 0.313898 0.273512
22 0.345282 0.299308
23 0.378386 0.325383
24 0.411781 0.351933
25 0.445901 0.37858
26 0.479746 0.4064
27 0.512364 0.434081
28 0.544919 0.462139
29 0.577156 0.490549
30 0.609723 0.519773
31 0.640526 0.549245
32 0.671205 0.578609
33 0.702621 0.606801
34 0.732105 0.635203
35 0.758679 0.662986
36 0.783441 0.690136
37 0.80587 0.716
38 0.827334 0.74016
39 0.847351 0.762928
40 0.864478 0.785034
41 0.87999 0.8065
42 0.894254 0.825883
43 0.907537 0.845426
44 0.918884 0.863862
45 0.93063 0.879354
46 0.941201 0.89312
47 0.950019 0.906161
48 0.957647 0.918307
49 0.9644 0.928313
50 0.971433 0.936461
51 0.977603 0.943926
52 0.982508 0.950783
53 0.986171 0.957326
54 0.989503 0.963199
55 0.992289 0.968358
56 0.994694 0.972591
57 0.996733 0.977598
58 0.99841 0.982579
59 0.999642 0.986752
60 0.999908 0.990434
61 0.999994 0.993819
62 1 0.996535
63 1 0.997904
64 1 0.998905
65 1 0.999571
