1 0.00345178 0.00373079
2 0.00669342 0.00720913
3 0.0100696 0.0108891
4 0.013589 0.0149172
5 0.0177602 0.0192115
6 0.0224003 0.0241989
7 0.0279371 0.0304368
8 0.0359165 0.0378847
9 0.0464616 0.0492903
10 0.0597105 0.0649727
11 0.0755899 0.0840583
12 0.0921762 0.105818
13 0.110421 0.127943
14 0.12974 0.149364
15 0.15165 0.17206
16 0.174807 0.196561
17 0.200079 0.222854
18 0.227411 0.250844
19 0.255567 0.282248
20 0.283821 0.315545
21 0.313578 0.349819
22 0.343789 0.384881
23 0.376321 0.421418
24 0.41027 0.458966
25 0.444674 0.496749
26 0.478711 0.535526
27 0.51126 0.572204
28 0.543971 0.606674
29 0.576727 0.64157
30 0.608886 0.677356
31 0.639544 0.709045
32 0.670015 0.739008
33 0.701731 0.767682
34 0.731326 0.796717
35 0.757916 0.824968
36 0.78277 0.851115
37 0.805228 0.87536
38 0.827043 0.897675
39 0.847163 0.917803
40 0.864715 0.936017
41 0.880324 0.950782
42 0.895107 0.963576
43 0.908954 0.973971
44 0.920756 0.9818
45 0.932518 0.987056
46 0.943509 0.990975
47 0.95258 0.994022
48 0.960174 0.99645
49 0.96682 0.997953
50 0.973124 0.998778
51 0.978945 0.999368
52 0.983538 0.999737
53 0.987165 0.999894
54 0.990302 0.999958
55 0.993055 0.999981
56 0.995179 0.999994
57 0.99721 1
58 0.998731 1
59 0.999717 1
