1 0.033312 0.0248274
2 0.065496 0.0476997
3 0.099928 0.0714437
4 0.133512 0.0958478
5 0.167464 0.120081
6 0.204272 0.145215
7 0.243088 0.170809
8 0.281848 0.196286
9 0.325032 0.239567
10 0.38356 0.29865
11 0.4738 0.395344
12 0.573744 0.487367
13 0.6798 0.562913
14 0.758552 0.624621
15 0.818152 0.682535
16 0.856984 0.732673
17 0.886304 0.780726
18 0.908152 0.842741
19 0.92464 0.883865
20 0.939312 0.910612
21 0.949568 0.929751
22 0.959024 0.947412
23 0.966992 0.962192
24 0.973792 0.973041
25 0.979352 0.981728
26 0.983832 0.988642
27 0.987312 0.994845
28 0.990296 0.9981
29 0.992832 0.999733
30 0.99496 1
31 0.996664 1
