1 0.031648 0.0152533
2 0.061912 0.0294827
3 0.093544 0.0441102
4 0.123248 0.0589262
5 0.155376 0.0740196
6 0.187256 0.089504
7 0.220376 0.106404
8 0.254656 0.1257
9 0.294784 0.148164
10 0.347152 0.181493
11 0.42356 0.21872
12 0.509592 0.267353
13 0.6058 0.332263
14 0.682896 0.396672
15 0.747424 0.451623
16 0.789688 0.504988
17 0.825568 0.554254
18 0.848704 0.601511
19 0.871896 0.643584
20 0.890752 0.682638
21 0.906264 0.719228
22 0.922392 0.754535
23 0.936864 0.787214
24 0.948208 0.816853
25 0.957656 0.844988
26 0.965416 0.867036
27 0.972344 0.886194
28 0.978512 0.903278
29 0.9836 0.919278
30 0.988368 0.932811
31 0.992104 0.944085
32 0.995352 0.954507
33 0.997424 0.961611
34 0.998816 0.968523
35 0.999704 0.974364
36 1 0.979662
