1 0.0151524 0.0117344
2 0.0301789 0.02266
3 0.0468582 0.0350908
4 0.0649181 0.0490441
5 0.0928849 0.075519
6 0.131852 0.107876
7 0.177526 0.138127
8 0.225996 0.170662
9 0.283255 0.214909
10 0.34647 0.270087
11 0.417082 0.319351
12 0.483729 0.372738
13 0.544011 0.436765
14 0.607841 0.516362
15 0.66579 0.588659
16 0.720907 0.647591
17 0.763084 0.70045
18 0.798801 0.748339
19 0.83035 0.785908
20 0.858045 0.819589
21 0.879073 0.852266
22 0.896891 0.882305
23 0.913681 0.907106
24 0.92903 0.927677
25 0.942958 0.950372
26 0.953419 0.966315
27 0.962368 0.977275
28 0.969861 0.987184
29 0.976291 0.993651
30 0.981618 0.997902
31 0.985991 0.999554
32 0.989811 1
33 0.992855 1
34 0.995213 1
35 0.996987 1
