1 0.0134476 0.00913769
2 0.0261116 0.0175125
3 0.038888 0.026088
4 0.0528834 0.0347748
5 0.0672435 0.0438221
6 0.0829098 0.0540633
7 0.101117 0.0646278
8 0.124405 0.0760847
9 0.151374 0.0904285
10 0.183882 0.110196
11 0.233194 0.138878
12 0.296439 0.171539
13 0.357246 0.204767
14 0.41099 0.240098
15 0.46219 0.273639
16 0.511392 0.307924
17 0.557885 0.341037
18 0.600805 0.374517
19 0.643906 0.40892
20 0.680038 0.445538
21 0.711059 0.477885
22 0.740642 0.508283
23 0.769382 0.538859
24 0.797459 0.568439
25 0.825085 0.597176
26 0.851196 0.623961
27 0.87573 0.64955
28 0.89863 0.674133
29 0.920533 0.697822
30 0.940354 0.720366
31 0.956733 0.742799
32 0.970211 0.765031
33 0.978948 0.787083
34 0.985283 0.806655
35 0.990233 0.82458
36 0.993992 0.84103
37 0.996593 0.856387
38 0.998186 0.870792
39 0.999485 0.883818
40 1 0.895636
41 1 0.905888
