1 0.00699433 0.0097012
2 0.0135644 0.0187173
3 0.0211815 0.0283528
4 0.0294465 0.0396095
5 0.0414377 0.0529198
6 0.0568273 0.0674674
7 0.0733795 0.0852807
8 0.0924617 0.111265
9 0.114429 0.144266
10 0.141285 0.179532
11 0.174463 0.220086
12 0.213313 0.263791
13 0.258496 0.320715
14 0.306814 0.386397
15 0.362849 0.449979
16 0.415465 0.511065
17 0.465091 0.574043
18 0.513041 0.631649
19 0.559623 0.685494
20 0.605589 0.733341
21 0.648865 0.776579
22 0.688498 0.817263
23 0.723924 0.852176
24 0.755843 0.881784
25 0.785992 0.906627
26 0.813581 0.927885
27 0.837995 0.944375
28 0.859932 0.957349
29 0.879284 0.967488
30 0.897552 0.975579
31 0.914973 0.982579
32 0.929594 0.98828
33 0.942863 0.9931
34 0.954883 0.996271
35 0.96529 0.999032
36 0.972888 0.999857
37 0.979821 0.999981
38 0.985841 1
39 0.990344 1
