1 0.00553574 0.00557397
2 0.0106451 0.0108029
3 0.0161151 0.016207
4 0.0223597 0.0219409
5 0.0291165 0.0285764
6 0.036423 0.0371897
7 0.0456702 0.0482037
8 0.0567068 0.061593
9 0.0719176 0.077695
10 0.0911802 0.0967128
11 0.116911 0.121078
12 0.147272 0.150938
13 0.179839 0.18645
14 0.213703 0.222299
15 0.248241 0.259603
16 0.283719 0.297718
17 0.318939 0.335535
18 0.355367 0.372325
19 0.395453 0.411277
20 0.436157 0.453655
21 0.47653 0.502487
22 0.520279 0.548254
23 0.563603 0.590963
24 0.607695 0.637999
25 0.651226 0.679639
26 0.692795 0.718437
27 0.731993 0.753867
28 0.770421 0.786192
29 0.804167 0.816449
30 0.834271 0.84239
31 0.859501 0.865974
32 0.882023 0.888003
33 0.901041 0.910538
34 0.919059 0.92772
35 0.937486 0.941376
36 0.954347 0.953055
37 0.963829 0.963898
38 0.970459 0.973379
39 0.975216 0.980719
40 0.978428 0.985523
41 0.98101 0.988969
42 0.983379 0.991868
43 0.985755 0.995326
44 0.98787 0.997586
45 0.989772 0.998632
46 0.991456 0.999433
47 0.992826 0.999888
48 0.994009 1
49 0.995065 1
50 0.996067 1
51 0.997386 1
