1 0.00551576 0.00779535
2 0.0108635 0.0153575
3 0.0167681 0.0231405
4 0.0231797 0.0308572
5 0.0294969 0.0387243
6 0.0364291 0.0472013
7 0.0452553 0.0559412
8 0.0559739 0.0667701
9 0.0699263 0.0800366
10 0.0892489 0.0986916
11 0.115541 0.125389
12 0.145464 0.153127
13 0.177854 0.180885
14 0.210352 0.212331
15 0.243019 0.247044
16 0.277306 0.280741
17 0.312119 0.31507
18 0.347158 0.350962
19 0.385811 0.391137
20 0.426021 0.435714
21 0.467003 0.472341
22 0.511112 0.507973
23 0.556323 0.546381
24 0.600392 0.585433
25 0.643466 0.624937
26 0.683759 0.665375
27 0.723067 0.697651
28 0.762094 0.727276
29 0.796306 0.754394
30 0.828043 0.785085
31 0.854084 0.811884
32 0.877372 0.834766
33 0.897203 0.85494
34 0.916443 0.873703
35 0.935794 0.892116
36 0.95297 0.908947
37 0.962755 0.924323
38 0.969542 0.937348
39 0.974508 0.947234
40 0.978114 0.955221
41 0.980642 0.963598
42 0.983035 0.972868
43 0.985359 0.979166
44 0.987566 0.984396
45 0.989582 0.988929
46 0.991231 0.992618
47 0.992577 0.995778
48 0.993802 0.998524
49 0.994984 0.99953
50 0.996064 0.999797
51 0.997392 0.99989
52 0.998316 0.999945
53 0.999191 0.999981
54 0.999812 1
55 1 1
56 1 1
57 1 1
58 1 1
