1 0.0130716 0.0113776
2 0.0255802 0.0216468
3 0.0384864 0.0325255
4 0.0524469 0.0439456
5 0.0693852 0.0562188
6 0.0907333 0.0695975
7 0.113679 0.0841412
8 0.137951 0.102095
9 0.166877 0.120295
10 0.200642 0.142891
11 0.250385 0.172494
12 0.317052 0.209872
13 0.377035 0.24809
14 0.443965 0.287163
15 0.506472 0.32485
16 0.566358 0.361893
17 0.628279 0.400865
18 0.683477 0.439974
19 0.727242 0.477591
20 0.764202 0.509646
21 0.796886 0.539872
22 0.824573 0.570468
23 0.849753 0.599864
24 0.87356 0.627783
25 0.891998 0.652851
26 0.906464 0.675697
27 0.919136 0.699915
28 0.930711 0.73059
29 0.94102 0.764408
30 0.950121 0.801091
31 0.958914 0.837092
32 0.968141 0.863024
33 0.97658 0.887656
34 0.983153 0.910082
35 0.987642 0.931834
36 0.990296 0.950638
37 0.992141 0.963897
38 0.993242 0.975266
39 0.994393 0.984419
40 0.995279 0.990989
41 0.996425 0.996052
42 0.997383 0.999563
43 0.998477 1
44 0.999454 1
45 0.999936 1
