1 0.00358023 0.00312907
2 0.00704019 0.00609768
3 0.0106777 0.00911784
4 0.0146395 0.0125099
5 0.0190601 0.0163067
6 0.0239331 0.0208218
7 0.0296526 0.0259653
8 0.0365768 0.0328303
9 0.045609 0.0415993
10 0.0590088 0.0529183
11 0.0772278 0.0683317
12 0.0986939 0.0874415
13 0.123804 0.108671
14 0.150411 0.130726
15 0.177367 0.152068
16 0.205348 0.173417
17 0.234481 0.19507
18 0.265267 0.217629
19 0.298647 0.241949
20 0.332407 0.268609
21 0.367468 0.298334
22 0.403197 0.327598
23 0.440896 0.358071
24 0.4773 0.38745
25 0.513129 0.416621
26 0.550063 0.448169
27 0.589674 0.478849
28 0.631108 0.509849
29 0.670717 0.540572
30 0.707906 0.573294
31 0.740658 0.605138
32 0.772763 0.636747
33 0.804318 0.667018
34 0.831571 0.69584
35 0.857033 0.723582
36 0.882546 0.752612
37 0.906601 0.778404
38 0.927412 0.804261
39 0.946165 0.828725
40 0.963896 0.851369
41 0.97572 0.872201
42 0.984292 0.890433
43 0.99033 0.906385
44 0.994734 0.920646
45 0.997106 0.933714
46 0.998505 0.945579
47 0.999267 0.95556
48 0.999762 0.964234
49 0.999955 0.971372
50 1 0.977289
51 1 0.982424
52 1 0.986651
53 1 0.989969
54 1 0.992389
55 1 0.994334
