1 0.0127531 0.0140409
2 0.0253111 0.0277651
3 0.0377753 0.0420234
4 0.0511802 0.0572991
5 0.0680123 0.072776
6 0.0889333 0.0892173
7 0.111778 0.110017
8 0.138877 0.14142
9 0.16958 0.17347
10 0.206007 0.203718
11 0.255625 0.242063
12 0.320551 0.291925
13 0.380212 0.348986
14 0.444405 0.41568
15 0.504699 0.475408
16 0.565081 0.530859
17 0.626514 0.585436
18 0.682012 0.640592
19 0.727309 0.696968
20 0.763163 0.756753
21 0.79663 0.810706
22 0.82404 0.859188
23 0.849165 0.891183
24 0.87463 0.917438
25 0.893788 0.936594
26 0.908447 0.953467
27 0.919884 0.966112
28 0.930269 0.977177
29 0.939395 0.985145
30 0.948704 0.990251
31 0.958252 0.992984
32 0.968101 0.994971
33 0.976504 0.996788
34 0.983089 0.997991
35 0.987869 0.998902
36 0.990496 0.99997
37 0.992067 1
38 0.993168 1
