1 0.0131852 0.0126172
2 0.0258914 0.024828
3 0.0387531 0.0383626
4 0.0524765 0.0548933
5 0.0690395 0.0728872
6 0.0896469 0.091125
7 0.112457 0.11003
8 0.139336 0.130971
9 0.169153 0.16477
10 0.207104 0.209569
11 0.257158 0.278522
12 0.319968 0.3465
13 0.380896 0.416156
14 0.450864 0.483887
15 0.513091 0.546561
16 0.572422 0.610051
17 0.631988 0.673192
18 0.68377 0.7337
19 0.730086 0.79514
20 0.768442 0.852919
21 0.802227 0.894731
22 0.830919 0.926515
23 0.856084 0.950965
24 0.877874 0.967548
25 0.895496 0.978368
26 0.909309 0.985525
27 0.921447 0.990559
28 0.931867 0.994017
29 0.941294 0.996621
30 0.950193 0.998235
31 0.959062 0.999251
32 0.967511 0.999692
33 0.97563 0.999939
34 0.982743 1
