1 0.00802358 0.0089477
2 0.0154866 0.0170376
3 0.0236717 0.0254831
4 0.0341968 0.0365131
5 0.0496925 0.055067
6 0.0699211 0.0764142
7 0.0948499 0.0980293
8 0.124651 0.124418
9 0.161497 0.157229
10 0.203944 0.192199
11 0.247452 0.227923
12 0.296258 0.266363
13 0.349892 0.314595
14 0.411746 0.365893
15 0.474327 0.423503
16 0.527414 0.480469
17 0.578262 0.531846
18 0.631166 0.584346
19 0.679822 0.638919
20 0.728216 0.688406
21 0.770471 0.725038
22 0.80919 0.757867
23 0.844466 0.789187
24 0.876637 0.82008
25 0.904796 0.850389
26 0.927202 0.877879
27 0.945482 0.903278
28 0.959712 0.924192
29 0.971273 0.943434
30 0.981261 0.95993
31 0.988109 0.97304
32 0.992793 0.981693
33 0.995576 0.987124
34 0.99737 0.990914
35 0.99869 0.993737
36 0.999514 0.995871
37 0.999967 0.997632
38 1 0.998753
39 1 0.999534
40 1 0.999957
41 1 1
