1 0.00815238 0.00840506
2 0.0156245 0.0162295
3 0.0234884 0.0247232
4 0.0333569 0.0340009
5 0.0481832 0.0458575
6 0.0688218 0.0604087
7 0.0955664 0.0783532
8 0.127305 0.0987554
9 0.163973 0.121955
10 0.209344 0.147766
11 0.254627 0.180841
12 0.302522 0.224511
13 0.355225 0.275599
14 0.415327 0.327811
15 0.476767 0.379644
16 0.532232 0.427943
17 0.582547 0.474201
18 0.633566 0.517205
19 0.679819 0.560761
20 0.725094 0.604346
21 0.765224 0.645897
22 0.802284 0.686637
23 0.836922 0.729544
24 0.869272 0.76791
25 0.896156 0.801933
26 0.919761 0.832622
27 0.938161 0.859913
28 0.953429 0.884391
29 0.965785 0.906324
30 0.977507 0.924835
31 0.985836 0.940356
32 0.991463 0.952981
33 0.99479 0.963832
34 0.996985 0.972888
35 0.998175 0.979818
36 0.999137 0.984769
37 0.999951 0.988435
38 1 0.99148
39 1 0.993643
40 1 0.995721
41 1 0.997587
