1 0.00797239 0.00884132
2 0.0154381 0.0171554
3 0.0232489 0.0256711
4 0.032206 0.0367967
5 0.0443077 0.0535504
6 0.0633347 0.0739537
7 0.0868765 0.0963785
8 0.113036 0.126476
9 0.144589 0.167722
10 0.179064 0.219245
11 0.225703 0.271698
12 0.274007 0.326893
13 0.319359 0.387053
14 0.366967 0.452202
15 0.416956 0.511593
16 0.464956 0.571491
17 0.511359 0.629359
18 0.552496 0.681765
19 0.590822 0.731982
20 0.629812 0.780102
21 0.664259 0.822615
22 0.697334 0.857785
23 0.726538 0.892045
24 0.753628 0.923154
25 0.778364 0.948648
26 0.80134 0.965071
27 0.823631 0.977441
28 0.844298 0.985464
29 0.863533 0.990577
30 0.880722 0.993696
31 0.896132 0.99566
32 0.910642 0.997069
33 0.924501 0.998193
34 0.937852 0.99884
35 0.948711 0.999436
36 0.959276 0.999812
37 0.967976 0.99997
38 0.974179 1
