1 0.00577841 0.0055664
2 0.0111303 0.010911
3 0.0169223 0.0164755
4 0.0233778 0.0225503
5 0.0305757 0.0295318
6 0.0381481 0.0370326
7 0.0473591 0.0465231
8 0.0588121 0.0578044
9 0.0755658 0.0722414
10 0.0985619 0.0920302
11 0.127336 0.121348
12 0.161877 0.155289
13 0.1938 0.191159
14 0.225067 0.226173
15 0.255512 0.260411
16 0.290666 0.296085
17 0.329457 0.329667
18 0.37243 0.365091
19 0.415406 0.404005
20 0.459694 0.443205
21 0.505815 0.482195
22 0.552999 0.523119
23 0.598793 0.563565
24 0.642597 0.606202
25 0.686922 0.648118
26 0.730038 0.689874
27 0.771027 0.727586
28 0.809434 0.762295
29 0.84387 0.793243
30 0.873482 0.823837
31 0.902553 0.853171
32 0.928125 0.881531
33 0.948519 0.91075
34 0.964886 0.934178
35 0.976562 0.952778
36 0.984303 0.968756
37 0.989133 0.979353
38 0.993063 0.986732
39 0.996266 0.99236
40 0.998286 0.996432
41 0.999527 0.998454
42 0.999811 0.99944
43 0.999942 0.999839
44 0.999995 1
45 1 1
46 1 1
47 1 1
