1 0.00792189 0.0114435
2 0.0151014 0.0221928
3 0.0229004 0.0332522
4 0.0320226 0.0446291
5 0.0449962 0.0586389
6 0.0651629 0.0744681
7 0.0905126 0.0936953
8 0.117396 0.114253
9 0.151268 0.138362
10 0.186631 0.168113
11 0.234367 0.210613
12 0.284363 0.259601
13 0.331684 0.310291
14 0.378924 0.368275
15 0.428619 0.432811
16 0.476726 0.492005
17 0.523799 0.551769
18 0.564956 0.60702
19 0.605131 0.653881
20 0.644373 0.698423
21 0.679786 0.740496
22 0.712119 0.769523
23 0.741143 0.793273
24 0.76788 0.8192
25 0.792191 0.843118
26 0.8148 0.871073
27 0.83678 0.910232
28 0.856867 0.935238
29 0.87514 0.953437
30 0.891209 0.970045
31 0.905683 0.980148
32 0.919719 0.986575
33 0.932544 0.990866
34 0.944434 0.9937
35 0.954425 0.996103
36 0.964587 0.99776
37 0.973314 0.998814
38 0.978645 0.999667
39 0.982705 0.999982
40 0.986363 1
41 0.988784 1
42 0.991481 1
