1 0.00510962 0.00679919
2 0.00992077 0.0132452
3 0.0149727 0.0200106
4 0.0204293 0.0269416
5 0.0271054 0.0342151
6 0.0353651 0.0421884
7 0.0442121 0.0528634
8 0.055265 0.0655427
9 0.0687999 0.0796884
10 0.0869678 0.09595
11 0.112914 0.115756
12 0.143583 0.143513
13 0.177937 0.175662
14 0.214434 0.212872
15 0.24965 0.248694
16 0.284362 0.284528
17 0.321394 0.321006
18 0.359997 0.359131
19 0.398756 0.401215
20 0.441514 0.444733
21 0.485075 0.484934
22 0.530461 0.523868
23 0.577831 0.560911
24 0.624136 0.596318
25 0.667611 0.631362
26 0.70735 0.667533
27 0.746453 0.704909
28 0.779945 0.740065
29 0.813858 0.772371
30 0.847764 0.802284
31 0.876982 0.830385
32 0.900858 0.85647
33 0.921703 0.878233
34 0.939429 0.895999
35 0.953736 0.911072
36 0.965245 0.923531
37 0.974489 0.934899
38 0.981444 0.945168
39 0.986928 0.954374
40 0.991137 0.962954
41 0.994141 0.970778
42 0.996369 0.977358
43 0.997889 0.983508
44 0.998874 0.988521
45 0.999396 0.995
46 0.999703 0.997255
47 0.999834 0.998503
48 0.999925 0.999333
49 0.99997 0.999775
50 0.999992 0.999949
51 1 0.999998
52 1 1
