1 0.00807003 0.00818232
2 0.0152664 0.0165542
3 0.023493 0.025825
4 0.0324114 0.0367907
5 0.0466021 0.0526932
6 0.0665432 0.071365
7 0.0906893 0.0939431
8 0.1173 0.118686
9 0.149752 0.146687
10 0.18423 0.186904
11 0.23377 0.243328
12 0.286998 0.301591
13 0.334878 0.363104
14 0.384277 0.425839
15 0.434228 0.487673
16 0.482584 0.547299
17 0.528279 0.605457
18 0.568636 0.663025
19 0.606855 0.717052
20 0.644171 0.768261
21 0.679904 0.812848
22 0.711331 0.850919
23 0.739759 0.884013
24 0.76602 0.913003
25 0.791305 0.93579
26 0.814364 0.953331
27 0.835155 0.966611
28 0.853787 0.977201
29 0.871479 0.984541
30 0.887924 0.989922
31 0.903592 0.99392
32 0.917763 0.996698
33 0.931529 0.998402
34 0.94468 0.999366
35 0.954746 0.999782
36 0.965154 0.999926
37 0.973926 0.999998
38 0.97914 1
