1 0.0056975 0.00566579
2 0.0110013 0.0110676
3 0.0166396 0.0166288
4 0.0232218 0.0223524
5 0.030292 0.0283822
6 0.0386394 0.0348431
7 0.048734 0.0434543
8 0.061036 0.0540121
9 0.0774416 0.0681592
10 0.100514 0.0872934
11 0.128894 0.112255
12 0.163311 0.140972
13 0.194953 0.173532
14 0.225574 0.205329
15 0.255388 0.237283
16 0.290223 0.270078
17 0.329052 0.304689
18 0.371097 0.340884
19 0.414693 0.380049
20 0.459623 0.420912
21 0.508271 0.46421
22 0.555611 0.509222
23 0.600194 0.554915
24 0.643167 0.601675
25 0.686094 0.64839
26 0.728844 0.693399
27 0.769641 0.736186
28 0.808658 0.775534
29 0.843581 0.81216
30 0.874946 0.844684
31 0.904393 0.874976
32 0.929961 0.899526
33 0.950818 0.920413
34 0.966579 0.940169
35 0.978317 0.955929
36 0.985751 0.969664
37 0.9903 0.979208
38 0.994002 0.985394
39 0.996862 0.989554
40 0.998793 0.992857
41 0.999738 0.995367
42 0.99989 0.996798
43 0.999968 0.997932
44 0.999999 0.99871
45 1 0.999364
46 1 0.999775
47 1 1
