1 0.0173361 0.0111467
2 0.0349063 0.0212268
3 0.0541363 0.0325749
4 0.0768158 0.0489979
5 0.102825 0.0710899
6 0.130692 0.0953771
7 0.1664 0.124452
8 0.205401 0.164613
9 0.249547 0.218572
10 0.30308 0.273383
11 0.357425 0.330956
12 0.411545 0.397748
13 0.462305 0.465514
14 0.511998 0.525958
15 0.558621 0.580832
16 0.601738 0.63095
17 0.638533 0.676379
18 0.67334 0.717825
19 0.701873 0.754502
20 0.725359 0.786782
21 0.746894 0.815145
22 0.766707 0.840119
23 0.78654 0.862541
24 0.805271 0.881526
25 0.823226 0.896418
26 0.839922 0.909171
27 0.857289 0.920535
28 0.873304 0.930767
29 0.888897 0.940653
30 0.903127 0.949137
31 0.916337 0.95632
32 0.927555 0.963192
33 0.938824 0.969264
34 0.949199 0.974907
35 0.959152 0.980214
36 0.967919 0.985124
37 0.975234 0.988716
38 0.980786 0.991547
39 0.985598 0.993711
40 0.989662 0.99539
41 0.993117 0.996764
42 0.995604 0.997815
43 0.997347 0.998592
44 0.998564 0.99922
45 0.999063 0.999579
46 0.999475 0.999799
47 0.999709 0.999979
48 0.999958 1
