1 0.0168776 0.0162167
2 0.034029 0.0309826
3 0.0519421 0.0478053
4 0.0726007 0.0648714
5 0.0971474 0.0853719
6 0.123829 0.109922
7 0.153771 0.151212
8 0.191954 0.196396
9 0.245955 0.249757
10 0.306411 0.320239
11 0.37295 0.410386
12 0.45458 0.496768
13 0.539429 0.574252
14 0.624229 0.646258
15 0.693735 0.721469
16 0.757723 0.790087
17 0.814255 0.84601
18 0.8625 0.896263
19 0.900889 0.930675
20 0.928931 0.952851
21 0.949716 0.969362
22 0.967788 0.980459
23 0.97908 0.987681
24 0.986205 0.992461
25 0.991363 0.996175
26 0.994826 0.998586
27 0.997231 0.999587
28 0.99873 0.999982
29 0.999718 1
