1 0.00870501 0.0114125
2 0.0167488 0.0223472
3 0.0248556 0.0337236
4 0.0329985 0.04565
5 0.041354 0.0583639
6 0.0501482 0.0750458
7 0.0629062 0.0951167
8 0.0802414 0.116253
9 0.0986721 0.141662
10 0.121704 0.174992
11 0.157329 0.208521
12 0.197035 0.244231
13 0.2439 0.278622
14 0.287692 0.309129
15 0.331493 0.337146
16 0.384175 0.364672
17 0.428819 0.390601
18 0.471127 0.415406
19 0.513292 0.440278
20 0.552505 0.464571
21 0.594875 0.488657
22 0.632261 0.513485
23 0.664993 0.538981
24 0.695579 0.562628
25 0.72442 0.585917
26 0.750618 0.608019
27 0.775264 0.631058
28 0.798415 0.653083
29 0.820082 0.676344
30 0.841301 0.695468
31 0.861342 0.713676
32 0.879135 0.732549
33 0.89544 0.752231
34 0.911472 0.771543
35 0.926957 0.791599
36 0.941012 0.810833
37 0.953887 0.829133
38 0.965365 0.846621
39 0.974891 0.860876
40 0.982925 0.873519
41 0.98956 0.883399
42 0.994715 0.892292
43 0.998156 0.900553
44 0.999504 0.908639
45 0.999939 0.915576
46 1 0.922197
47 1 0.928551
48 1 0.935147
49 1 0.941553
50 1 0.948465
