1 0.00669767 0.00500723
2 0.0128304 0.0101344
3 0.0192335 0.0158064
4 0.0263737 0.0222443
5 0.0363441 0.0304489
6 0.0483012 0.0402251
7 0.0615162 0.0521273
8 0.0760014 0.0663711
9 0.093886 0.0833299
10 0.116582 0.105107
11 0.143168 0.133248
12 0.176504 0.165962
13 0.215702 0.199897
14 0.257898 0.236921
15 0.299577 0.276475
16 0.342526 0.316113
17 0.387468 0.356186
18 0.435174 0.39781
19 0.481305 0.439773
20 0.524343 0.48257
21 0.56922 0.523772
22 0.61306 0.563918
23 0.656874 0.602318
24 0.699129 0.641186
25 0.741788 0.680784
26 0.781315 0.718744
27 0.813383 0.754543
28 0.846757 0.78567
29 0.87771 0.813602
30 0.904481 0.838295
31 0.929527 0.858812
32 0.952196 0.879939
33 0.970186 0.89918
34 0.981595 0.915022
35 0.989404 0.930261
36 0.994307 0.94197
37 0.997669 0.952635
38 0.999196 0.963535
39 0.999931 0.974366
40 1 0.980862
41 1 0.985866
42 1 0.989823
43 1 0.992963
44 1 0.995263
45 1 0.996811
