1 0.0252948 0.0281081
2 0.0519388 0.0556465
3 0.0818367 0.0894229
4 0.11381 0.147407
5 0.15178 0.21363
6 0.197211 0.283448
7 0.250125 0.353689
8 0.308787 0.422308
9 0.369592 0.49886
10 0.433118 0.576275
11 0.498243 0.650972
12 0.567914 0.711877
13 0.638186 0.760497
14 0.699002 0.805931
15 0.751372 0.84802
16 0.796077 0.88618
17 0.83398 0.915734
18 0.869898 0.939825
19 0.90102 0.959123
20 0.924955 0.971395
21 0.946281 0.981534
22 0.963175 0.987933
23 0.974773 0.993514
24 0.982268 0.997692
25 0.987324 0.999153
26 0.991043 0.999942
27 0.99517 1
