1 0.0067305 0.00736313
2 0.0129869 0.0147039
3 0.0196957 0.0228173
4 0.0272315 0.0324075
5 0.0390787 0.0445272
6 0.0533461 0.0614235
7 0.0689374 0.0800347
8 0.0878102 0.101464
9 0.110025 0.127664
10 0.13661 0.160098
11 0.168472 0.195204
12 0.208323 0.233313
13 0.254107 0.277723
14 0.302572 0.323049
15 0.354379 0.369487
16 0.405891 0.419776
17 0.45741 0.46916
18 0.501253 0.514726
19 0.540976 0.56185
20 0.578412 0.604967
21 0.616844 0.643603
22 0.653924 0.676848
23 0.689241 0.707988
24 0.725295 0.735948
25 0.760054 0.761839
26 0.792049 0.785349
27 0.822516 0.806438
28 0.846793 0.825488
29 0.865784 0.841719
30 0.883683 0.856388
31 0.902349 0.869833
32 0.919444 0.881324
33 0.932337 0.891161
34 0.944364 0.89956
35 0.956566 0.907012
36 0.966472 0.914219
37 0.972609 0.920641
38 0.977198 0.928054
39 0.980889 0.935073
40 0.984025 0.941612
41 0.987304 0.949348
42 0.990996 0.956173
43 0.994441 0.962936
44 0.99667 0.969539
45 0.997593 0.975588
46 0.998382 0.98035
47 0.999232 0.984914
48 0.999751 0.989487
49 0.999987 0.99335
50 1 0.996778
