1 0.00371453 0.00395408
2 0.00729955 0.00769565
3 0.0110604 0.0116706
4 0.0151708 0.0159506
5 0.019778 0.0208886
6 0.024869 0.0263265
7 0.0308837 0.0324351
8 0.0387591 0.0400702
9 0.0498315 0.0502231
10 0.0658215 0.0641993
11 0.0853113 0.0838394
12 0.108657 0.10847
13 0.135185 0.135715
14 0.16326 0.164081
15 0.1893 0.191529
16 0.216194 0.219684
17 0.244686 0.248333
18 0.275668 0.27823
19 0.308171 0.311411
20 0.342771 0.346137
21 0.378017 0.384053
22 0.414164 0.423734
23 0.449109 0.462623
24 0.485918 0.503895
25 0.52383 0.544283
26 0.563087 0.58379
27 0.600697 0.620682
28 0.63739 0.656542
29 0.672503 0.690146
30 0.706016 0.72345
31 0.738234 0.756428
32 0.767974 0.787786
33 0.797441 0.815347
34 0.82535 0.840702
35 0.850991 0.864374
36 0.87439 0.887056
37 0.89596 0.910391
38 0.912178 0.930065
39 0.927406 0.945475
40 0.939773 0.959061
41 0.949597 0.970286
42 0.957658 0.979485
43 0.964252 0.986549
44 0.970071 0.991767
45 0.975715 0.995278
46 0.980899 0.997606
47 0.985397 0.999205
48 0.989289 0.999737
49 0.991861 0.999952
50 0.993433 0.999995
51 0.994943 1
52 0.996357 1
53 0.997201 1
54 0.99783 1
