1 0.0133895 0.0125879
2 0.0262796 0.0238662
3 0.0393874 0.0354535
4 0.0541036 0.0502353
5 0.0715605 0.0802693
6 0.0933169 0.111247
7 0.121916 0.143954
8 0.153085 0.179717
9 0.192449 0.224923
10 0.241637 0.27718
11 0.30367 0.332202
12 0.383551 0.40144
13 0.46574 0.475672
14 0.530306 0.547653
15 0.595404 0.610028
16 0.660793 0.677466
17 0.717541 0.75229
18 0.768201 0.810283
19 0.817709 0.854782
20 0.863533 0.89042
21 0.906367 0.916908
22 0.940401 0.939663
23 0.958171 0.961256
24 0.971047 0.974756
25 0.980679 0.986718
26 0.987092 0.994053
27 0.992222 0.998472
28 0.995828 0.999453
29 0.997294 1
30 0.998397 1
31 0.999077 1
32 0.999425 1
