1 0.0127566 0.0128895
2 0.0249964 0.0249737
3 0.0380752 0.037048
4 0.0532559 0.0509467
5 0.0707911 0.0683136
6 0.0936217 0.0881788
7 0.121115 0.111565
8 0.155213 0.139836
9 0.195163 0.170345
10 0.24493 0.211999
11 0.30677 0.252607
12 0.380415 0.30884
13 0.457085 0.376762
14 0.522505 0.445036
15 0.587537 0.513705
16 0.649673 0.583609
17 0.704962 0.646335
18 0.759939 0.709336
19 0.814185 0.767581
20 0.860157 0.813018
21 0.901492 0.849684
22 0.936307 0.87955
23 0.955822 0.905187
24 0.970179 0.928682
25 0.98052 0.944602
26 0.986762 0.960227
27 0.992292 0.971328
28 0.995576 0.979967
29 0.997216 0.986387
30 0.998659 0.991361
31 0.999106 0.994454
32 0.999472 0.996611
33 0.999701 0.997604
34 1 0.997955
35 1 0.998494
36 1 0.998922
37 1 0.999425
