1 0.0141936 0.0123678
2 0.0270605 0.0237193
3 0.0408535 0.0353811
4 0.0559994 0.0476489
5 0.0732879 0.0632924
6 0.0939846 0.0823407
7 0.117945 0.106564
8 0.148309 0.135244
9 0.184027 0.169979
10 0.230388 0.21112
11 0.289911 0.262718
12 0.363292 0.316268
13 0.442691 0.374127
14 0.508091 0.435225
15 0.573703 0.504119
16 0.639826 0.562757
17 0.697071 0.611374
18 0.75147 0.654213
19 0.804796 0.69737
20 0.853813 0.739496
21 0.897271 0.778984
22 0.935091 0.814363
23 0.955596 0.84272
24 0.969145 0.866576
25 0.979762 0.890239
26 0.98655 0.913501
27 0.992954 0.937332
28 0.996467 0.9608
29 0.99764 0.974629
30 0.998673 0.982099
31 0.99903 0.988059
32 0.999489 0.990085
33 0.999771 0.99247
34 1 0.994698
35 1 0.996631
36 1 0.998274
37 1 0.999386
