1 0.0123407 0.0123346
2 0.023679 0.0237407
3 0.0355753 0.0357496
4 0.0486123 0.0479535
5 0.0661407 0.0619967
6 0.0854568 0.0789163
7 0.10896 0.100033
8 0.135331 0.125232
9 0.162753 0.154509
10 0.197323 0.196539
11 0.25077 0.248144
12 0.320442 0.301175
13 0.38199 0.35592
14 0.448269 0.409622
15 0.509526 0.460663
16 0.570516 0.512086
17 0.620568 0.559158
18 0.669884 0.604784
19 0.709331 0.649163
20 0.745758 0.695827
21 0.780659 0.736523
22 0.814447 0.773312
23 0.845348 0.804674
24 0.871881 0.830865
25 0.897343 0.850595
26 0.918941 0.867688
27 0.936519 0.884031
28 0.95197 0.897709
29 0.964328 0.910267
30 0.974188 0.922684
31 0.981496 0.933409
32 0.987351 0.943781
33 0.992059 0.953095
34 0.994844 0.961704
35 0.996222 0.969511
36 0.997257 0.976197
37 0.998156 0.981952
38 0.998765 0.9865
39 0.999259 0.990706
40 0.999595 0.994001
41 0.999921 0.997206
42 1 0.998777
