1 0.0121728 0.019497
2 0.0236593 0.0389275
3 0.0366519 0.0612204
4 0.0514543 0.0838979
5 0.0696321 0.11054
6 0.0906617 0.141058
7 0.117059 0.174786
8 0.14358 0.227256
9 0.171751 0.291561
10 0.20739 0.356753
11 0.262459 0.423942
12 0.337963 0.506361
13 0.401143 0.596842
14 0.468805 0.66628
15 0.5322 0.743107
16 0.596217 0.813661
17 0.652958 0.891036
18 0.701116 0.941176
19 0.739872 0.968646
20 0.776202 0.98321
21 0.809393 0.994578
22 0.841807 0.998528
23 0.869504 0.999578
24 0.894768 0.999978
25 0.915998 1
