1 0.0139502 0.0135644
2 0.0270313 0.0261248
3 0.0434912 0.041004
4 0.0663818 0.0582315
5 0.091167 0.0826381
6 0.127612 0.114245
7 0.168223 0.152846
8 0.216152 0.200937
9 0.269819 0.261269
10 0.334224 0.332426
11 0.406768 0.404579
12 0.479678 0.470347
13 0.559277 0.533972
14 0.631699 0.598063
15 0.696445 0.664739
16 0.749473 0.717345
17 0.79877 0.762252
18 0.840391 0.80176
19 0.871885 0.837984
20 0.898784 0.867524
21 0.921157 0.893266
22 0.93981 0.913787
23 0.954492 0.928973
24 0.967275 0.941281
25 0.976782 0.951577
26 0.984204 0.960903
27 0.98958 0.968221
28 0.993486 0.97448
29 0.996294 0.980088
30 0.997983 0.984844
31 0.998989 0.988746
32 0.999609 0.99188
33 0.999927 0.994589
34 1 0.996375
