1 0.010028 0.0104486
2 0.0196612 0.0202491
3 0.02991 0.0308812
4 0.0405353 0.0427018
5 0.0546556 0.0551502
6 0.0738631 0.0688242
7 0.09391 0.0842993
8 0.126104 0.102018
9 0.165924 0.121389
10 0.224637 0.145777
11 0.290766 0.184468
12 0.353301 0.232361
13 0.417316 0.288509
14 0.478575 0.351137
15 0.53964 0.409647
16 0.600304 0.4667
17 0.667953 0.516255
18 0.733379 0.563252
19 0.795764 0.608538
20 0.84702 0.656307
21 0.888077 0.701244
22 0.919965 0.744198
23 0.94459 0.795315
24 0.962813 0.842368
25 0.976201 0.880069
26 0.984811 0.911051
27 0.990876 0.934724
28 0.994781 0.952989
29 0.997484 0.967119
30 0.998914 0.977711
31 0.99959 0.984547
32 0.999844 0.989572
33 1 0.992787
34 1 0.995213
35 1 0.996812
