1 0.00844255 0.00954058
2 0.0165249 0.0187501
3 0.0253119 0.0285659
4 0.0352331 0.0394978
5 0.0467339 0.0523876
6 0.0611111 0.0682299
7 0.0759242 0.0849575
8 0.0922642 0.103787
9 0.113392 0.130797
10 0.142535 0.164422
11 0.174788 0.205561
12 0.210209 0.254865
13 0.248152 0.303654
14 0.291304 0.353778
15 0.348502 0.402752
16 0.397339 0.448248
17 0.44508 0.493993
18 0.490676 0.536907
19 0.537736 0.579147
20 0.583032 0.618496
21 0.630005 0.654599
22 0.673216 0.688142
23 0.710371 0.720371
24 0.745944 0.750214
25 0.78172 0.777775
26 0.813418 0.805351
27 0.84553 0.830055
28 0.874955 0.853039
29 0.899831 0.874198
30 0.921923 0.89324
31 0.939009 0.910257
32 0.954821 0.925184
33 0.967757 0.939285
34 0.977943 0.952638
35 0.985126 0.964287
36 0.9906 0.974255
37 0.994587 0.982408
38 0.99756 0.98912
39 0.999031 0.994452
40 0.999659 0.998118
41 0.999995 0.999959
42 1 1
43 1 1
44 1 1
45 1 1
