1 0.00695631 0.00706509
2 0.0133646 0.0137286
3 0.0205336 0.0207404
4 0.0288 0.0288778
5 0.0432222 0.0393361
6 0.0608846 0.0553897
7 0.079893 0.0734349
8 0.101142 0.0940851
9 0.125585 0.117306
10 0.155191 0.143384
11 0.194568 0.179851
12 0.236664 0.227049
13 0.282485 0.274694
14 0.33179 0.321907
15 0.384875 0.369319
16 0.43968 0.418787
17 0.493734 0.461292
18 0.546956 0.500619
19 0.597005 0.538928
20 0.64531 0.576069
21 0.689602 0.614875
22 0.735064 0.649923
23 0.772746 0.683243
24 0.807973 0.714282
25 0.837247 0.743254
26 0.862783 0.7697
27 0.885273 0.793877
28 0.905691 0.816543
29 0.925434 0.837962
30 0.942933 0.856985
31 0.957178 0.875108
32 0.968312 0.891581
33 0.979012 0.907105
34 0.986542 0.921412
35 0.99197 0.934203
36 0.995598 0.945705
37 0.997912 0.955614
38 0.999237 0.964523
39 0.999722 0.97219
40 0.999988 0.978298
41 1 0.983389
42 1 0.987418
