1 0.00930281 0.0119088
2 0.0183923 0.0231954
3 0.0280099 0.0351701
4 0.0385913 0.0484513
5 0.0535705 0.0639627
6 0.0693639 0.0821548
7 0.08952 0.105184
8 0.114149 0.132209
9 0.142821 0.167454
10 0.180747 0.212393
11 0.226059 0.263131
12 0.274993 0.328977
13 0.330557 0.393443
14 0.388877 0.45366
15 0.447063 0.513347
16 0.504828 0.577634
17 0.564451 0.636644
18 0.627767 0.689213
19 0.678615 0.73694
20 0.727626 0.78362
21 0.771522 0.831914
22 0.814726 0.874499
23 0.851046 0.910335
24 0.881234 0.937994
25 0.90858 0.956443
26 0.931834 0.970927
27 0.951645 0.980368
28 0.964015 0.985961
29 0.974008 0.990504
30 0.983303 0.99481
31 0.990366 0.997559
32 0.995764 0.999802
33 0.998383 1
34 0.999428 1
35 0.999752 1
36 0.999952 1
