1 0.00289982 0.00428043
2 0.00566299 0.00831611
3 0.00910647 0.0125047
4 0.0135067 0.016962
5 0.0192125 0.021407
6 0.026532 0.0259966
7 0.0348139 0.0310504
8 0.0452393 0.0370272
9 0.0581499 0.0457672
10 0.0743904 0.0579478
11 0.0933093 0.075758
12 0.115797 0.0986273
13 0.143371 0.122281
14 0.172366 0.147378
15 0.203105 0.172798
16 0.235451 0.200214
17 0.269356 0.228022
18 0.304785 0.256235
19 0.341638 0.287524
20 0.379095 0.322579
21 0.418363 0.358607
22 0.456486 0.397881
23 0.495003 0.436991
24 0.535739 0.473355
25 0.576407 0.509318
26 0.617796 0.545096
27 0.659687 0.580466
28 0.698461 0.615344
29 0.735125 0.648778
30 0.769476 0.681529
31 0.801758 0.713145
32 0.832234 0.743468
33 0.859795 0.771833
34 0.88382 0.798227
35 0.905508 0.82434
36 0.924041 0.848117
37 0.939933 0.869379
38 0.952989 0.889248
39 0.963763 0.907707
40 0.972612 0.925791
41 0.979178 0.940894
42 0.984046 0.953082
43 0.987934 0.963277
44 0.990924 0.971203
45 0.993281 0.97781
46 0.995161 0.983798
47 0.996502 0.989513
48 0.997577 0.993172
49 0.998449 0.995432
50 0.999107 0.996834
51 0.999549 0.997864
52 0.999768 0.998689
53 0.999912 0.999194
54 0.999982 0.999629
55 1 0.999769
56 1 0.999871
57 1 0.999947
58 1 0.999987
59 1 0.999999
60 1 1
