1 0.00288157 0.00300371
2 0.00567366 0.00592861
3 0.00910511 0.00915643
4 0.0133669 0.0129795
5 0.018567 0.017995
6 0.0253794 0.0247364
7 0.0334989 0.0329783
8 0.0440095 0.0439011
9 0.0563009 0.0574013
10 0.0722019 0.0745984
11 0.0911278 0.095865
12 0.113875 0.120327
13 0.141738 0.147598
14 0.171243 0.176929
15 0.201528 0.207305
16 0.233188 0.240127
17 0.266093 0.273408
18 0.299946 0.307463
19 0.334862 0.343404
20 0.370923 0.38161
21 0.408722 0.421251
22 0.446612 0.460535
23 0.484231 0.50184
24 0.524225 0.544517
25 0.565534 0.586278
26 0.607258 0.626702
27 0.649663 0.664622
28 0.689051 0.700966
29 0.725678 0.736364
30 0.760167 0.771516
31 0.792912 0.804817
32 0.824155 0.834982
33 0.853045 0.861675
34 0.87798 0.884671
35 0.900056 0.904929
36 0.918848 0.922758
37 0.935693 0.938167
38 0.949999 0.952082
39 0.961488 0.964008
40 0.970793 0.973403
41 0.977784 0.980309
42 0.982944 0.985641
43 0.986902 0.989643
44 0.990088 0.992571
45 0.992639 0.994901
46 0.99463 0.996626
47 0.996099 0.997865
48 0.997304 0.998753
49 0.998229 0.999343
50 0.998973 0.999624
51 0.999432 0.999804
52 0.999709 0.999931
53 0.999863 0.99999
54 0.999964 1
55 0.999999 1
56 1 1
57 1 1
