1 0.0134089 0.0117942
2 0.0253452 0.0231037
3 0.0385273 0.0338294
4 0.0536423 0.0455187
5 0.0719198 0.0634269
6 0.098146 0.0870748
7 0.126795 0.110193
8 0.159888 0.146193
9 0.195276 0.199889
10 0.234484 0.265303
11 0.281561 0.335173
12 0.362465 0.395771
13 0.441374 0.454172
14 0.522265 0.514569
15 0.597571 0.576723
16 0.66308 0.63235
17 0.725289 0.686573
18 0.781496 0.739921
19 0.829086 0.793526
20 0.865973 0.837562
21 0.895799 0.883285
22 0.919717 0.914895
23 0.939717 0.9393
24 0.955822 0.959218
25 0.968291 0.974419
26 0.978429 0.984728
27 0.98499 0.99174
28 0.98977 0.99591
29 0.993741 0.998163
30 0.997166 0.999331
31 0.998902 0.999807
32 0.999793 0.999957
33 1 1
34 1 1
35 1 1
