1 0.00679779 0.00504225
2 0.0132623 0.00978709
3 0.0202564 0.0149422
4 0.0291732 0.0211126
5 0.0413187 0.0302368
6 0.0562851 0.0417833
7 0.0740947 0.0550736
8 0.0952588 0.0694347
9 0.119958 0.0875296
10 0.149207 0.111714
11 0.180075 0.142452
12 0.215796 0.176287
13 0.257996 0.212371
14 0.304111 0.250818
15 0.348528 0.290777
16 0.395024 0.332268
17 0.44385 0.375011
18 0.495503 0.417508
19 0.543008 0.462107
20 0.586896 0.511004
21 0.628871 0.56043
22 0.669547 0.606185
23 0.707834 0.649661
24 0.743098 0.687875
25 0.777447 0.724551
26 0.81532 0.75968
27 0.845917 0.793465
28 0.87278 0.82508
29 0.896478 0.851317
30 0.914917 0.873529
31 0.929755 0.891355
32 0.943391 0.911223
33 0.954885 0.92714
34 0.964697 0.939832
35 0.972348 0.949841
36 0.979833 0.957616
37 0.985981 0.964084
38 0.991472 0.969034
39 0.996674 0.973425
40 0.998505 0.977744
41 0.999504 0.981527
42 0.99982 0.984917
43 0.999976 0.987622
44 0.999999 0.98995
45 1 0.992378
