1 0.0119942 0.00960509
2 0.023464 0.0187744
3 0.0355702 0.0279292
4 0.048225 0.0372972
5 0.0622109 0.0463133
6 0.0778346 0.0553657
7 0.0938284 0.0648082
8 0.110554 0.0808178
9 0.128103 0.10113
10 0.150887 0.125016
11 0.181915 0.161817
12 0.219015 0.203849
13 0.261984 0.247548
14 0.306142 0.294133
15 0.351596 0.338564
16 0.397093 0.383971
17 0.439739 0.432284
18 0.48048 0.473579
19 0.519334 0.511156
20 0.557262 0.54583
21 0.593043 0.57971
22 0.630791 0.6133
23 0.666363 0.648015
24 0.696234 0.683252
25 0.72466 0.715249
26 0.752661 0.743918
27 0.778745 0.770173
28 0.802216 0.796189
29 0.823659 0.819643
30 0.847337 0.840935
31 0.876749 0.860612
32 0.904615 0.879239
33 0.923078 0.900642
34 0.936887 0.914365
35 0.946598 0.926158
36 0.954578 0.937012
37 0.961583 0.946953
38 0.967556 0.956607
39 0.972965 0.965365
40 0.977612 0.972671
41 0.981992 0.979598
42 0.98599 0.985285
43 0.989262 0.990197
44 0.992074 0.993655
45 0.994333 0.995949
46 0.995976 0.997905
47 0.996986 0.999063
48 0.997901 0.9996
49 0.998679 0.999855
50 0.999229 0.999968
51 0.999591 1
