1 0.00773893 0.00772584
2 0.0150094 0.0154581
3 0.0224463 0.0236554
4 0.0299297 0.0323434
5 0.0375166 0.0421031
6 0.0459553 0.0525023
7 0.055147 0.0639137
8 0.0670922 0.079913
9 0.0817867 0.0976821
10 0.098689 0.117108
11 0.120775 0.141429
12 0.149781 0.17106
13 0.18222 0.206042
14 0.218981 0.244088
15 0.254588 0.28171
16 0.290637 0.323054
17 0.326435 0.369368
18 0.362472 0.417469
19 0.402156 0.464323
20 0.441333 0.508416
21 0.480051 0.552334
22 0.519471 0.597177
23 0.556248 0.641269
24 0.592172 0.68295
25 0.62983 0.729256
26 0.666291 0.768199
27 0.704784 0.803644
28 0.732045 0.835222
29 0.756561 0.86027
30 0.777126 0.88304
31 0.797197 0.9045
32 0.816475 0.924418
33 0.835658 0.939501
34 0.853341 0.952006
35 0.869524 0.96225
36 0.883653 0.968831
37 0.895985 0.974294
38 0.907249 0.978948
39 0.91722 0.982778
40 0.925581 0.986079
41 0.932971 0.989188
42 0.939535 0.99193
43 0.945133 0.994201
44 0.951161 0.996006
45 0.957168 0.997299
46 0.962667 0.998211
47 0.967197 0.999046
48 0.971981 0.999568
49 0.976791 0.999852
50 0.980906 0.999975
51 0.98442 1
52 0.987829 1
53 0.990606 1
54 0.992736 1
55 0.994363 1
