1 0.00821581 0.00626867
2 0.0160495 0.0122522
3 0.0240656 0.0186334
4 0.0322313 0.0256258
5 0.0413305 0.0334467
6 0.0523093 0.0432673
7 0.0646302 0.0553791
8 0.0810224 0.0702988
9 0.102129 0.0883505
10 0.125357 0.111275
11 0.153217 0.140113
12 0.184765 0.174887
13 0.222063 0.210783
14 0.261257 0.248219
15 0.304655 0.286567
16 0.350544 0.328068
17 0.397558 0.370489
18 0.442888 0.410387
19 0.488307 0.451211
20 0.53849 0.493052
21 0.586114 0.530826
22 0.629749 0.567162
23 0.669152 0.605268
24 0.711341 0.646717
25 0.7493 0.687054
26 0.78143 0.726598
27 0.811869 0.761102
28 0.840975 0.790561
29 0.870849 0.816684
30 0.897817 0.841891
31 0.922075 0.866582
32 0.940996 0.888553
33 0.955899 0.908559
34 0.967245 0.926476
35 0.976499 0.940307
36 0.983843 0.95207
37 0.989549 0.962848
38 0.993833 0.971748
39 0.996488 0.978736
40 0.998419 0.98368
41 0.99948 0.987481
42 0.999919 0.990217
43 0.999987 0.992472
44 1 0.994434
45 1 0.996099
46 1 0.997398
47 1 0.998442
