1 0.0081024 0.00528586
2 0.0158103 0.0104633
3 0.0234172 0.0165915
4 0.0315393 0.0242967
5 0.0406723 0.0360811
6 0.0516979 0.0494162
7 0.063953 0.0667703
8 0.0809689 0.0880718
9 0.103805 0.11355
10 0.12808 0.142414
11 0.15539 0.17683
12 0.186524 0.216257
13 0.223405 0.261412
14 0.261005 0.31077
15 0.302731 0.363574
16 0.346717 0.416252
17 0.394801 0.469745
18 0.440404 0.52534
19 0.487808 0.581857
20 0.538536 0.636581
21 0.585505 0.68645
22 0.629952 0.732853
23 0.672125 0.775301
24 0.718401 0.812679
25 0.759021 0.845225
26 0.790752 0.873602
27 0.819669 0.897578
28 0.848716 0.918586
29 0.875941 0.935419
30 0.900096 0.949115
31 0.924367 0.960201
32 0.942792 0.969239
33 0.957647 0.976948
34 0.968352 0.983177
35 0.976552 0.987577
36 0.983354 0.991012
37 0.988962 0.993682
38 0.99324 0.995793
39 0.996508 0.997207
40 0.998735 0.998234
41 0.999756 0.998985
42 0.999983 0.999484
43 1 0.999843
44 1 0.999979
45 1 1
46 1 1
47 1 1
