1 0.00786909 0.00754286
2 0.0155925 0.0146651
3 0.0237646 0.022248
4 0.0323977 0.0301394
5 0.0418693 0.0399968
6 0.0521289 0.0509414
7 0.0637427 0.0629915
8 0.0786567 0.0784794
9 0.0978352 0.0987887
10 0.121095 0.12873
11 0.150393 0.163637
12 0.188012 0.200482
13 0.231217 0.242688
14 0.273578 0.282062
15 0.312617 0.321763
16 0.348766 0.364051
17 0.38245 0.410259
18 0.419048 0.459694
19 0.453842 0.51245
20 0.487308 0.565342
21 0.521438 0.613726
22 0.559305 0.660857
23 0.593109 0.703302
24 0.623031 0.742784
25 0.650839 0.780332
26 0.678166 0.817113
27 0.703494 0.848471
28 0.727635 0.87717
29 0.750457 0.899758
30 0.772832 0.918804
31 0.794462 0.937715
32 0.814781 0.952704
33 0.833775 0.964135
34 0.852069 0.973448
35 0.868591 0.980889
36 0.883632 0.986031
37 0.897884 0.98974
38 0.911335 0.992411
39 0.924801 0.994472
40 0.936224 0.996211
41 0.946165 0.997532
42 0.955289 0.998417
43 0.963188 0.998957
44 0.970205 0.999328
45 0.976235 0.999551
46 0.981495 0.999727
47 0.985957 0.999845
48 0.98964 0.999934
49 0.992857 0.999985
50 0.995177 1
51 0.996923 1
