1 0.00761123 0.00722544
2 0.0148695 0.0140483
3 0.0226148 0.0211657
4 0.0311857 0.028343
5 0.0405964 0.0358428
6 0.0507999 0.0438834
7 0.0627879 0.0541177
8 0.0774262 0.0666404
9 0.0971656 0.0854147
10 0.122241 0.110673
11 0.153167 0.137506
12 0.192155 0.166405
13 0.236329 0.194749
14 0.278538 0.227493
15 0.317891 0.269604
16 0.354352 0.318343
17 0.388087 0.364228
18 0.424527 0.406311
19 0.459262 0.446527
20 0.49285 0.486173
21 0.527562 0.526364
22 0.565191 0.571458
23 0.598395 0.614707
24 0.629896 0.656921
25 0.658905 0.698388
26 0.684923 0.736185
27 0.708662 0.770679
28 0.731413 0.801808
29 0.752963 0.830735
30 0.774861 0.855626
31 0.797087 0.877137
32 0.817417 0.895599
33 0.83609 0.911137
34 0.853736 0.924631
35 0.869549 0.93637
36 0.884665 0.946874
37 0.899027 0.9553
38 0.912384 0.962558
39 0.925579 0.969326
40 0.937066 0.975316
41 0.946986 0.98148
42 0.955923 0.987362
43 0.963985 0.991137
44 0.970504 0.993423
45 0.976068 0.995249
46 0.980938 0.996709
47 0.985007 0.997704
48 0.988668 0.998503
49 0.991633 0.999101
50 0.993863 0.999468
51 0.995676 0.999715
52 0.997244 0.999891
53 0.99839 0.999979
54 0.999197 1
55 0.999642 1
56 0.999845 1
57 0.999953 1
58 1 1
