1 0.00644028 0.00687989
2 0.0124507 0.0135161
3 0.0188326 0.0201187
4 0.0256257 0.0275436
5 0.0338486 0.0364241
6 0.0433344 0.0478108
7 0.0545517 0.0609898
8 0.0688639 0.0755715
9 0.0881951 0.0950139
10 0.108848 0.11759
11 0.13115 0.145653
12 0.159168 0.179589
13 0.192427 0.215273
14 0.225428 0.249777
15 0.259784 0.281872
16 0.293001 0.313452
17 0.324752 0.344819
18 0.356653 0.378657
19 0.389642 0.416711
20 0.424772 0.458187
21 0.460794 0.49995
22 0.497528 0.542409
23 0.535606 0.585087
24 0.574055 0.628998
25 0.613896 0.673696
26 0.655361 0.717879
27 0.695193 0.76123
28 0.734345 0.799944
29 0.768314 0.834317
30 0.797391 0.869231
31 0.824005 0.899734
32 0.848963 0.921435
33 0.871786 0.938036
34 0.894293 0.952052
35 0.913993 0.962429
36 0.92849 0.9715
37 0.941655 0.978391
38 0.954827 0.984111
39 0.964714 0.989078
40 0.972095 0.992988
41 0.978101 0.995859
42 0.983187 0.997968
43 0.987458 0.9995
44 0.991352 0.99996
45 0.994948 1
46 0.998281 1
47 0.999246 1
48 0.999643 1
49 0.999903 1
