1 0.0166345 0.0133789
2 0.0312213 0.0269678
3 0.0472911 0.0429541
4 0.0642746 0.0602979
5 0.0812121 0.0862939
6 0.102521 0.11936
7 0.127562 0.155518
8 0.155473 0.201738
9 0.185533 0.253911
10 0.219155 0.31167
11 0.278026 0.380752
12 0.346047 0.458208
13 0.407599 0.522207
14 0.473719 0.585947
15 0.531942 0.651304
16 0.597319 0.70417
17 0.667769 0.756426
18 0.727984 0.800601
19 0.781561 0.837549
20 0.823848 0.872979
21 0.859504 0.90314
22 0.891827 0.934331
23 0.918095 0.951777
24 0.940014 0.965781
25 0.958857 0.975947
26 0.975762 0.981675
27 0.986244 0.986636
28 0.993062 0.990908
29 0.996699 0.994644
30 0.998145 0.997446
31 0.998871 0.99939
32 0.999417 1
33 0.999743 1
34 0.999904 1
