1 0.0167677 0.0170556
2 0.0321442 0.0341389
3 0.0479477 0.0519944
4 0.0648944 0.0720444
5 0.0819284 0.0999167
6 0.103108 0.133856
7 0.125317 0.179017
8 0.149734 0.239294
9 0.176575 0.291911
10 0.206951 0.341211
11 0.258618 0.397167
12 0.323205 0.45765
13 0.381327 0.510217
14 0.452585 0.561622
15 0.517502 0.621906
16 0.588104 0.675822
17 0.65713 0.71475
18 0.716758 0.745772
19 0.769426 0.769678
20 0.81371 0.789056
21 0.852622 0.805717
22 0.885275 0.8239
23 0.911662 0.838967
24 0.933664 0.851911
25 0.952635 0.864939
26 0.968278 0.877594
27 0.981414 0.891061
28 0.990009 0.904678
29 0.99567 0.917467
30 0.997493 0.930128
31 0.998246 0.943228
32 0.998866 0.955211
33 0.999527 0.965167
34 0.999803 0.973506
35 0.999995 0.980133
36 1 0.985656
