1 0.00851887 0.0103996
2 0.0166136 0.0205956
3 0.024981 0.0306511
4 0.0338911 0.0412495
5 0.0430956 0.0526366
6 0.0536089 0.0642274
7 0.0648295 0.0765938
8 0.0766569 0.0913798
9 0.0909063 0.107414
10 0.11249 0.132263
11 0.137947 0.17141
12 0.17473 0.216846
13 0.214046 0.265326
14 0.252147 0.307923
15 0.291279 0.348201
16 0.326548 0.38829
17 0.362701 0.432964
18 0.400533 0.479858
19 0.437722 0.527765
20 0.4729 0.571636
21 0.508418 0.617913
22 0.54564 0.662441
23 0.585264 0.706217
24 0.623983 0.746207
25 0.659562 0.780013
26 0.691517 0.809584
27 0.721041 0.835912
28 0.752448 0.86196
29 0.780578 0.888529
30 0.807445 0.910274
31 0.833517 0.925464
32 0.854582 0.938279
33 0.872289 0.950252
34 0.888172 0.960547
35 0.904563 0.969936
36 0.920815 0.97712
37 0.936014 0.982205
38 0.948062 0.986055
39 0.95816 0.989173
40 0.966757 0.991509
41 0.975165 0.993566
42 0.980089 0.995399
43 0.983925 0.996923
44 0.987754 0.998112
45 0.99109 0.99892
46 0.993779 0.999477
47 0.996189 0.999783
48 0.998047 0.999929
49 0.999424 0.999986
50 0.999976 0.999999
51 1 1
