1 0.0103072 0.01125
2 0.0202623 0.0223866
3 0.0313398 0.0343455
4 0.0455766 0.0479537
5 0.0628615 0.0640926
6 0.0837925 0.0855529
7 0.110943 0.113533
8 0.145317 0.150071
9 0.194461 0.200789
10 0.257013 0.249662
11 0.318181 0.306489
12 0.38643 0.368419
13 0.456479 0.432892
14 0.521474 0.491479
15 0.588476 0.549282
16 0.652405 0.605494
17 0.712739 0.659447
18 0.768804 0.713053
19 0.816645 0.761819
20 0.857046 0.802942
21 0.889128 0.840203
22 0.916319 0.873646
23 0.939509 0.903866
24 0.956777 0.927299
25 0.969887 0.946602
26 0.978634 0.962058
27 0.985132 0.973008
28 0.98966 0.981153
29 0.992396 0.986985
30 0.994631 0.991503
31 0.996252 0.994544
32 0.997585 0.99646
33 0.99867 0.997732
34 0.999575 0.998715
35 0.999953 0.999416
36 1 0.999828
37 1 0.999988
38 1 1
39 1 1
