1 0.0104206 0.0126778
2 0.0203639 0.0254945
3 0.0309948 0.0407168
4 0.045 0.060334
5 0.0628166 0.0838581
6 0.0848464 0.114806
7 0.113136 0.145303
8 0.147122 0.178863
9 0.196912 0.213898
10 0.260411 0.256273
11 0.324017 0.310621
12 0.395345 0.376817
13 0.463233 0.43639
14 0.526782 0.491143
15 0.594367 0.554584
16 0.658658 0.622717
17 0.72121 0.676543
18 0.777216 0.730445
19 0.822928 0.778435
20 0.861727 0.819133
21 0.892576 0.859058
22 0.918991 0.892366
23 0.940116 0.922789
24 0.95663 0.947168
25 0.968781 0.964282
26 0.977592 0.976502
27 0.984612 0.984845
28 0.989605 0.990771
29 0.992866 0.994836
30 0.995106 0.997778
31 0.996973 0.999208
32 0.998114 0.999786
33 0.998972 0.999992
34 0.999702 1
