1 0.00469701 0.00487142
2 0.00901805 0.00937136
3 0.0135591 0.0143674
4 0.0185334 0.020127
5 0.0249451 0.0263487
6 0.0329607 0.0342711
7 0.0421389 0.0438559
8 0.0527649 0.055591
9 0.0655768 0.0717759
10 0.0859883 0.0917464
11 0.112724 0.115945
12 0.143634 0.142864
13 0.177787 0.174369
14 0.213239 0.205301
15 0.249405 0.238649
16 0.284626 0.272835
17 0.321286 0.310866
18 0.35896 0.34824
19 0.398101 0.385283
20 0.4378 0.421984
21 0.480987 0.457124
22 0.523617 0.490252
23 0.567951 0.522552
24 0.612651 0.554383
25 0.655516 0.585084
26 0.694336 0.614547
27 0.732312 0.643627
28 0.768068 0.672671
29 0.800286 0.699509
30 0.831368 0.723149
31 0.861615 0.74645
32 0.887978 0.770618
33 0.910923 0.794503
34 0.931182 0.817728
35 0.947385 0.839453
36 0.960886 0.858875
37 0.971907 0.877422
38 0.98062 0.894459
39 0.987134 0.908475
40 0.991607 0.920389
41 0.994461 0.931067
42 0.996667 0.940872
43 0.998048 0.950242
44 0.998976 0.958859
45 0.999564 0.965909
46 0.999987 0.972787
47 0.999999 0.978888
48 1 0.983532
49 1 0.987425
