1 0.00477512 0.00521353
2 0.00936361 0.0101818
3 0.0140037 0.0156115
4 0.0193158 0.0215433
5 0.0255601 0.0280373
6 0.0335043 0.0355429
7 0.0424639 0.0448783
8 0.0531039 0.0574149
9 0.0664617 0.07369
10 0.0872599 0.0954187
11 0.114551 0.120987
12 0.146137 0.151887
13 0.181522 0.185233
14 0.217129 0.219553
15 0.253541 0.254815
16 0.289164 0.290296
17 0.325589 0.326888
18 0.36376 0.365425
19 0.403814 0.404608
20 0.443283 0.445254
21 0.485006 0.490186
22 0.527919 0.537826
23 0.573127 0.584418
24 0.618962 0.629421
25 0.662367 0.671741
26 0.700983 0.710727
27 0.738633 0.74761
28 0.773869 0.783239
29 0.805822 0.817347
30 0.836459 0.849824
31 0.865023 0.879422
32 0.892015 0.906917
33 0.915679 0.929846
34 0.935775 0.9478
35 0.951906 0.961575
36 0.964584 0.973217
37 0.975124 0.98112
38 0.983404 0.986851
39 0.989418 0.991019
40 0.993054 0.993756
41 0.995221 0.995541
42 0.99697 0.996988
43 0.998416 0.998068
44 0.999172 0.998828
45 0.999673 0.999307
46 0.999985 0.999606
47 1 0.99978
48 1 0.999922
49 1 0.999984
