1 0.0169724 0.0186505
2 0.0325575 0.0371237
3 0.0484944 0.0565311
4 0.0648028 0.0761116
5 0.0819132 0.0970458
6 0.0992965 0.119031
7 0.11616 0.14718
8 0.134454 0.174922
9 0.157124 0.202898
10 0.199931 0.235839
11 0.244796 0.276968
12 0.306105 0.339187
13 0.365792 0.410013
14 0.428087 0.48045
15 0.482081 0.554005
16 0.536723 0.611717
17 0.58974 0.665428
18 0.640332 0.707119
19 0.679129 0.740856
20 0.711052 0.767842
21 0.741167 0.797405
22 0.768067 0.827664
23 0.789951 0.856708
24 0.81191 0.882777
25 0.832781 0.90567
26 0.853613 0.92596
27 0.872512 0.943711
28 0.888609 0.957634
29 0.902972 0.970601
30 0.916489 0.984381
31 0.928416 0.998279
32 0.93904 0.999728
33 0.949454 0.999965
34 0.958955 1
35 0.966805 1
36 0.973784 1
37 0.980759 1
