1 0.00251732 0.00257426
2 0.00500462 0.00528909
3 0.00780749 0.00868763
4 0.0111826 0.0128934
5 0.0159637 0.0180732
6 0.0221213 0.0242796
7 0.0290026 0.0320083
8 0.0372775 0.0409225
9 0.0478884 0.0525033
10 0.0615524 0.0675211
11 0.0781141 0.0853175
12 0.0969123 0.107584
13 0.118284 0.133021
14 0.14231 0.162433
15 0.168825 0.19365
16 0.195843 0.225051
17 0.223524 0.256595
18 0.25273 0.288773
19 0.283076 0.322463
20 0.315531 0.356577
21 0.349587 0.392319
22 0.385676 0.431121
23 0.422493 0.470909
24 0.459278 0.511373
25 0.495908 0.553687
26 0.534185 0.595108
27 0.572346 0.634015
28 0.609874 0.671813
29 0.64425 0.707748
30 0.676887 0.74224
31 0.711089 0.774927
32 0.742724 0.806456
33 0.771987 0.836359
34 0.798975 0.865231
35 0.824005 0.891549
36 0.847762 0.913502
37 0.867426 0.930775
38 0.884127 0.944621
39 0.897819 0.955517
40 0.909557 0.964279
41 0.919785 0.971356
42 0.928849 0.977137
43 0.936683 0.981806
44 0.943489 0.985567
45 0.949754 0.988513
46 0.95573 0.990833
47 0.960908 0.992763
48 0.965084 0.994353
49 0.968907 0.995684
50 0.972299 0.996755
51 0.975489 0.997552
52 0.978372 0.998136
53 0.980984 0.998639
54 0.983324 0.999052
55 0.985448 0.999391
56 0.987388 0.99966
57 0.989091 0.999865
58 0.990669 0.999946
59 0.992103 0.999977
60 0.993404 0.999997
61 0.99455 1
62 0.995528 1
