1 0.0155852 0.0106467
2 0.0303047 0.0211719
3 0.0452251 0.0329774
4 0.0626212 0.045599
5 0.0852078 0.058355
6 0.106641 0.0732726
7 0.128338 0.091862
8 0.152794 0.113835
9 0.193868 0.140579
10 0.240859 0.174054
11 0.293958 0.212086
12 0.35928 0.258509
13 0.429813 0.307708
14 0.51651 0.362739
15 0.608618 0.420647
16 0.682548 0.485369
17 0.743899 0.54293
18 0.799868 0.596439
19 0.850585 0.655603
20 0.893878 0.703006
21 0.931988 0.741838
22 0.962005 0.777704
23 0.976801 0.807357
24 0.987999 0.836393
25 0.996479 0.863045
26 0.998861 0.887478
27 0.999643 0.91197
28 0.999955 0.936076
29 1 0.952611
30 1 0.960918
