1 0.0047482 0.0047096
2 0.00922183 0.00934171
3 0.0138445 0.0141426
4 0.0184082 0.0192424
5 0.0237022 0.0250502
6 0.0301915 0.0311123
7 0.0385526 0.0378019
8 0.0499842 0.0471645
9 0.0649094 0.0607028
10 0.0846426 0.0786461
11 0.107665 0.100485
12 0.135113 0.126981
13 0.165396 0.155085
14 0.199101 0.185072
15 0.234218 0.217869
16 0.271336 0.250507
17 0.307951 0.286186
18 0.34506 0.319585
19 0.382887 0.351932
20 0.426757 0.38619
21 0.469856 0.420825
22 0.512659 0.455735
23 0.554216 0.488739
24 0.595965 0.520403
25 0.639063 0.549999
26 0.680126 0.580427
27 0.719687 0.609265
28 0.758141 0.636968
29 0.792406 0.663738
30 0.822669 0.688619
31 0.852417 0.712811
32 0.881034 0.737701
33 0.905043 0.761063
34 0.926837 0.783771
35 0.944777 0.804994
36 0.959258 0.824849
37 0.971959 0.844257
38 0.982306 0.862146
39 0.988224 0.879876
40 0.992489 0.895907
41 0.996313 0.910504
42 0.998131 0.924369
43 0.999077 0.936676
44 0.999598 0.947177
45 0.999877 0.956161
46 0.999984 0.963974
47 1 0.971078
48 1 0.977625
49 1 0.982797
50 1 0.987124
51 1 0.990832
