1 0.00738554 0.00748207
2 0.0143483 0.0143699
3 0.0226496 0.0222148
4 0.0321605 0.0330862
5 0.0469147 0.0464714
6 0.0668028 0.0619381
7 0.0900026 0.08041
8 0.116137 0.104089
9 0.146868 0.132041
10 0.183686 0.16261
11 0.229676 0.199904
12 0.280965 0.241928
13 0.336764 0.287925
14 0.390247 0.338499
15 0.446795 0.391164
16 0.503606 0.448927
17 0.556015 0.503025
18 0.604689 0.551476
19 0.651206 0.600655
20 0.694278 0.648157
21 0.73235 0.691009
22 0.767583 0.728682
23 0.79919 0.764395
24 0.828078 0.796938
25 0.853206 0.827829
26 0.87561 0.855017
27 0.895075 0.880274
28 0.912151 0.902514
29 0.926848 0.920077
30 0.939672 0.934362
31 0.950752 0.946577
32 0.960756 0.956827
33 0.969354 0.965376
34 0.976661 0.972817
35 0.982572 0.979818
36 0.987413 0.985213
37 0.991368 0.989279
38 0.994593 0.992185
39 0.996859 0.994656
40 0.998118 0.996705
41 0.999034 0.998114
42 0.999555 0.999076
43 0.999857 0.99977
44 1 0.999987
45 1 1
