1 0.0115844 0.0099569
2 0.0228121 0.0193528
3 0.0348053 0.0296165
4 0.0472726 0.0417182
5 0.0614031 0.0547461
6 0.0774643 0.070084
7 0.0951204 0.0878501
8 0.113833 0.108155
9 0.138656 0.134501
10 0.172901 0.168418
11 0.219096 0.214454
12 0.271425 0.263807
13 0.328777 0.317233
14 0.392658 0.369234
15 0.45979 0.424044
16 0.524964 0.479258
17 0.584413 0.53409
18 0.636286 0.586639
19 0.685263 0.637608
20 0.735437 0.687768
21 0.782986 0.738299
22 0.828598 0.790293
23 0.868109 0.832072
24 0.903778 0.863008
25 0.9421 0.891866
26 0.968967 0.914292
27 0.983784 0.93194
28 0.991406 0.945704
29 0.996809 0.958155
30 0.999423 0.969951
31 0.999909 0.979294
32 0.999987 0.98425
33 1 0.988475
34 1 0.991554
35 1 0.993431
36 1 0.994951
