1 0.0275038 0.0149006
2 0.0531056 0.0289297
3 0.0794706 0.042402
4 0.105786 0.0560718
5 0.131764 0.0705516
6 0.159852 0.0865193
7 0.192638 0.106226
8 0.233284 0.12965
9 0.285934 0.157409
10 0.351425 0.190902
11 0.459015 0.241613
12 0.553795 0.292979
13 0.632853 0.356017
14 0.701545 0.420168
15 0.758775 0.474888
16 0.803053 0.538289
17 0.837636 0.59395
18 0.869375 0.644413
19 0.89803 0.68535
20 0.925522 0.720272
21 0.944463 0.753961
22 0.959083 0.781018
23 0.97132 0.804077
24 0.982462 0.825046
25 0.990391 0.845416
26 0.997107 0.870909
27 1 0.892951
28 1 0.912263
29 1 0.932664
30 1 0.944895
