1 0.00813099 0.0081821
2 0.0156549 0.0160912
3 0.0234139 0.0247448
4 0.0316318 0.0343289
5 0.044335 0.0466247
6 0.0585119 0.0596881
7 0.0756705 0.0743384
8 0.0969381 0.0918631
9 0.120948 0.115475
10 0.149412 0.148584
11 0.184188 0.183636
12 0.218375 0.221923
13 0.25329 0.259582
14 0.29429 0.298883
15 0.335557 0.343533
16 0.377919 0.391823
17 0.425453 0.44373
18 0.472168 0.497445
19 0.519125 0.550339
20 0.565292 0.605168
21 0.612932 0.656168
22 0.659409 0.702214
23 0.70551 0.744063
24 0.74764 0.785631
25 0.783275 0.820704
26 0.815461 0.848522
27 0.843936 0.871408
28 0.868433 0.892115
29 0.889817 0.910939
30 0.908864 0.927555
31 0.926104 0.943228
32 0.940947 0.955957
33 0.953442 0.965985
34 0.96351 0.973354
35 0.971794 0.979369
36 0.978759 0.984351
37 0.984374 0.988866
38 0.988438 0.992402
39 0.991887 0.99542
40 0.994602 0.997706
41 0.996556 0.999121
42 0.997719 0.999567
43 0.998362 0.999812
44 0.998861 0.999993
45 0.999255 1
46 0.999618 1
