1 0.00310642 0.0032929
2 0.00602708 0.0063575
3 0.00917601 0.00962206
4 0.0124894 0.0129495
5 0.0160611 0.0166267
6 0.0203963 0.0210925
7 0.0254292 0.0261918
8 0.0312905 0.032769
9 0.0389644 0.0416456
10 0.0502852 0.0531898
11 0.0637723 0.0673435
12 0.0803458 0.0840548
13 0.099636 0.102028
14 0.120893 0.121679
15 0.144677 0.142994
16 0.169804 0.165664
17 0.195701 0.188177
18 0.222449 0.211415
19 0.250633 0.235998
20 0.279739 0.262676
21 0.310802 0.291958
22 0.34311 0.32095
23 0.376807 0.351316
24 0.413194 0.381531
25 0.449017 0.411601
26 0.484605 0.443005
27 0.520293 0.474864
28 0.555037 0.507091
29 0.590781 0.539124
30 0.627358 0.569946
31 0.66189 0.600227
32 0.695722 0.630506
33 0.728566 0.660631
34 0.759868 0.690186
35 0.789548 0.718832
36 0.818239 0.745842
37 0.846022 0.770198
38 0.871688 0.792391
39 0.894952 0.813666
40 0.915574 0.833527
41 0.933572 0.851836
42 0.947916 0.868565
43 0.959299 0.88523
44 0.968072 0.902155
45 0.974827 0.916883
46 0.980196 0.930175
47 0.984357 0.941973
48 0.987673 0.952243
49 0.990566 0.961344
50 0.992878 0.968759
51 0.994644 0.974394
52 0.996177 0.97884
53 0.997565 0.982366
54 0.99888 0.985293
55 0.999552 0.988112
56 0.999896 0.990598
57 1 0.992765
58 1 0.994258
