1 0.00836181 0.00523097
2 0.0161635 0.0100261
3 0.0241847 0.0154382
4 0.0323778 0.0233406
5 0.0434343 0.0381789
6 0.0563484 0.0576344
7 0.0726719 0.075678
8 0.0936808 0.0943716
9 0.119069 0.121808
10 0.159414 0.1533
11 0.202153 0.187123
12 0.245055 0.223793
13 0.295168 0.269673
14 0.349318 0.321544
15 0.404117 0.377015
16 0.459331 0.428374
17 0.509684 0.478506
18 0.558805 0.526098
19 0.606417 0.569023
20 0.658124 0.607058
21 0.709026 0.641662
22 0.758731 0.673906
23 0.802707 0.703518
24 0.840768 0.731601
25 0.875024 0.757795
26 0.905134 0.781603
27 0.930556 0.80419
28 0.950354 0.824607
29 0.965254 0.843108
30 0.976102 0.860115
31 0.983302 0.875585
32 0.988587 0.890578
33 0.992175 0.903974
34 0.995138 0.916516
35 0.997223 0.927714
36 0.998765 0.93789
37 0.999518 0.947325
38 0.999948 0.955948
39 1 0.963702
