1 0.0103864 0.00767872
2 0.0204325 0.0147661
3 0.0313478 0.0224269
4 0.0425436 0.0323533
5 0.0552064 0.0446157
6 0.0702652 0.0596045
7 0.0900942 0.0745626
8 0.116762 0.0893018
9 0.152353 0.105763
10 0.201088 0.124038
11 0.253691 0.145537
12 0.301464 0.168221
13 0.350844 0.193663
14 0.401718 0.22043
15 0.45299 0.24921
16 0.509505 0.280246
17 0.569253 0.31374
18 0.627587 0.349458
19 0.683137 0.390135
20 0.727558 0.427677
21 0.765989 0.463191
22 0.801297 0.497324
23 0.83239 0.534785
24 0.863029 0.575726
25 0.891246 0.616577
26 0.915276 0.6579
27 0.935908 0.701683
28 0.953954 0.740315
29 0.971321 0.77538
30 0.980755 0.807265
31 0.986383 0.83568
32 0.988655 0.859907
33 0.990515 0.880932
34 0.995477 0.900408
35 0.998786 0.917696
36 0.99989 0.932902
37 1 0.945971
38 1 0.957121
39 1 0.967099
40 1 0.974057
