1 0.0104288 0.00957963
2 0.0200745 0.0189206
3 0.0306976 0.0284363
4 0.0418131 0.0387373
5 0.0543663 0.0510288
6 0.0704712 0.0674442
7 0.0891577 0.086548
8 0.115531 0.108479
9 0.151339 0.134006
10 0.19786 0.171303
11 0.250815 0.218369
12 0.299813 0.265755
13 0.351985 0.311638
14 0.405032 0.357122
15 0.456653 0.3994
16 0.513758 0.441697
17 0.571921 0.483102
18 0.626767 0.525699
19 0.683394 0.570507
20 0.729527 0.613631
21 0.767416 0.655514
22 0.804348 0.695339
23 0.835186 0.738644
24 0.864678 0.777022
25 0.89144 0.811427
26 0.913168 0.842886
27 0.934597 0.868775
28 0.953183 0.891331
29 0.970942 0.910665
30 0.981575 0.927391
31 0.988117 0.942305
32 0.99085 0.955527
33 0.992663 0.967973
34 0.996041 0.979948
35 0.999077 0.988112
36 0.999949 0.993603
37 1 0.996895
38 1 0.998978
39 1 0.999965
40 1 1
