1 0.0132384 0.0124563
2 0.0264938 0.0243813
3 0.0403784 0.0372125
4 0.0553364 0.0529094
5 0.0724668 0.0734188
6 0.092809 0.0962719
7 0.116671 0.125531
8 0.143186 0.163441
9 0.17689 0.210212
10 0.214076 0.266503
11 0.264207 0.340647
12 0.315946 0.424884
13 0.369644 0.497416
14 0.425363 0.562138
15 0.476495 0.618403
16 0.528192 0.670691
17 0.584806 0.721028
18 0.643482 0.767431
19 0.696852 0.807622
20 0.738569 0.843775
21 0.776865 0.874978
22 0.819097 0.903706
23 0.854169 0.928534
24 0.883469 0.947603
25 0.907714 0.962278
26 0.927729 0.974525
27 0.947933 0.985091
28 0.961866 0.993266
29 0.971772 0.997669
30 0.978729 0.999259
31 0.984247 0.999994
32 0.989682 1
33 0.994461 1
34 0.998121 1
35 0.999949 1
