1 0.0122406 0.011146
2 0.0242531 0.0211271
3 0.0371594 0.0308223
4 0.0518125 0.0433578
5 0.0722969 0.0578048
6 0.0949469 0.071673
7 0.120856 0.0863351
8 0.147712 0.101491
9 0.175666 0.117665
10 0.213634 0.135109
11 0.273928 0.158611
12 0.345691 0.188351
13 0.419297 0.225669
14 0.499169 0.261581
15 0.572809 0.298552
16 0.640287 0.336044
17 0.706094 0.374773
18 0.760981 0.411756
19 0.808938 0.447935
20 0.849934 0.497852
21 0.885962 0.543632
22 0.918437 0.596505
23 0.943906 0.641909
24 0.962388 0.680612
25 0.974419 0.719194
26 0.982878 0.757474
27 0.989103 0.788367
28 0.993197 0.814653
29 0.995878 0.838417
30 0.997819 0.860818
31 0.998981 0.881966
32 0.999637 0.899764
33 0.999938 0.915657
34 1 0.929865
