1 0.0116411 0.0149049
2 0.0223041 0.0285511
3 0.0331892 0.0429227
4 0.0456322 0.0577742
5 0.0582079 0.0759111
6 0.0740297 0.0954773
7 0.0915083 0.115033
8 0.109381 0.136704
9 0.132308 0.162382
10 0.159843 0.194848
11 0.194163 0.242197
12 0.240208 0.301241
13 0.290095 0.370311
14 0.349158 0.43942
15 0.411692 0.5095
16 0.471801 0.568828
17 0.529414 0.624256
18 0.581937 0.674162
19 0.632134 0.719004
20 0.67147 0.760249
21 0.705572 0.799399
22 0.735218 0.837156
23 0.763475 0.874357
24 0.788233 0.905472
25 0.809967 0.927609
26 0.82948 0.941888
27 0.849144 0.953326
28 0.86748 0.962112
29 0.884538 0.969721
30 0.900065 0.975996
31 0.913139 0.980974
32 0.925118 0.985369
33 0.934662 0.989209
34 0.942954 0.992206
35 0.950018 0.99478
36 0.955319 0.996391
37 0.960063 0.997636
38 0.964956 0.998507
39 0.9706 0.999157
40 0.975981 0.999605
41 0.980981 0.999879
42 0.985915 0.999975
43 0.990078 1
44 0.99318 1
