1 0.0106348 0.0106159
2 0.0206092 0.0206754
3 0.030984 0.0308371
4 0.0428315 0.0410612
5 0.0562335 0.0526579
6 0.073082 0.0667147
7 0.0959705 0.0841211
8 0.118847 0.111638
9 0.146189 0.143059
10 0.180015 0.175666
11 0.223978 0.216869
12 0.283996 0.260931
13 0.339861 0.31015
14 0.396999 0.364176
15 0.451057 0.417759
16 0.507556 0.483795
17 0.567786 0.544349
18 0.633178 0.60489
19 0.69563 0.658027
20 0.744908 0.707346
21 0.785794 0.75049
22 0.821137 0.788122
23 0.851995 0.822957
24 0.880354 0.853087
25 0.905786 0.878003
26 0.928269 0.897379
27 0.947526 0.914386
28 0.963569 0.928159
29 0.977047 0.941435
30 0.987232 0.953958
31 0.993722 0.963211
32 0.996675 0.970425
33 0.998003 0.976809
34 0.99902 0.982041
35 0.999579 0.986591
36 0.999753 0.990759
37 0.999905 0.993169
38 0.999987 0.99503
39 1 0.996747
40 1 0.998392
