1 0.00990284 0.0102472
2 0.0193089 0.0195283
3 0.02913 0.0295432
4 0.0407583 0.0408472
5 0.0546497 0.0552066
6 0.0733304 0.0730876
7 0.0987085 0.0933671
8 0.124249 0.116445
9 0.15473 0.144517
10 0.192794 0.184624
11 0.23957 0.228402
12 0.30078 0.279612
13 0.361094 0.331832
14 0.422301 0.387244
15 0.479213 0.450053
16 0.535617 0.515343
17 0.599483 0.584865
18 0.667093 0.651846
19 0.728497 0.714558
20 0.774311 0.770696
21 0.811929 0.816847
22 0.844728 0.853692
23 0.873146 0.886802
24 0.898082 0.916838
25 0.92012 0.942769
26 0.938694 0.962311
27 0.954645 0.976459
28 0.967974 0.984243
29 0.9791 0.989879
30 0.98799 0.994742
31 0.994211 0.9972
32 0.997357 0.999289
33 0.998406 0.999892
34 0.999081 1
35 0.999519 1
