1 0.0121161 0.00956909
2 0.023891 0.0196409
3 0.036092 0.0300503
4 0.049507 0.0416748
5 0.0657687 0.0549842
6 0.0834537 0.0713502
7 0.105503 0.0929575
8 0.127298 0.115589
9 0.152644 0.142267
10 0.183505 0.172246
11 0.226606 0.20869
12 0.291419 0.253015
13 0.35461 0.30129
14 0.416626 0.345483
15 0.475102 0.389624
16 0.533434 0.435421
17 0.592446 0.479898
18 0.642835 0.5264
19 0.687409 0.568725
20 0.729697 0.614311
21 0.771765 0.658844
22 0.820187 0.697886
23 0.866476 0.731393
24 0.903039 0.751968
25 0.92427 0.770957
26 0.941457 0.78849
27 0.954097 0.80553
28 0.963505 0.820345
29 0.97061 0.834481
30 0.976522 0.848354
31 0.981685 0.86112
32 0.986078 0.87361
33 0.989239 0.885204
34 0.991471 0.89558
35 0.993443 0.905078
36 0.99514 0.914486
37 0.996622 0.923549
38 0.99777 0.931857
39 0.998626 0.940113
40 0.999267 0.948049
41 0.999768 0.95556
42 0.999974 0.962218
43 1 0.967983
44 1 0.973025
45 1 0.977596
