1 0.00828742 0.00927176
2 0.0163749 0.0177866
3 0.0256798 0.027347
4 0.0357945 0.0385047
5 0.0479737 0.0512769
6 0.0641859 0.0674346
7 0.0875012 0.0861117
8 0.115579 0.106235
9 0.147107 0.131971
10 0.178069 0.165411
11 0.212246 0.201016
12 0.255453 0.246281
13 0.306199 0.301092
14 0.357018 0.360909
15 0.40795 0.418798
16 0.460733 0.475526
17 0.511162 0.532627
18 0.560553 0.585796
19 0.610805 0.639904
20 0.65482 0.689611
21 0.692079 0.733034
22 0.723213 0.775504
23 0.75153 0.814142
24 0.777261 0.850223
25 0.80099 0.885093
26 0.821961 0.915376
27 0.840849 0.941326
28 0.857479 0.96245
29 0.872691 0.975187
30 0.885999 0.984793
31 0.897534 0.990162
32 0.908231 0.994727
33 0.918635 0.997545
34 0.928013 0.99913
35 0.93642 0.999444
36 0.943809 0.999685
37 0.950597 0.999868
38 0.957106 1
