1 0.0155863 0.0128913
2 0.0305888 0.0246607
3 0.0459039 0.0369321
4 0.061547 0.0512881
5 0.0777893 0.0679086
6 0.0942381 0.0893906
7 0.114649 0.110499
8 0.139447 0.134152
9 0.165718 0.163636
10 0.194021 0.200277
11 0.233796 0.240055
12 0.284641 0.284778
13 0.359796 0.325516
14 0.438678 0.366627
15 0.505054 0.401963
16 0.564915 0.431101
17 0.620845 0.458168
18 0.675803 0.482116
19 0.725886 0.504238
20 0.774863 0.52553
21 0.81931 0.544744
22 0.859073 0.563923
23 0.890633 0.58294
24 0.915039 0.599474
25 0.933507 0.614294
26 0.947304 0.627708
27 0.956281 0.64124
28 0.966666 0.653923
29 0.975152 0.668082
30 0.981475 0.683307
31 0.986111 0.702015
32 0.991289 0.722964
33 0.994731 0.740648
34 0.997244 0.759249
35 0.998995 0.776745
36 1 0.797091
37 1 0.824792
38 1 0.856662
39 1 0.890461
40 1 0.91848
41 1 0.946894
42 1 0.971111
43 1 0.979557
