1 0.0271961 0.0165438
2 0.0532041 0.0321231
3 0.0783934 0.0485877
4 0.105195 0.064817
5 0.13084 0.0825525
6 0.158233 0.103216
7 0.190212 0.126841
8 0.222579 0.150987
9 0.262388 0.17893
10 0.312453 0.207528
11 0.366894 0.253059
12 0.448273 0.315978
13 0.522592 0.38794
14 0.58109 0.462751
15 0.632964 0.52691
16 0.670157 0.585002
17 0.699446 0.638322
18 0.72514 0.687951
19 0.751314 0.734874
20 0.774952 0.776816
21 0.794675 0.81471
22 0.814848 0.848778
23 0.83161 0.879287
24 0.845503 0.905298
25 0.85968 0.928725
26 0.872613 0.948263
27 0.888113 0.963147
28 0.902438 0.974232
29 0.914952 0.982217
30 0.927436 0.987766
31 0.93891 0.991502
32 0.94775 0.994454
33 0.956165 0.996539
34 0.963595 0.998008
35 0.970471 0.998914
36 0.977673 0.999501
37 0.983509 0.999834
38 0.98924 0.999968
39 0.992989 1
40 0.99627 1
