1 0.00766125 0.0079869
2 0.0146858 0.0160469
3 0.0219826 0.0247846
4 0.0301459 0.0351373
5 0.0408348 0.0475976
6 0.059324 0.0619375
7 0.0796476 0.0782011
8 0.103676 0.0971101
9 0.133388 0.121386
10 0.170731 0.156262
11 0.215651 0.2001
12 0.259628 0.248413
13 0.302538 0.303485
14 0.347654 0.360634
15 0.39677 0.420447
16 0.445704 0.474264
17 0.491285 0.527196
18 0.533747 0.57871
19 0.579356 0.627305
20 0.622138 0.672295
21 0.662822 0.713982
22 0.695631 0.75577
23 0.724543 0.794632
24 0.752023 0.8266
25 0.776603 0.854589
26 0.799247 0.879778
27 0.819834 0.902302
28 0.839179 0.922615
29 0.856836 0.941883
30 0.873648 0.957135
31 0.889547 0.968571
32 0.903879 0.976296
33 0.916221 0.982838
34 0.927645 0.989811
35 0.937685 0.99544
36 0.947285 0.998398
37 0.956162 1
38 0.964192 1
39 0.970553 1
40 0.97574 1
