1 0.00916753 0.0103967
2 0.0177185 0.0201819
3 0.0263931 0.029928
4 0.0365414 0.0402124
5 0.0492131 0.0522876
6 0.0633819 0.0663403
7 0.0819797 0.0827832
8 0.106937 0.102743
9 0.139663 0.128407
10 0.178597 0.16425
11 0.220891 0.218961
12 0.266267 0.27213
13 0.320834 0.328176
14 0.378382 0.379056
15 0.433646 0.435941
16 0.490431 0.500938
17 0.545775 0.548615
18 0.596459 0.5965
19 0.645907 0.648938
20 0.694285 0.707876
21 0.744593 0.76608
22 0.786606 0.812935
23 0.824542 0.850074
24 0.862738 0.88226
25 0.902599 0.91147
26 0.930277 0.936143
27 0.952748 0.957009
28 0.967949 0.971919
29 0.978097 0.983103
30 0.986432 0.990197
31 0.992603 0.994269
32 0.997332 0.996832
33 0.999302 0.998153
34 0.999971 0.999037
35 1 0.999487
36 1 0.999791
37 1 0.999974
38 1 1
39 1 1
