1 0.00691644 0.00687673
2 0.0133082 0.0137358
3 0.0201032 0.0206178
4 0.0273795 0.02816
5 0.0364714 0.0365087
6 0.047542 0.0458201
7 0.0589844 0.0568353
8 0.0711394 0.0726224
9 0.0878867 0.093551
10 0.110703 0.117512
11 0.134996 0.147453
12 0.162273 0.186986
13 0.194293 0.228214
14 0.228357 0.266007
15 0.263678 0.302997
16 0.301322 0.340948
17 0.340038 0.376992
18 0.379244 0.413441
19 0.421267 0.453782
20 0.464589 0.494206
21 0.510036 0.533204
22 0.550978 0.57182
23 0.591989 0.609822
24 0.63024 0.647172
25 0.668125 0.680569
26 0.701398 0.711062
27 0.730272 0.73999
28 0.758812 0.766359
29 0.784525 0.789624
30 0.80877 0.81169
31 0.832337 0.832063
32 0.85602 0.850518
33 0.875411 0.867242
34 0.892302 0.882178
35 0.908648 0.895758
36 0.922878 0.908195
37 0.935176 0.919846
38 0.946317 0.929929
39 0.956566 0.939039
40 0.966669 0.947591
41 0.97556 0.955193
42 0.984317 0.962525
43 0.990528 0.968824
44 0.995039 0.974207
45 0.998058 0.979106
46 0.999377 0.983031
47 0.999898 0.986649
48 1 0.989857
49 1 0.992551
50 1 0.994577
51 1 0.996182
52 1 0.997327
53 1 0.998237
54 1 0.998983
55 1 0.999526
56 1 0.999882
