1 0.0131774 0.0116453
2 0.0266712 0.0226893
3 0.0418037 0.0340317
4 0.0593916 0.0464817
5 0.0781152 0.0621413
6 0.100941 0.0812695
7 0.131736 0.100592
8 0.170322 0.123367
9 0.208002 0.157868
10 0.248407 0.206012
11 0.297004 0.258011
12 0.362042 0.309966
13 0.42424 0.35874
14 0.484751 0.407948
15 0.550495 0.459921
16 0.603323 0.519438
17 0.65119 0.580361
18 0.691769 0.637449
19 0.731209 0.690533
20 0.770306 0.741924
21 0.802431 0.782488
22 0.830649 0.816804
23 0.855149 0.848091
24 0.876595 0.875026
25 0.895441 0.897886
26 0.913667 0.918016
27 0.929759 0.935347
28 0.943553 0.949763
29 0.956293 0.962146
30 0.967193 0.972748
31 0.975903 0.981392
32 0.983423 0.987666
33 0.988843 0.992526
34 0.993039 0.995606
35 0.995565 0.99707
36 0.997904 0.998115
37 0.999018 0.998749
38 0.999662 0.99911
39 0.999859 0.999894
40 0.999992 1
41 1 1
