1 0.0146106 0.0115039
2 0.0285533 0.0230534
3 0.0436263 0.0358832
4 0.0604408 0.0502496
5 0.0792509 0.0652539
6 0.100422 0.0815256
7 0.128437 0.101016
8 0.162766 0.123435
9 0.197285 0.15796
10 0.236652 0.205004
11 0.279227 0.26049
12 0.339762 0.317734
13 0.400095 0.374536
14 0.463872 0.431921
15 0.534454 0.492882
16 0.587942 0.552346
17 0.637977 0.610924
18 0.682266 0.668655
19 0.722077 0.723401
20 0.757704 0.772188
21 0.790957 0.816743
22 0.82083 0.855163
23 0.849232 0.895163
24 0.87311 0.928286
25 0.89387 0.950291
26 0.912177 0.971402
27 0.928994 0.987732
28 0.942596 0.995955
29 0.955024 0.999549
30 0.966998 1
31 0.976495 1
32 0.984908 1
33 0.991428 1
34 0.99517 1
35 0.996931 1
36 0.998586 1
