1 0.00634085 0.00700816
2 0.0125439 0.0135751
3 0.0190725 0.0201438
4 0.0259468 0.027137
5 0.0335975 0.0347905
6 0.043027 0.0428249
7 0.0534864 0.0516966
8 0.0657439 0.0622902
9 0.0795918 0.0753002
10 0.0975918 0.0911719
11 0.12046 0.113385
12 0.153499 0.139661
13 0.187239 0.172865
14 0.223165 0.204691
15 0.259737 0.23871
16 0.295335 0.273387
17 0.32786 0.304519
18 0.360298 0.332385
19 0.392018 0.359059
20 0.423332 0.386668
21 0.451304 0.414727
22 0.479857 0.442021
23 0.5082 0.468428
24 0.53707 0.491796
25 0.564673 0.511956
26 0.59112 0.530455
27 0.617651 0.54722
28 0.642348 0.562752
29 0.665403 0.578598
30 0.688282 0.594565
31 0.711369 0.609917
32 0.734929 0.624678
33 0.758518 0.639442
34 0.780141 0.653527
35 0.800203 0.669133
36 0.818907 0.684612
37 0.837726 0.700233
38 0.856448 0.715989
39 0.874339 0.731176
40 0.890835 0.746383
41 0.905014 0.762995
42 0.917929 0.780739
43 0.929183 0.796908
44 0.939818 0.812204
45 0.949042 0.827111
46 0.957152 0.841211
47 0.964355 0.85535
48 0.970441 0.869933
49 0.97563 0.884615
50 0.980191 0.899037
51 0.984076 0.913426
52 0.987542 0.927769
53 0.990538 0.94002
54 0.993233 0.95136
55 0.995304 0.960688
56 0.997207 0.968752
57 0.998437 0.975739
58 0.999279 0.981249
59 0.999766 0.985101
60 0.999944 0.9882
61 1 0.990867
62 1 0.993279
