1 0.0176806 0.013656
2 0.0351023 0.0256501
3 0.0550122 0.039496
4 0.082203 0.059916
5 0.110291 0.0868773
6 0.145356 0.11851
7 0.18757 0.15508
8 0.229713 0.19072
9 0.275958 0.228674
10 0.32629 0.284251
11 0.393582 0.347874
12 0.46161 0.405226
13 0.520935 0.454701
14 0.573931 0.49882
15 0.6203 0.538327
16 0.662762 0.574324
17 0.700878 0.606629
18 0.736127 0.638196
19 0.77025 0.668798
20 0.802582 0.700062
21 0.83186 0.726676
22 0.857279 0.753499
23 0.880176 0.780121
24 0.898337 0.805577
25 0.913136 0.828977
26 0.926572 0.851961
27 0.93785 0.873539
28 0.948103 0.893236
29 0.956911 0.911483
30 0.965127 0.932334
31 0.9727 0.948809
32 0.979392 0.960898
33 0.985299 0.971056
34 0.990798 0.97821
35 0.995744 0.984591
36 0.996791 0.991479
37 0.997748 0.994072
38 0.998735 0.995745
39 1 0.997085
40 1 0.998093
