1 0.0165997 0.0193559
2 0.0323813 0.0389008
3 0.0529255 0.0589104
4 0.0817602 0.0799359
5 0.110403 0.102333
6 0.144233 0.125993
7 0.185266 0.149588
8 0.228238 0.178016
9 0.2724 0.210152
10 0.325104 0.249915
11 0.38787 0.293828
12 0.454757 0.343073
13 0.516461 0.396244
14 0.570602 0.454645
15 0.618596 0.518709
16 0.66408 0.600583
17 0.704425 0.685935
18 0.740488 0.754283
19 0.775444 0.816674
20 0.807517 0.867499
21 0.834701 0.90456
22 0.859598 0.934309
23 0.880912 0.957657
24 0.897707 0.972335
25 0.910936 0.983362
26 0.923539 0.989697
27 0.935823 0.995001
28 0.947439 0.999279
29 0.956318 1
30 0.96557 1
31 0.973361 1
32 0.9803 1
33 0.985708 1
34 0.991364 1
