1 0.0170602 0.0168675
2 0.0325154 0.0328698
3 0.047963 0.0486979
4 0.0633912 0.0649819
5 0.0795563 0.0819974
6 0.0957755 0.098351
7 0.113465 0.115329
8 0.131593 0.134028
9 0.154325 0.153703
10 0.18387 0.175419
11 0.22049 0.211645
12 0.275409 0.282723
13 0.329483 0.331889
14 0.379417 0.373828
15 0.422056 0.409914
16 0.461721 0.442061
17 0.496879 0.472039
18 0.52983 0.502116
19 0.559838 0.529229
20 0.586061 0.554844
21 0.611335 0.583446
22 0.635258 0.612437
23 0.658912 0.639579
24 0.679012 0.670295
25 0.699606 0.698752
26 0.718951 0.72261
27 0.73902 0.745336
28 0.758746 0.766953
29 0.776848 0.789586
30 0.797504 0.813175
31 0.822535 0.83431
32 0.841092 0.857219
33 0.859533 0.882247
34 0.877006 0.899152
35 0.894263 0.913389
36 0.909695 0.924805
37 0.923291 0.935384
38 0.935285 0.94578
39 0.946898 0.95494
40 0.957442 0.963908
41 0.968634 0.969438
42 0.977049 0.975265
43 0.983777 0.979289
44 0.990035 0.982987
45 0.995266 0.985208
46 0.998391 0.98947
47 0.999911 0.992141
48 1 0.993813
49 1 0.996171
50 1 0.997828
51 1 0.99973
