1 0.0164275 0.0189752
2 0.0313387 0.0371781
3 0.0468634 0.0559297
4 0.0630517 0.0749427
5 0.0791049 0.0949369
6 0.0960841 0.115422
7 0.112894 0.136644
8 0.133754 0.162645
9 0.157531 0.193776
10 0.191424 0.235262
11 0.233272 0.280418
12 0.30081 0.337558
13 0.356574 0.394289
14 0.402851 0.451886
15 0.440725 0.504433
16 0.479209 0.547545
17 0.514506 0.587699
18 0.54755 0.629232
19 0.576389 0.672495
20 0.601219 0.725594
21 0.625181 0.764012
22 0.646377 0.806146
23 0.667211 0.839669
24 0.687226 0.867734
25 0.707816 0.886683
26 0.726092 0.902119
27 0.743657 0.917916
28 0.760494 0.934458
29 0.776539 0.946875
30 0.794965 0.95786
31 0.818009 0.967702
32 0.838723 0.976734
33 0.861651 0.98351
34 0.879861 0.988463
35 0.896836 0.991862
36 0.911586 0.995131
37 0.925177 0.997916
38 0.937596 0.999077
39 0.949147 1
40 0.960162 1
41 0.969722 1
42 0.978951 1
43 0.986362 1
