1 0.0175579 0.0265039
2 0.0334761 0.0517035
3 0.0498264 0.0781385
4 0.0660301 0.105022
5 0.0832446 0.132048
6 0.0999074 0.158437
7 0.1163 0.18509
8 0.135571 0.218679
9 0.159695 0.26732
10 0.190405 0.315622
11 0.237805 0.367199
12 0.307226 0.430405
13 0.364823 0.49125
14 0.408881 0.547377
15 0.450239 0.599954
16 0.485347 0.647751
17 0.51983 0.679994
18 0.552311 0.716903
19 0.582049 0.750089
20 0.607365 0.784504
21 0.631119 0.820092
22 0.653499 0.850503
23 0.672735 0.878391
24 0.693854 0.901494
25 0.713981 0.92158
26 0.732346 0.937099
27 0.751825 0.946044
28 0.76951 0.953536
29 0.785224 0.959512
30 0.801582 0.965361
31 0.821377 0.97087
32 0.841786 0.976512
33 0.858704 0.984148
34 0.875845 0.998087
35 0.893985 1
36 0.91125 1
37 0.926863 1
38 0.939969 1
