1 0.0179931 0.0165746
2 0.0342171 0.0321236
3 0.0501298 0.048284
4 0.067526 0.0691387
5 0.0902552 0.0907857
6 0.112747 0.113606
7 0.138802 0.143642
8 0.168304 0.172462
9 0.217271 0.207627
10 0.266994 0.249142
11 0.326228 0.298629
12 0.404797 0.358205
13 0.490186 0.41408
14 0.557504 0.477295
15 0.621566 0.533655
16 0.681622 0.586867
17 0.735407 0.642535
18 0.782426 0.691778
19 0.8241 0.729763
20 0.868772 0.761696
21 0.90606 0.791206
22 0.932435 0.819283
23 0.949753 0.843955
24 0.962327 0.866144
25 0.971432 0.884283
26 0.979351 0.898231
27 0.984944 0.90999
28 0.989308 0.92074
29 0.993248 0.930414
30 0.995973 0.939425
31 0.997716 0.947922
32 0.998638 0.955533
33 0.999317 0.961555
34 0.999944 0.967784
35 1 0.973323
