1 0.00415034 0.00407097
2 0.00820317 0.00795349
3 0.0125474 0.0119647
4 0.0171906 0.0161056
5 0.0223477 0.020411
6 0.0284503 0.0248706
7 0.0359714 0.0299867
8 0.0451656 0.0364023
9 0.0581294 0.0441979
10 0.0743841 0.0552634
11 0.0941777 0.0668271
12 0.118496 0.0796365
13 0.147264 0.0943991
14 0.174955 0.109831
15 0.202262 0.126182
16 0.230674 0.143162
17 0.260127 0.160466
18 0.290628 0.178415
19 0.323141 0.196958
20 0.358716 0.217089
21 0.396511 0.237765
22 0.436529 0.258981
23 0.478158 0.281395
24 0.519274 0.302992
25 0.558897 0.323227
26 0.597521 0.34435
27 0.63683 0.36792
28 0.674359 0.392093
29 0.711417 0.416716
30 0.745343 0.440966
31 0.776631 0.466359
32 0.805749 0.493456
33 0.833497 0.520756
34 0.858794 0.547946
35 0.881528 0.574268
36 0.900814 0.599778
37 0.917613 0.624568
38 0.932143 0.647885
39 0.944329 0.670263
40 0.954744 0.691767
41 0.963157 0.712996
42 0.970382 0.734805
43 0.975975 0.755915
44 0.980672 0.775818
45 0.984421 0.795623
46 0.987714 0.814779
47 0.990281 0.833229
48 0.992361 0.851754
49 0.994052 0.867444
50 0.995333 0.881607
51 0.99645 0.894637
52 0.997465 0.906187
53 0.998468 0.916708
54 0.999215 0.92641
55 0.999796 0.934429
56 0.999969 0.941709
57 1 0.948511
58 1 0.954649
59 1 0.959987
60 1 0.964716
