1 0.0040178 0.00410092
2 0.00799943 0.00802207
3 0.0122318 0.0121675
4 0.0167623 0.0166236
5 0.0219166 0.0218664
6 0.0278213 0.0278444
7 0.0353986 0.0349792
8 0.0444151 0.0442657
9 0.0568269 0.0571085
10 0.0724527 0.0751717
11 0.0922643 0.0964409
12 0.116304 0.119735
13 0.145088 0.143871
14 0.172527 0.168141
15 0.199483 0.193532
16 0.22793 0.219113
17 0.258104 0.24623
18 0.290085 0.277313
19 0.323173 0.31134
20 0.358978 0.349007
21 0.39734 0.386844
22 0.437272 0.427726
23 0.478543 0.467596
24 0.518386 0.504179
25 0.55727 0.539513
26 0.596583 0.574669
27 0.636148 0.60798
28 0.674202 0.642573
29 0.711408 0.67648
30 0.745559 0.709611
31 0.777956 0.74067
32 0.807462 0.77083
33 0.835676 0.797412
34 0.861848 0.81996
35 0.885063 0.8406
36 0.904753 0.861583
37 0.922412 0.882079
38 0.937719 0.900863
39 0.949975 0.916578
40 0.96021 0.92957
41 0.968175 0.940892
42 0.974767 0.950686
43 0.979686 0.958754
44 0.983773 0.967014
45 0.987199 0.973674
46 0.990035 0.979351
47 0.992272 0.984893
48 0.993957 0.989132
49 0.995242 0.992084
50 0.99631 0.994204
51 0.997282 0.995882
52 0.998122 0.997215
53 0.998849 0.998277
54 0.999453 0.999029
55 0.999878 0.999498
56 0.999978 0.999758
57 1 0.999919
58 1 0.999991
59 1 1
60 1 1
