1 0.0111032 0.00885904
2 0.0209224 0.0171315
3 0.0304376 0.02632
4 0.0408717 0.0365438
5 0.0534719 0.0488315
6 0.0662783 0.062562
7 0.0845244 0.0793974
8 0.1093 0.0995627
9 0.133175 0.128395
10 0.162797 0.165577
11 0.2004 0.212072
12 0.247279 0.263399
13 0.29604 0.315092
14 0.347255 0.36986
15 0.39851 0.42674
16 0.449096 0.486211
17 0.501796 0.54354
18 0.550162 0.599479
19 0.595411 0.651051
20 0.637691 0.702016
21 0.67547 0.750244
22 0.711098 0.791069
23 0.745148 0.825039
24 0.776805 0.855115
25 0.805939 0.885235
26 0.833495 0.910878
27 0.858269 0.935327
28 0.881017 0.956503
29 0.902336 0.971688
30 0.920093 0.981686
31 0.935268 0.989219
32 0.948953 0.993904
33 0.959308 0.996465
34 0.967084 0.998683
35 0.973544 0.999875
36 0.978999 0.999998
37 0.983338 1
38 0.987492 1
