1 0.0100739 0.00733608
2 0.0199231 0.0142069
3 0.0301754 0.0213059
4 0.0410711 0.0289877
5 0.0521853 0.0428719
6 0.0635919 0.0647528
7 0.0757649 0.0857569
8 0.0892305 0.108356
9 0.105702 0.134423
10 0.130669 0.173511
11 0.162019 0.218803
12 0.207633 0.264061
13 0.248633 0.310526
14 0.288978 0.363624
15 0.331328 0.428697
16 0.373255 0.486722
17 0.415152 0.534217
18 0.453763 0.577539
19 0.490656 0.624056
20 0.529147 0.669925
21 0.572165 0.712179
22 0.614175 0.750314
23 0.652887 0.781834
24 0.687196 0.818787
25 0.714843 0.851648
26 0.738846 0.877196
27 0.760928 0.897665
28 0.780743 0.914866
29 0.797864 0.932091
30 0.813798 0.946904
31 0.828677 0.957723
32 0.843356 0.969776
33 0.857224 0.9813
34 0.869872 0.989884
35 0.882094 0.99416
36 0.893075 0.99777
37 0.90335 0.999257
38 0.91245 0.999903
39 0.920579 1
40 0.928344 1
41 0.936099 1
42 0.943253 1
43 0.950299 1
