1 0.00900972 0.0089509
2 0.0173833 0.017502
3 0.025975 0.0266361
4 0.0353972 0.0369346
5 0.0472625 0.0493683
6 0.0635417 0.062884
7 0.0859417 0.0806756
8 0.112867 0.0998556
9 0.145383 0.122662
10 0.184843 0.153183
11 0.227465 0.193375
12 0.281531 0.234369
13 0.329325 0.278944
14 0.379376 0.325565
15 0.429333 0.380676
16 0.480972 0.43386
17 0.530639 0.484032
18 0.577383 0.530999
19 0.621689 0.576931
20 0.664931 0.622292
21 0.708285 0.66259
22 0.748132 0.701184
23 0.78275 0.738575
24 0.816757 0.777287
25 0.848999 0.811296
26 0.882651 0.841784
27 0.913106 0.868845
28 0.936636 0.8924
29 0.953379 0.914049
30 0.965889 0.932618
31 0.976032 0.94885
32 0.983685 0.962118
33 0.988886 0.972236
34 0.992301 0.98043
35 0.995343 0.986532
36 0.997322 0.991115
37 0.998515 0.994728
38 0.999061 0.997069
39 0.999389 0.998495
40 0.999644 0.999574
41 0.999772 0.999963
42 0.999858 1
43 0.999964 1
44 1 1
45 1 1
