1 0.00910556 0.00831172
2 0.0173417 0.0161715
3 0.0258639 0.0247133
4 0.0356014 0.0338011
5 0.0481167 0.0476406
6 0.0641639 0.0643389
7 0.0859069 0.0811943
8 0.110085 0.100535
9 0.140269 0.128209
10 0.177889 0.162432
11 0.221046 0.202195
12 0.274515 0.243172
13 0.323628 0.294122
14 0.376114 0.348087
15 0.428628 0.398197
16 0.481482 0.44854
17 0.534983 0.500637
18 0.584064 0.550471
19 0.630031 0.599278
20 0.67484 0.649661
21 0.717057 0.696052
22 0.755747 0.740017
23 0.790342 0.780843
24 0.822775 0.815184
25 0.853514 0.846413
26 0.885087 0.872948
27 0.911969 0.898145
28 0.93434 0.921184
29 0.95161 0.93902
30 0.965437 0.953276
31 0.975804 0.964905
32 0.984457 0.974203
33 0.989496 0.980978
34 0.99279 0.986196
35 0.995228 0.989999
36 0.997012 0.993166
37 0.998126 0.996032
38 0.998803 0.997962
39 0.999219 0.99883
40 0.999506 0.999401
41 0.999743 0.999774
42 0.999892 0.999953
43 0.999962 0.999998
44 0.999999 1
