1 0.0131821 0.0125647
2 0.0254813 0.0241384
3 0.0390132 0.0367197
4 0.0552562 0.0518782
5 0.0784349 0.0718533
6 0.104384 0.0938325
7 0.130402 0.11812
8 0.160644 0.147529
9 0.203795 0.17946
10 0.262666 0.22245
11 0.325751 0.272659
12 0.384505 0.337091
13 0.449245 0.397459
14 0.521479 0.456161
15 0.605925 0.512385
16 0.674605 0.561772
17 0.738272 0.606062
18 0.795253 0.645116
19 0.840066 0.681143
20 0.874484 0.713074
21 0.902985 0.743563
22 0.926541 0.770909
23 0.944848 0.797475
24 0.960128 0.821572
25 0.972306 0.845154
26 0.981645 0.866206
27 0.988193 0.886591
28 0.992978 0.904972
29 0.996094 0.925379
30 0.99776 0.941082
31 0.998861 0.955446
32 0.999623 0.966549
33 0.999976 0.97479
34 1 0.979967
35 1 0.984537
