1 0.00749956 0.0088083
2 0.0146705 0.0174949
3 0.0225721 0.0271039
4 0.0314818 0.0404064
5 0.0421083 0.0561746
6 0.0561413 0.0741718
7 0.07292 0.0983556
8 0.0946413 0.131013
9 0.122026 0.170113
10 0.157873 0.213501
11 0.196074 0.267443
12 0.237297 0.321435
13 0.278128 0.37649
14 0.324805 0.428949
15 0.372847 0.483086
16 0.427273 0.536512
17 0.482592 0.586396
18 0.538301 0.632462
19 0.593978 0.67686
20 0.645762 0.71642
21 0.691166 0.751934
22 0.730288 0.784403
23 0.764256 0.813947
24 0.792565 0.840826
25 0.816174 0.8653
26 0.835595 0.88738
27 0.852636 0.906471
28 0.867895 0.924148
29 0.882022 0.939381
30 0.895531 0.951944
31 0.908016 0.962812
32 0.919825 0.971744
33 0.930151 0.978129
34 0.939793 0.983477
35 0.948015 0.987509
36 0.955175 0.99082
37 0.961548 0.993477
38 0.967511 0.995619
39 0.973039 0.997061
40 0.977739 0.9982
41 0.981799 0.999182
42 0.985022 0.999645
43 0.987861 0.999907
44 0.990403 0.999991
45 0.992504 1
