1 0.00938189 0.00706597
2 0.0184399 0.0138551
3 0.0282948 0.0213368
4 0.0389667 0.0295901
5 0.0518517 0.0406086
6 0.0652687 0.0527411
7 0.0791333 0.0655025
8 0.0947958 0.0802623
9 0.114664 0.100149
10 0.140239 0.12971
11 0.174479 0.16216
12 0.219219 0.199303
13 0.274086 0.240003
14 0.329042 0.280635
15 0.379325 0.325765
16 0.430145 0.371109
17 0.478699 0.416979
18 0.522116 0.460809
19 0.567424 0.504155
20 0.614291 0.548767
21 0.661552 0.590965
22 0.702063 0.631424
23 0.743875 0.668779
24 0.778175 0.706123
25 0.808097 0.743185
26 0.834387 0.778639
27 0.857905 0.811654
28 0.879606 0.842469
29 0.89865 0.871276
30 0.915567 0.898251
31 0.929867 0.922439
32 0.941974 0.943178
33 0.951999 0.961915
34 0.960462 0.978007
35 0.967787 0.990066
36 0.974313 0.995557
37 0.979712 0.997778
38 0.984441 0.99898
39 0.988623 0.999554
40 0.991713 0.999841
41 0.994194 0.999936
42 0.996079 0.999977
43 0.997542 0.999999
44 0.998632 1
