1 0.0189454 0.0295566
2 0.0360143 0.058667
3 0.0532295 0.0902392
4 0.0712329 0.120113
5 0.0896191 0.153206
6 0.108726 0.187229
7 0.126692 0.222618
8 0.150295 0.256592
9 0.196326 0.304031
10 0.236626 0.369917
11 0.287213 0.433142
12 0.344932 0.500468
13 0.406039 0.569519
14 0.46966 0.634238
15 0.520919 0.710868
16 0.565055 0.783445
17 0.605048 0.826525
18 0.648805 0.859817
19 0.686673 0.884096
20 0.7073 0.905133
21 0.726703 0.922069
22 0.745115 0.939033
23 0.760653 0.954448
24 0.776926 0.967041
25 0.792224 0.978484
26 0.808992 0.986665
27 0.825356 0.992255
28 0.837606 0.996087
29 0.85019 0.998178
30 0.863772 0.999377
31 0.875114 0.999995
32 0.886009 1
33 0.896228 1
34 0.906001 1
