1 0.0113975 0.013108
2 0.0222428 0.025477
3 0.033338 0.0382115
4 0.0450166 0.0512255
5 0.0570143 0.0644209
6 0.0694442 0.0779602
7 0.0823529 0.0925531
8 0.0988221 0.109903
9 0.117793 0.135513
10 0.143584 0.165181
11 0.184164 0.195548
12 0.222346 0.233779
13 0.257521 0.27353
14 0.289756 0.309393
15 0.32333 0.341833
16 0.356122 0.370055
17 0.390423 0.396899
18 0.423189 0.422201
19 0.453958 0.446037
20 0.483501 0.468566
21 0.512536 0.495079
22 0.540693 0.521403
23 0.567577 0.5466
24 0.586631 0.569755
25 0.603135 0.592028
26 0.61787 0.614399
27 0.632993 0.638589
28 0.654447 0.664042
29 0.680493 0.688422
30 0.715858 0.711388
31 0.741884 0.7336
32 0.763786 0.760236
33 0.783726 0.797912
34 0.803277 0.838988
35 0.820589 0.865641
36 0.839298 0.887033
37 0.866711 0.90204
38 0.889837 0.914942
39 0.910451 0.927081
40 0.930156 0.935765
41 0.94755 0.94491
42 0.964164 0.952716
43 0.980133 0.959449
44 0.990776 0.967108
45 0.996896 0.973405
46 0.999113 0.97941
47 0.999903 0.984929
48 1 0.989809
49 1 0.99321
50 1 0.99643
51 1 0.997866
52 1 0.99868
53 1 0.999186
