1 0.00473083 0.00570213
2 0.00915436 0.0111522
3 0.0140268 0.0172642
4 0.0191586 0.0237517
5 0.0251379 0.0309944
6 0.0322665 0.0395698
7 0.0404984 0.0495418
8 0.0506665 0.0620254
9 0.0646323 0.0775292
10 0.0844131 0.102113
11 0.110029 0.131025
12 0.138726 0.163309
13 0.170152 0.196587
14 0.199954 0.22866
15 0.229709 0.258881
16 0.260517 0.288573
17 0.2932 0.321026
18 0.325498 0.355334
19 0.359585 0.39161
20 0.396214 0.431362
21 0.435248 0.472651
22 0.472805 0.512976
23 0.510808 0.553806
24 0.550807 0.595004
25 0.589196 0.637039
26 0.629176 0.676552
27 0.666841 0.716231
28 0.702365 0.754328
29 0.736673 0.79281
30 0.76941 0.828251
31 0.800993 0.858622
32 0.828665 0.885474
33 0.85318 0.905553
34 0.877441 0.92424
35 0.900153 0.939397
36 0.917135 0.951997
37 0.932323 0.96398
38 0.947173 0.972412
39 0.957957 0.978588
40 0.965501 0.983077
41 0.971845 0.986541
42 0.977278 0.989549
43 0.982182 0.992009
44 0.987101 0.994113
45 0.994739 0.995815
46 0.997368 0.996959
47 0.998644 0.997868
48 0.99942 0.998532
49 0.999829 0.999137
50 0.999965 0.999632
51 1 0.999861
52 1 1
53 1 1
