1 0.00473846 0.00437847
2 0.00923126 0.00850841
3 0.0140698 0.0129054
4 0.0193933 0.0177206
5 0.0253217 0.023138
6 0.0321207 0.0294265
7 0.0397559 0.0367783
8 0.0487943 0.04637
9 0.062605 0.0584255
10 0.080878 0.0737097
11 0.104861 0.0942793
12 0.133671 0.118515
13 0.164902 0.147411
14 0.195032 0.177728
15 0.224532 0.210015
16 0.253861 0.243393
17 0.284311 0.275745
18 0.316012 0.30952
19 0.350886 0.344512
20 0.385708 0.380436
21 0.421753 0.418201
22 0.458445 0.456913
23 0.496925 0.497197
24 0.53593 0.537694
25 0.572365 0.576034
26 0.609694 0.614366
27 0.645869 0.653177
28 0.682336 0.689937
29 0.717598 0.727377
30 0.751718 0.764476
31 0.784619 0.797919
32 0.813766 0.827748
33 0.83979 0.853149
34 0.865154 0.874546
35 0.890237 0.894693
36 0.908579 0.911682
37 0.924619 0.92533
38 0.940529 0.937505
39 0.951737 0.948786
40 0.959712 0.958708
41 0.966792 0.967791
42 0.97322 0.975162
43 0.979156 0.98148
44 0.985147 0.9866
45 0.99453 0.990703
46 0.997426 0.993584
47 0.998676 0.995703
48 0.999428 0.997528
49 0.999862 0.998957
50 0.999994 0.999826
51 1 1
52 1 1
53 1 1
