1 0.00387208 0.00321674
2 0.00759435 0.00615762
3 0.0116595 0.00923402
4 0.0161521 0.0130336
5 0.0214623 0.0178148
6 0.028246 0.0232382
7 0.0367172 0.0305164
8 0.0474653 0.0400145
9 0.0598538 0.0526696
10 0.0744006 0.0673332
11 0.0929001 0.0857686
12 0.114162 0.105707
13 0.138647 0.12658
14 0.163237 0.149171
15 0.189449 0.171582
16 0.218113 0.193914
17 0.248989 0.216632
18 0.280466 0.238946
19 0.31174 0.261562
20 0.342628 0.284815
21 0.375146 0.307744
22 0.40939 0.330189
23 0.444605 0.352597
24 0.480433 0.374756
25 0.518756 0.395498
26 0.557163 0.415485
27 0.594635 0.434458
28 0.629734 0.452354
29 0.661685 0.469588
30 0.691816 0.486007
31 0.722329 0.502072
32 0.75348 0.518201
33 0.782772 0.53437
34 0.809441 0.549307
35 0.833832 0.563908
36 0.855217 0.578343
37 0.875505 0.592392
38 0.894444 0.606329
39 0.910386 0.619929
40 0.92476 0.633417
41 0.937115 0.646472
42 0.947749 0.659255
43 0.957332 0.67179
44 0.966185 0.68407
45 0.974055 0.696173
46 0.980223 0.707881
47 0.984519 0.719622
48 0.987963 0.730593
49 0.990809 0.741402
50 0.99331 0.751823
51 0.995464 0.761792
52 0.997151 0.771394
53 0.998263 0.780813
54 0.999057 0.79019
55 0.999577 0.799466
56 0.999812 0.808558
57 0.999924 0.817575
58 0.999979 0.826229
59 0.999997 0.834409
60 1 0.84228
61 1 0.849995
62 1 0.857623
63 1 0.865109
64 1 0.87242
