1 0.00389097 0.00385531
2 0.00760135 0.00756459
3 0.0116672 0.0114963
4 0.0160602 0.0158043
5 0.0210634 0.020907
6 0.0276408 0.0268201
7 0.0357167 0.033581
8 0.0462401 0.0425177
9 0.0586313 0.0538586
10 0.0731592 0.068736
11 0.0907742 0.0864162
12 0.111759 0.107259
13 0.135226 0.130755
14 0.158973 0.155989
15 0.185342 0.183347
16 0.214493 0.21268
17 0.24601 0.244797
18 0.277975 0.279268
19 0.309862 0.312799
20 0.341335 0.349165
21 0.374428 0.386441
22 0.408234 0.423705
23 0.443198 0.459988
24 0.478684 0.496316
25 0.516933 0.533837
26 0.555688 0.57107
27 0.592959 0.607775
28 0.627659 0.644824
29 0.658956 0.679105
30 0.688763 0.711658
31 0.719092 0.74259
32 0.749255 0.77009
33 0.778982 0.794338
34 0.805998 0.816021
35 0.830493 0.837034
36 0.852153 0.85677
37 0.872962 0.873547
38 0.891771 0.889243
39 0.907993 0.903067
40 0.922589 0.915962
41 0.935273 0.927185
42 0.946175 0.937312
43 0.955828 0.947094
44 0.963982 0.955043
45 0.971874 0.961259
46 0.978383 0.966968
47 0.982816 0.9722
48 0.986354 0.976987
49 0.989403 0.981307
50 0.992024 0.985171
51 0.99435 0.988379
52 0.996192 0.991152
53 0.997575 0.993532
54 0.998563 0.995384
55 0.999258 0.996785
56 0.999607 0.9978
57 0.999809 0.998491
58 0.999925 0.998963
59 0.999983 0.999315
60 0.999997 0.999565
61 1 0.999757
62 1 0.999914
63 1 0.999992
64 1 1
