1 0.00396078 0.00387306
2 0.00773653 0.00752003
3 0.0117864 0.0112864
4 0.0162559 0.0152849
5 0.0214994 0.0198197
6 0.0281832 0.0249128
7 0.036473 0.0303605
8 0.0463356 0.0367569
9 0.0578833 0.0466885
10 0.0721147 0.0603527
11 0.0901656 0.0766384
12 0.111382 0.0959769
13 0.136213 0.116648
14 0.161273 0.141735
15 0.188284 0.168291
16 0.217308 0.194547
17 0.24819 0.221828
18 0.280131 0.250404
19 0.312668 0.278943
20 0.344075 0.30787
21 0.377358 0.339373
22 0.411311 0.371452
23 0.446634 0.407353
24 0.482713 0.444341
25 0.521364 0.480372
26 0.560973 0.513128
27 0.599222 0.544793
28 0.63402 0.575538
29 0.665265 0.605685
30 0.694541 0.634157
31 0.724591 0.66217
32 0.753877 0.689278
33 0.783185 0.715021
34 0.811048 0.739129
35 0.835813 0.761514
36 0.857519 0.782405
37 0.87739 0.802793
38 0.895563 0.82152
39 0.911123 0.838627
40 0.924928 0.854588
41 0.93697 0.869346
42 0.947197 0.883999
43 0.956585 0.89762
44 0.965025 0.909616
45 0.972593 0.921331
46 0.978708 0.931454
47 0.983603 0.940358
48 0.987603 0.947921
49 0.990676 0.955169
50 0.993305 0.961617
51 0.995513 0.967849
52 0.997163 0.973392
53 0.998386 0.978381
54 0.999123 0.982859
55 0.99962 0.986423
56 0.999829 0.989289
57 0.999929 0.991572
58 0.999974 0.993446
59 0.999995 0.994912
60 1 0.996106
61 1 0.99703
62 1 0.997901
63 1 0.99864
64 1 0.999189
