1 0.00887287 0.0114747
2 0.0171645 0.0239721
3 0.0260161 0.0375568
4 0.0360751 0.0516787
5 0.0498535 0.070204
6 0.0689698 0.0897237
7 0.093112 0.118657
8 0.123686 0.15069
9 0.158171 0.196286
10 0.198249 0.253373
11 0.249582 0.314729
12 0.304731 0.372407
13 0.362424 0.425227
14 0.423178 0.476103
15 0.476361 0.528647
16 0.529445 0.583918
17 0.580657 0.641927
18 0.62664 0.701446
19 0.668032 0.755674
20 0.708006 0.806712
21 0.744492 0.844884
22 0.777476 0.876792
23 0.808939 0.904873
24 0.836999 0.929427
25 0.8622 0.949739
26 0.884953 0.966506
27 0.905017 0.977763
28 0.920813 0.986333
29 0.935142 0.992526
30 0.947637 0.996224
31 0.959029 0.998479
32 0.970019 0.999579
33 0.979303 0.999959
34 0.986957 1
35 0.99237 1
36 0.996054 1
