1 0.00871456 0.0110619
2 0.0169187 0.0219929
3 0.0252647 0.0344438
4 0.0350827 0.0500803
5 0.05 0.0673855
6 0.0706333 0.0869601
7 0.0961767 0.111315
8 0.124601 0.143102
9 0.157143 0.188718
10 0.199156 0.237683
11 0.251723 0.290999
12 0.305704 0.347647
13 0.360503 0.405024
14 0.417729 0.472195
15 0.471534 0.545449
16 0.5263 0.615574
17 0.57677 0.682504
18 0.622632 0.749349
19 0.666016 0.811585
20 0.706087 0.858498
21 0.742791 0.893724
22 0.775395 0.92149
23 0.80595 0.943352
24 0.833249 0.962037
25 0.858029 0.977632
26 0.880657 0.986776
27 0.901734 0.99246
28 0.919615 0.996056
29 0.934461 0.997858
30 0.947422 0.998894
31 0.958589 0.999542
32 0.969126 0.999836
33 0.978318 0.999985
34 0.986011 1
35 0.991836 1
36 0.995501 1
