1 0.0102635 0.00949911
2 0.0200471 0.0183991
3 0.0303677 0.0275917
4 0.0413156 0.0372208
5 0.0524657 0.0469034
6 0.0637733 0.0570462
7 0.076037 0.0698215
8 0.0883613 0.0849821
9 0.103324 0.106159
10 0.128513 0.131828
11 0.163617 0.159513
12 0.20495 0.193335
13 0.243982 0.23344
14 0.283814 0.277294
15 0.32293 0.322109
16 0.371614 0.370688
17 0.417085 0.419472
18 0.46559 0.468265
19 0.517344 0.520213
20 0.572055 0.57349
21 0.625858 0.619931
22 0.673975 0.664349
23 0.717551 0.706258
24 0.759733 0.746918
25 0.795839 0.792675
26 0.828961 0.835248
27 0.860134 0.871387
28 0.888738 0.903992
29 0.914174 0.935362
30 0.934718 0.960296
31 0.948413 0.977871
32 0.958097 0.986936
33 0.966149 0.992784
34 0.972695 0.997181
35 0.978611 0.999399
36 0.982841 0.999849
37 0.986522 0.99998
38 0.989698 1
39 0.991961 1
40 0.993655 1
41 0.994894 1
