1 0.00374343 0.00404667
2 0.0072077 0.00778877
3 0.0109103 0.0117443
4 0.0152828 0.0160767
5 0.0201123 0.0214805
6 0.0261355 0.0284436
7 0.0334974 0.0361574
8 0.0426112 0.0451294
9 0.0549494 0.0581818
10 0.0695519 0.0731017
11 0.0872726 0.0907806
12 0.109158 0.110337
13 0.133694 0.133405
14 0.160508 0.160116
15 0.188007 0.189096
16 0.218945 0.220625
17 0.251249 0.254164
18 0.284797 0.289475
19 0.321182 0.324621
20 0.358564 0.362104
21 0.395906 0.401757
22 0.435032 0.443229
23 0.475764 0.484275
24 0.516547 0.524011
25 0.557453 0.563919
26 0.595982 0.603021
27 0.633842 0.642816
28 0.668835 0.679339
29 0.701388 0.713136
30 0.731285 0.744821
31 0.758441 0.773236
32 0.783422 0.798329
33 0.806828 0.821177
34 0.828801 0.842029
35 0.849197 0.860566
36 0.868281 0.879579
37 0.886546 0.896804
38 0.903712 0.912118
39 0.917585 0.925384
40 0.930184 0.938145
41 0.942625 0.950088
42 0.953711 0.96169
43 0.963569 0.970839
44 0.972073 0.976354
45 0.978703 0.981106
46 0.984084 0.985474
47 0.988534 0.989089
48 0.991737 0.991804
49 0.994058 0.993937
50 0.995871 0.995576
51 0.997309 0.996905
52 0.998303 0.997945
53 0.998984 0.998771
54 0.999403 0.99931
55 0.999698 0.999651
56 0.999925 0.99985
57 0.999996 0.999945
58 1 0.999992
59 1 1
