1 0.0124333 0.0131819
2 0.0243818 0.0260634
3 0.0368858 0.039137
4 0.0502618 0.0531068
5 0.0650736 0.0686715
6 0.0808804 0.0845401
7 0.0988233 0.100845
8 0.117791 0.120692
9 0.139086 0.144107
10 0.163392 0.171332
11 0.198524 0.200253
12 0.2437 0.246385
13 0.29526 0.306065
14 0.349629 0.361413
15 0.400402 0.422722
16 0.455189 0.477519
17 0.512364 0.526266
18 0.576941 0.573933
19 0.63865 0.617561
20 0.695904 0.656393
21 0.744294 0.691217
22 0.790166 0.723768
23 0.834738 0.757043
24 0.867344 0.788015
25 0.889997 0.816283
26 0.908797 0.8428
27 0.925646 0.866981
28 0.942353 0.888635
29 0.964648 0.907057
30 0.979574 0.922517
31 0.986324 0.935966
32 0.990649 0.947597
33 0.994059 0.956999
34 0.996411 0.965085
35 0.997945 0.97202
36 0.999308 0.978092
37 0.999916 0.98342
38 1 0.988119
39 1 0.991702
40 1 0.994733
41 1 0.997104
