1 0.0137209 0.00975694
2 0.0260089 0.018303
3 0.0398578 0.0272895
4 0.0555236 0.0391124
5 0.0806222 0.0554622
6 0.104583 0.0759115
7 0.129031 0.0951845
8 0.160053 0.119119
9 0.201401 0.154349
10 0.251513 0.192977
11 0.309941 0.236784
12 0.366464 0.286895
13 0.42906 0.334399
14 0.482123 0.382724
15 0.531346 0.428053
16 0.577248 0.473648
17 0.621077 0.524008
18 0.661675 0.572029
19 0.699641 0.616174
20 0.736363 0.655564
21 0.76842 0.694514
22 0.79723 0.731756
23 0.822222 0.766962
24 0.842848 0.797906
25 0.863335 0.824659
26 0.881643 0.846975
27 0.896619 0.865273
28 0.913084 0.880662
29 0.927147 0.897546
30 0.940228 0.913694
31 0.951424 0.925764
32 0.96139 0.936326
33 0.969685 0.947172
34 0.976935 0.956391
35 0.982987 0.964249
36 0.987872 0.971254
37 0.992085 0.975922
38 0.995001 0.980145
39 0.997362 0.985091
40 0.998777 0.988798
41 0.99963 0.991766
42 0.999972 0.994501
43 1 0.996903
44 1 0.998613
45 1 0.9999
