1 0.00808559 0.0125721
2 0.0158959 0.0250442
3 0.0238552 0.0387582
4 0.035747 0.0530507
5 0.0520294 0.068366
6 0.0715826 0.085296
7 0.0935753 0.102291
8 0.121361 0.119027
9 0.153394 0.149996
10 0.192644 0.18391
11 0.242948 0.22268
12 0.300147 0.271482
13 0.363046 0.328241
14 0.424979 0.383827
15 0.490206 0.445867
16 0.552851 0.49916
17 0.611322 0.541334
18 0.666006 0.577716
19 0.715406 0.611844
20 0.76293 0.646653
21 0.808859 0.681228
22 0.847869 0.714375
23 0.880747 0.74516
24 0.909038 0.773676
25 0.931217 0.800417
26 0.948889 0.827555
27 0.962177 0.8538
28 0.972054 0.87708
29 0.980469 0.897837
30 0.987497 0.915788
31 0.992291 0.931826
32 0.995834 0.946671
33 0.997802 0.960261
34 0.998901 0.970602
35 0.999482 0.978997
36 0.999779 0.985304
37 0.999977 0.990206
38 1 0.994062
39 1 0.99702
40 1 0.998614
