1 0.0112074 0.0110256
2 0.0216198 0.0216831
3 0.0326395 0.0341782
4 0.0460025 0.0519527
5 0.0645877 0.079977
6 0.0867951 0.112784
7 0.108847 0.14622
8 0.132919 0.185108
9 0.170622 0.231236
10 0.212504 0.294172
11 0.262854 0.366289
12 0.323383 0.441321
13 0.387748 0.515901
14 0.456136 0.586732
15 0.522837 0.651982
16 0.590346 0.713494
17 0.650849 0.766992
18 0.701481 0.81336
19 0.750405 0.852143
20 0.794025 0.884297
21 0.83823 0.910289
22 0.870748 0.933675
23 0.897375 0.950279
24 0.921321 0.962498
25 0.940316 0.97241
26 0.957756 0.980296
27 0.97183 0.985743
28 0.981975 0.990802
29 0.989277 0.994415
30 0.99318 0.996565
31 0.996089 0.997926
32 0.997252 0.99878
33 0.99836 0.999438
34 0.999277 0.999888
35 0.999699 0.999993
36 1 1
37 1 1
