1 0.00390887 0.003676
2 0.00759281 0.0070738
3 0.0114589 0.0105043
4 0.0157017 0.0141872
5 0.0204051 0.0185234
6 0.0264469 0.0237549
7 0.0327594 0.0295394
8 0.0403447 0.0365942
9 0.0499292 0.0456346
10 0.0636423 0.0569815
11 0.0810472 0.0707193
12 0.102 0.0872436
13 0.12473 0.107916
14 0.150085 0.130123
15 0.177486 0.152838
16 0.207199 0.174595
17 0.237608 0.19623
18 0.2701 0.218849
19 0.301478 0.241962
20 0.334076 0.266041
21 0.366063 0.290281
22 0.398117 0.31434
23 0.432704 0.339875
24 0.466675 0.366312
25 0.500954 0.394781
26 0.534225 0.423155
27 0.567693 0.452606
28 0.603327 0.480299
29 0.638411 0.508249
30 0.672054 0.536864
31 0.704668 0.564263
32 0.735911 0.590264
33 0.765338 0.616198
34 0.792293 0.641728
35 0.818499 0.666418
36 0.842799 0.690924
37 0.864327 0.716532
38 0.884258 0.74336
39 0.901912 0.768359
40 0.918613 0.791984
41 0.932089 0.813518
42 0.943374 0.833706
43 0.953067 0.851256
44 0.961797 0.867322
45 0.969484 0.882392
46 0.976506 0.895732
47 0.982532 0.907512
48 0.987764 0.918334
49 0.992189 0.927588
50 0.995028 0.93668
51 0.997019 0.945066
52 0.998364 0.952952
53 0.999197 0.960029
54 0.999636 0.965924
55 0.999865 0.971097
56 0.999971 0.975578
57 1 0.980004
58 1 0.984191
59 1 0.987523
60 1 0.99056
61 1 0.993492
