1 0.0150585 0.0127322
2 0.0295978 0.0252062
3 0.0449447 0.0380258
4 0.0604198 0.0527468
5 0.0785419 0.067728
6 0.100612 0.0846314
7 0.126871 0.106456
8 0.154837 0.132647
9 0.18789 0.164279
10 0.234209 0.21799
11 0.292594 0.27489
12 0.360798 0.34329
13 0.437984 0.406237
14 0.510405 0.466822
15 0.583259 0.534667
16 0.652867 0.60484
17 0.712126 0.665275
18 0.761157 0.720446
19 0.804291 0.771601
20 0.841455 0.819427
21 0.870139 0.866083
22 0.895481 0.906041
23 0.915408 0.935798
24 0.933181 0.956676
25 0.948854 0.975718
26 0.96366 0.987761
27 0.975478 0.994182
28 0.985175 0.99733
29 0.991315 0.998882
30 0.994828 0.999681
31 0.997468 0.999994
32 0.999106 1
33 0.999811 1
