1 0.00989554 0.0100949
2 0.0195164 0.0194234
3 0.0298254 0.0295989
4 0.0399854 0.0400161
5 0.0510877 0.05194
6 0.0634422 0.0662744
7 0.0776711 0.082356
8 0.0962583 0.100386
9 0.118574 0.118831
10 0.145764 0.142763
11 0.17934 0.173054
12 0.214043 0.207912
13 0.253101 0.247681
14 0.296946 0.28684
15 0.340844 0.329894
16 0.385239 0.371605
17 0.43069 0.415294
18 0.47095 0.459963
19 0.510473 0.504152
20 0.547324 0.544247
21 0.58606 0.582742
22 0.621967 0.622243
23 0.657261 0.655021
24 0.689698 0.685063
25 0.720704 0.714201
26 0.748673 0.742664
27 0.773633 0.76864
28 0.795911 0.792546
29 0.817034 0.815659
30 0.837104 0.838114
31 0.856065 0.860409
32 0.873415 0.879518
33 0.889102 0.895769
34 0.903376 0.910146
35 0.915114 0.92399
36 0.925818 0.93644
37 0.935076 0.948899
38 0.942834 0.958807
39 0.949519 0.967206
40 0.955059 0.97374
41 0.959944 0.97938
42 0.964364 0.984505
43 0.968557 0.988952
44 0.972911 0.99242
45 0.977453 0.994713
46 0.982135 0.996817
47 0.986385 0.997917
48 0.990012 0.998636
49 0.99298 0.999324
50 0.995355 0.999692
51 0.996964 0.999955
52 0.998052 1
53 0.998887 1
