1 0.0107286 0.0108401
2 0.0207286 0.0212842
3 0.0332101 0.0318086
4 0.0484375 0.0434075
5 0.0639867 0.0561533
6 0.0818417 0.0720616
7 0.103206 0.0907205
8 0.139893 0.109917
9 0.187261 0.132897
10 0.235115 0.159616
11 0.286722 0.206648
12 0.337665 0.264015
13 0.391 0.316987
14 0.4428 0.366462
15 0.50529 0.41614
16 0.561161 0.462331
17 0.613334 0.507462
18 0.661877 0.551575
19 0.702992 0.596818
20 0.737709 0.637257
21 0.768922 0.673705
22 0.796537 0.704672
23 0.82145 0.734132
24 0.84345 0.764235
25 0.864279 0.788821
26 0.884405 0.809813
27 0.901786 0.828885
28 0.917927 0.845527
29 0.932371 0.860273
30 0.946357 0.872309
31 0.95674 0.882853
32 0.964691 0.892687
33 0.970688 0.900974
34 0.975642 0.908538
35 0.980015 0.91503
36 0.983356 0.921159
37 0.985791 0.927305
38 0.987949 0.933571
39 0.99155 0.939804
40 0.993613 0.94538
41 0.994582 0.950413
42 0.996509 0.955191
43 0.997996 0.959686
44 0.999863 0.963972
45 1 0.967862
46 1 0.97152
47 1 0.974936
48 1 0.978096
