1 0.0105288 0.0104519
2 0.0204715 0.0205156
3 0.0331047 0.0318577
4 0.0484597 0.0457622
5 0.0643824 0.0611646
6 0.0811132 0.0775787
7 0.100943 0.0964337
8 0.136196 0.118445
9 0.181649 0.143715
10 0.229009 0.17362
11 0.278241 0.205354
12 0.330912 0.239418
13 0.38137 0.279241
14 0.433526 0.317304
15 0.492088 0.350817
16 0.546045 0.3819
17 0.5947 0.412889
18 0.64431 0.445635
19 0.686409 0.477426
20 0.722702 0.506852
21 0.756603 0.534879
22 0.786463 0.562555
23 0.813462 0.588148
24 0.838234 0.614738
25 0.860509 0.639404
26 0.88123 0.66221
27 0.899257 0.684111
28 0.915614 0.705325
29 0.930714 0.726772
30 0.943689 0.749074
31 0.953687 0.770438
32 0.961792 0.792826
33 0.968247 0.817104
34 0.974334 0.839567
35 0.978495 0.859063
36 0.982056 0.876589
37 0.985645 0.894301
38 0.988689 0.910421
39 0.991193 0.925907
40 0.993508 0.940361
41 0.995102 0.955344
42 0.996816 0.966925
43 0.997848 0.977494
44 0.999806 0.985862
45 1 0.991289
46 1 0.994493
47 1 0.997022
48 1 0.998588
