1 0.0065519 0.00692725
2 0.012862 0.0138118
3 0.0194194 0.0215644
4 0.0265174 0.0309266
5 0.0348318 0.0416746
6 0.0445108 0.0542159
7 0.0556306 0.0681823
8 0.0703939 0.0878483
9 0.0875146 0.109261
10 0.109906 0.138829
11 0.140924 0.17482
12 0.17752 0.214153
13 0.219283 0.260355
14 0.262606 0.302648
15 0.306301 0.342593
16 0.35018 0.379815
17 0.3987 0.419655
18 0.448596 0.461769
19 0.495656 0.508568
20 0.54202 0.555849
21 0.58712 0.603313
22 0.631225 0.647095
23 0.676611 0.685876
24 0.720269 0.719714
25 0.76304 0.751154
26 0.803576 0.780857
27 0.84292 0.808294
28 0.876917 0.834618
29 0.906189 0.861034
30 0.929136 0.882934
31 0.946946 0.900243
32 0.961585 0.914315
33 0.972726 0.927052
34 0.980944 0.936726
35 0.987168 0.946509
36 0.991659 0.955594
37 0.994723 0.962869
38 0.996604 0.969186
39 0.997542 0.974244
40 0.998103 0.977915
41 0.998539 0.980511
42 0.998844 0.982894
43 0.999141 0.985005
44 0.999371 0.987025
45 0.999566 0.98907
46 0.999735 0.99145
47 0.999861 0.993592
48 0.999944 0.995097
49 0.999999 0.99634
50 1 0.99742
