1 0.00682931 0.00681749
2 0.0134081 0.0135579
3 0.0201058 0.0206038
4 0.027548 0.0284109
5 0.0360473 0.0375445
6 0.0457526 0.047417
7 0.0573603 0.0590668
8 0.0717892 0.0731125
9 0.0892229 0.0901915
10 0.111207 0.110758
11 0.140468 0.14075
12 0.175609 0.182983
13 0.217741 0.231161
14 0.263887 0.284187
15 0.31107 0.33841
16 0.357444 0.390856
17 0.405116 0.441726
18 0.453892 0.488496
19 0.500126 0.536497
20 0.547145 0.582465
21 0.592806 0.626463
22 0.637649 0.667556
23 0.681477 0.710437
24 0.726254 0.751916
25 0.770551 0.794011
26 0.811285 0.833583
27 0.849649 0.867992
28 0.883026 0.898071
29 0.91299 0.925078
30 0.935865 0.943565
31 0.952348 0.955994
32 0.966051 0.966373
33 0.975947 0.97565
34 0.983162 0.982663
35 0.988801 0.988036
36 0.992797 0.99341
37 0.995429 0.996943
38 0.996899 0.998691
39 0.997658 0.999749
40 0.998157 1
41 0.998554 1
42 0.998897 1
43 0.999169 1
