1 0.0102668 0.0112224
2 0.0198771 0.0216469
3 0.0293881 0.03234
4 0.0388536 0.0444545
5 0.0531992 0.0603941
6 0.0718778 0.0790197
7 0.0909957 0.0987746
8 0.110173 0.12138
9 0.129954 0.150597
10 0.158004 0.184472
11 0.191588 0.221004
12 0.226028 0.26515
13 0.264803 0.319712
14 0.313746 0.383833
15 0.374356 0.442425
16 0.43244 0.498598
17 0.491987 0.547695
18 0.549666 0.596051
19 0.602382 0.644637
20 0.656381 0.686103
21 0.700896 0.722757
22 0.739241 0.75831
23 0.773546 0.794897
24 0.80505 0.832363
25 0.834112 0.863639
26 0.860012 0.889372
27 0.881983 0.913056
28 0.902266 0.932887
29 0.922754 0.949623
30 0.940763 0.963266
31 0.954888 0.974636
32 0.966292 0.983
33 0.975603 0.989056
34 0.983436 0.992861
35 0.990482 0.995687
36 0.993921 0.997549
37 0.995709 0.998665
38 0.996788 0.999341
39 0.997793 0.999733
40 0.998709 0.99999
41 0.999441 1
