1 0.0104082 0.0092992
2 0.0196734 0.018016
3 0.0291221 0.0268966
4 0.038894 0.0364467
5 0.0520125 0.0489779
6 0.0693645 0.0644378
7 0.0869102 0.0803149
8 0.104395 0.0993856
9 0.123399 0.121646
10 0.150647 0.154857
11 0.180751 0.196243
12 0.215916 0.23922
13 0.255606 0.293114
14 0.303956 0.351167
15 0.368691 0.40772
16 0.426582 0.467099
17 0.484466 0.524463
18 0.540204 0.580626
19 0.591703 0.632927
20 0.645503 0.682982
21 0.690743 0.734228
22 0.730895 0.777071
23 0.767329 0.821152
24 0.798145 0.860348
25 0.826006 0.891561
26 0.851614 0.917536
27 0.874797 0.935927
28 0.895758 0.949902
29 0.914349 0.962145
30 0.930794 0.972166
31 0.946673 0.980553
32 0.960789 0.986756
33 0.971526 0.991643
34 0.980702 0.995729
35 0.989432 0.998674
36 0.993442 0.999823
37 0.995315 1
38 0.996482 1
39 0.997515 1
40 0.998448 1
