1 0.00596057 0.0049096
2 0.0117438 0.00953727
3 0.0178649 0.0145457
4 0.0240933 0.0200478
5 0.0308233 0.0266975
6 0.0385905 0.0349971
7 0.0478422 0.0458517
8 0.0586687 0.0599057
9 0.0726193 0.0766906
10 0.0909924 0.0977299
11 0.116371 0.1219
12 0.145187 0.150552
13 0.176167 0.1807
14 0.206516 0.213032
15 0.237114 0.24762
16 0.268522 0.283535
17 0.300627 0.321035
18 0.336901 0.359979
19 0.376041 0.402931
20 0.418805 0.442868
21 0.460853 0.481731
22 0.499349 0.520431
23 0.539867 0.561119
24 0.577094 0.599162
25 0.612501 0.635139
26 0.646741 0.672544
27 0.682168 0.708281
28 0.719153 0.741794
29 0.751847 0.771803
30 0.780114 0.799261
31 0.80501 0.827302
32 0.826767 0.8531
33 0.847752 0.875036
34 0.869488 0.895953
35 0.890119 0.916294
36 0.908276 0.93301
37 0.924598 0.94677
38 0.93665 0.958789
39 0.946898 0.968632
40 0.955699 0.976319
41 0.962997 0.98225
42 0.96933 0.986734
43 0.975113 0.990189
44 0.979353 0.992876
45 0.982824 0.995161
46 0.986404 0.997057
47 0.989556 0.998589
48 0.992831 0.999566
49 0.996114 0.999866
50 0.998264 0.999985
51 0.999947 1
52 1 1
53 1 1
