1 0.00944858 0.00926406
2 0.0185691 0.018036
3 0.0291696 0.0267924
4 0.0412046 0.0358254
5 0.0551664 0.0450758
6 0.0735979 0.0571448
7 0.100245 0.0687281
8 0.129995 0.0800237
9 0.164198 0.0918042
10 0.201231 0.107141
11 0.242777 0.127594
12 0.285226 0.152068
13 0.33646 0.177378
14 0.392865 0.20527
15 0.455502 0.236
16 0.519065 0.267075
17 0.576921 0.292816
18 0.630122 0.317079
19 0.680767 0.341008
20 0.730282 0.364792
21 0.776667 0.389485
22 0.821542 0.414159
23 0.856482 0.438102
24 0.887056 0.462944
25 0.914776 0.48694
26 0.937446 0.512061
27 0.95592 0.535254
28 0.969533 0.557291
29 0.978952 0.578808
30 0.985716 0.600347
31 0.990412 0.625773
32 0.994009 0.650089
33 0.996757 0.674365
34 0.998816 0.7023
35 0.999742 0.725534
36 0.999968 0.746199
37 1 0.765019
38 1 0.783388
