1 0.00697959 0.00723518
2 0.0137791 0.0139657
3 0.020809 0.0209112
4 0.0288109 0.0289894
5 0.0387359 0.0377257
6 0.0508467 0.0477675
7 0.0632821 0.0621088
8 0.0781078 0.0779196
9 0.0940022 0.0988073
10 0.116581 0.124037
11 0.147009 0.152117
12 0.182046 0.188027
13 0.221151 0.227872
14 0.26513 0.270056
15 0.313554 0.312584
16 0.361445 0.354646
17 0.409675 0.39693
18 0.458047 0.43993
19 0.504902 0.481571
20 0.556216 0.5276
21 0.604937 0.575618
22 0.65301 0.620691
23 0.700047 0.662436
24 0.743842 0.702079
25 0.784614 0.740123
26 0.822389 0.774999
27 0.857619 0.806829
28 0.887443 0.834389
29 0.912634 0.859839
30 0.931833 0.882698
31 0.947382 0.902986
32 0.9604 0.921124
33 0.96997 0.93654
34 0.977397 0.948408
35 0.982986 0.957918
36 0.987268 0.964982
37 0.990647 0.970387
38 0.993545 0.974705
39 0.995568 0.978522
40 0.996836 0.981787
41 0.997926 0.984685
42 0.998636 0.987153
43 0.999292 0.989133
44 0.999745 0.990797
45 1 0.992402
46 1 0.994022
47 1 0.995489
48 1 0.996694
49 1 0.997606
