1 0.00739029 0.00845161
2 0.0143907 0.0162871
3 0.0222332 0.0251991
4 0.0313589 0.0352216
5 0.043043 0.0488464
6 0.0582646 0.0661061
7 0.073836 0.0845967
8 0.090352 0.104058
9 0.111429 0.127275
10 0.141984 0.16
11 0.178873 0.203363
12 0.213952 0.249092
13 0.254747 0.29349
14 0.299402 0.341869
15 0.34855 0.397898
16 0.402768 0.462953
17 0.460851 0.524664
18 0.517181 0.581941
19 0.57373 0.632649
20 0.626368 0.681676
21 0.681863 0.725577
22 0.729841 0.76718
23 0.769146 0.810723
24 0.807729 0.847407
25 0.8411 0.876824
26 0.869512 0.898825
27 0.896671 0.917961
28 0.917163 0.934835
29 0.933513 0.949215
30 0.947 0.960559
31 0.958029 0.969893
32 0.966812 0.97782
33 0.974541 0.984229
34 0.980261 0.988549
35 0.984836 0.99177
36 0.988707 0.994447
37 0.991866 0.996287
38 0.994557 0.997761
39 0.996798 0.998765
40 0.998261 0.999392
41 0.99917 0.999705
42 0.999635 0.999914
43 0.999932 1
44 0.999999 1
