1 0.00679946 0.00687154
2 0.0131519 0.0135396
3 0.019845 0.0207791
4 0.0279606 0.0291941
5 0.0386109 0.0382929
6 0.0511445 0.050361
7 0.06373 0.0640322
8 0.0781314 0.0789612
9 0.0935154 0.0975961
10 0.115494 0.123502
11 0.145607 0.157498
12 0.179664 0.195089
13 0.218321 0.231325
14 0.2618 0.268232
15 0.313122 0.308884
16 0.362772 0.356647
17 0.410027 0.406639
18 0.458174 0.45962
19 0.504242 0.511221
20 0.554155 0.562497
21 0.600971 0.613598
22 0.64832 0.659121
23 0.69663 0.702294
24 0.741164 0.742792
25 0.780826 0.781614
26 0.818035 0.818735
27 0.852249 0.852426
28 0.881829 0.880995
29 0.906486 0.908059
30 0.926505 0.928298
31 0.942761 0.944473
32 0.955619 0.957678
33 0.966341 0.969101
34 0.974837 0.978198
35 0.981269 0.984756
36 0.986123 0.989399
37 0.989712 0.992798
38 0.992552 0.995391
39 0.994647 0.997145
40 0.996165 0.998431
41 0.997491 0.999129
42 0.998357 0.999587
43 0.999107 0.999885
44 0.999775 0.999994
45 1 1
46 1 1
47 1 1
48 1 1
