1 0.0105562 0.00998282
2 0.0214269 0.0197913
3 0.0332329 0.0307967
4 0.0485427 0.0442912
5 0.0673537 0.0638314
6 0.093727 0.0866059
7 0.124888 0.111777
8 0.158121 0.139115
9 0.195931 0.176914
10 0.240729 0.22817
11 0.288405 0.278962
12 0.344415 0.327668
13 0.40209 0.38214
14 0.463351 0.442275
15 0.528289 0.500774
16 0.589856 0.562085
17 0.64566 0.625089
18 0.698507 0.683977
19 0.745449 0.739506
20 0.786099 0.792556
21 0.822769 0.83996
22 0.855186 0.880534
23 0.883311 0.913703
24 0.908345 0.937339
25 0.930963 0.956211
26 0.949819 0.970786
27 0.964566 0.981622
28 0.975891 0.989542
29 0.985031 0.99402
30 0.991148 0.996903
31 0.994824 0.998993
32 0.996729 0.999519
33 0.997772 0.999873
34 0.998605 1
35 0.999147 1
