1 0.0106223 0.0123364
2 0.0213 0.0238345
3 0.0335051 0.0358545
4 0.0480671 0.0518902
5 0.0660669 0.0684181
6 0.0911217 0.0867117
7 0.122111 0.107166
8 0.156811 0.133067
9 0.195622 0.169235
10 0.23796 0.215633
11 0.283644 0.285303
12 0.339302 0.351612
13 0.39722 0.411571
14 0.457307 0.475059
15 0.521118 0.528807
16 0.585776 0.57662
17 0.643562 0.631147
18 0.696686 0.681877
19 0.74389 0.725484
20 0.78488 0.761779
21 0.820935 0.794716
22 0.853066 0.822726
23 0.880856 0.846671
24 0.906175 0.866425
25 0.927827 0.884086
26 0.946672 0.899832
27 0.961992 0.914673
28 0.974261 0.926741
29 0.982624 0.937347
30 0.988849 0.945822
31 0.992567 0.953675
32 0.995595 0.961363
33 0.997709 0.968734
34 0.998766 0.975852
35 0.999279 0.982061
36 0.999651 0.987923
37 0.999871 0.992312
38 0.999992 0.995268
39 1 0.996901
