1 0.0104666 0.0119407
2 0.020085 0.022963
3 0.0299798 0.0345901
4 0.0415304 0.0480988
5 0.0578042 0.0659852
6 0.0791115 0.085363
7 0.107467 0.108064
8 0.140865 0.13643
9 0.175927 0.172884
10 0.219099 0.218998
11 0.266324 0.272422
12 0.315519 0.322477
13 0.366549 0.3788
14 0.426349 0.440919
15 0.48038 0.503326
16 0.53303 0.56463
17 0.585922 0.620753
18 0.641822 0.675657
19 0.685522 0.723837
20 0.724092 0.764336
21 0.758178 0.799775
22 0.794397 0.831326
23 0.830734 0.861425
24 0.861076 0.890926
25 0.891493 0.915558
26 0.913797 0.939901
27 0.93215 0.964319
28 0.947289 0.974901
29 0.957615 0.982884
30 0.967066 0.988425
31 0.974295 0.991995
32 0.981101 0.994983
33 0.985729 0.996978
34 0.989353 0.998425
35 0.99221 0.999519
36 0.994633 0.999849
37 0.996714 0.999995
38 0.998419 1
