1 0.0108747 0.0148586
2 0.0207844 0.0294346
3 0.0313891 0.04643
4 0.0430205 0.0649671
5 0.0593283 0.0849178
6 0.0793496 0.107262
7 0.110535 0.132998
8 0.143061 0.161604
9 0.18132 0.19784
10 0.225433 0.245473
11 0.273192 0.303314
12 0.321822 0.358616
13 0.373783 0.420891
14 0.437717 0.477357
15 0.494892 0.528961
16 0.549782 0.578501
17 0.603784 0.63573
18 0.656977 0.695095
19 0.700225 0.740039
20 0.738089 0.776667
21 0.770041 0.810579
22 0.805074 0.840733
23 0.840929 0.872153
24 0.870996 0.902541
25 0.90129 0.924661
26 0.92481 0.942387
27 0.942204 0.957051
28 0.955806 0.968918
29 0.96514 0.977709
30 0.973655 0.984359
31 0.980323 0.989129
32 0.98559 0.992262
33 0.989259 0.994533
34 0.992131 0.996364
35 0.994229 0.997794
36 0.995993 0.998784
37 0.997675 0.999408
38 0.998905 0.999757
39 0.999634 0.999905
40 0.999902 1
41 1 1
