1 0.00466035 0.00412912
2 0.00920125 0.00804649
3 0.0138606 0.0122907
4 0.018919 0.0168772
5 0.0244529 0.0221665
6 0.0304726 0.0281575
7 0.0378189 0.0350996
8 0.047647 0.0444922
9 0.0614106 0.056083
10 0.0786221 0.0713273
11 0.100114 0.0898868
12 0.124627 0.113294
13 0.152214 0.140723
14 0.1794 0.171909
15 0.207451 0.204031
16 0.23696 0.235585
17 0.270179 0.267407
18 0.308471 0.299837
19 0.349913 0.334908
20 0.392459 0.370445
21 0.435427 0.406404
22 0.477022 0.446494
23 0.520404 0.49022
24 0.562701 0.534939
25 0.605315 0.579343
26 0.646637 0.6232
27 0.686218 0.662944
28 0.725096 0.698947
29 0.763495 0.733238
30 0.799562 0.766453
31 0.832359 0.800302
32 0.863031 0.83098
33 0.893467 0.859441
34 0.918687 0.886869
35 0.939172 0.913457
36 0.954286 0.936254
37 0.966967 0.953544
38 0.976576 0.965777
39 0.984109 0.975108
40 0.989836 0.982358
41 0.994666 0.987879
42 0.997185 0.992039
43 0.998355 0.994691
44 0.999103 0.996536
45 0.99958 0.997937
46 0.999883 0.998842
47 1 0.999287
48 1 0.999601
49 1 0.999852
50 1 0.999978
51 1 1
52 1 1
