1 0.0126788 0.00973187
2 0.0245 0.0190963
3 0.0368277 0.0289188
4 0.0487082 0.0386265
5 0.060952 0.0487481
6 0.0729112 0.059022
7 0.0849244 0.0694145
8 0.0969779 0.0801321
9 0.108876 0.0911265
10 0.120772 0.110226
11 0.144428 0.134443
12 0.168058 0.168519
13 0.192481 0.200675
14 0.218307 0.234501
15 0.244152 0.266922
16 0.269779 0.297648
17 0.29202 0.328492
18 0.313517 0.358069
19 0.333585 0.385304
20 0.353315 0.411212
21 0.37213 0.436787
22 0.390595 0.461006
23 0.408444 0.483875
24 0.425749 0.506141
25 0.442874 0.52784
26 0.459527 0.549034
27 0.475973 0.57295
28 0.492085 0.595023
29 0.507885 0.615933
30 0.523328 0.636264
31 0.538365 0.65552
32 0.55364 0.67405
33 0.568558 0.691967
34 0.582973 0.709557
35 0.597006 0.726626
36 0.610897 0.742917
37 0.624198 0.758463
38 0.637359 0.773606
39 0.649936 0.788248
40 0.66222 0.802953
41 0.674359 0.816482
42 0.685911 0.8298
43 0.697376 0.843342
44 0.708285 0.85579
45 0.718899 0.868021
46 0.72915 0.87938
47 0.738725 0.890374
48 0.748058 0.900226
49 0.757394 0.909582
50 0.766341 0.918256
51 0.775023 0.926413
52 0.783509 0.933941
53 0.791718 0.940758
54 0.799677 0.947312
55 0.8078 0.953697
56 0.815544 0.959679
57 0.823352 0.965388
58 0.831182 0.97022
59 0.838559 0.974857
60 0.846172 0.978305
61 0.853404 0.981651
62 0.860702 0.984864
63 0.867562 0.987947
64 0.87408 0.990772
65 0.8809 0.993383
66 0.887078 0.99533
67 0.893461 0.996852
68 0.899191 0.997923
69 0.904814 0.998677
70 0.910027 0.999189
71 0.915126 0.999441
72 0.919984 0.999621
73 0.924629 0.999773
74 0.928944 0.999891
75 0.933084 0.999938
76 0.937345 0.999976
77 0.941324 1
78 0.945323 1
79 0.949231 1
