1 0.009534 0.00848176
2 0.0186 0.0162741
3 0.028572 0.0243737
4 0.041554 0.0331643
5 0.062098 0.0457685
6 0.083898 0.0617021
7 0.108534 0.0806722
8 0.136248 0.101862
9 0.172666 0.131589
10 0.217892 0.170893
11 0.262294 0.212037
12 0.3075 0.259674
13 0.355234 0.310783
14 0.396202 0.366853
15 0.436176 0.417611
16 0.475944 0.464253
17 0.515506 0.510409
18 0.550086 0.555589
19 0.583908 0.599279
20 0.61603 0.641649
21 0.646476 0.683528
22 0.675036 0.726321
23 0.701248 0.764881
24 0.728236 0.801916
25 0.756258 0.832201
26 0.784504 0.857663
27 0.812376 0.879899
28 0.837942 0.90098
29 0.862364 0.920151
30 0.886432 0.93577
31 0.908622 0.951181
32 0.926826 0.964
33 0.941938 0.973612
34 0.954836 0.981945
35 0.965908 0.987782
36 0.974366 0.992321
37 0.982082 0.994978
38 0.988346 0.996547
39 0.993306 0.997695
40 0.997144 0.998546
41 0.999088 0.999211
42 0.999526 0.999637
43 0.999736 0.999894
44 0.99985 0.999997
45 0.999938 1
