1 0.00833953 0.00643823
2 0.0161707 0.0126671
3 0.0250049 0.0189267
4 0.0342543 0.0257305
5 0.044371 0.0331004
6 0.0553377 0.041239
7 0.06792 0.0495955
8 0.0828698 0.0597559
9 0.103963 0.0731698
10 0.131954 0.095368
11 0.167724 0.125824
12 0.211403 0.158394
13 0.259344 0.190128
14 0.305648 0.223209
15 0.351808 0.262587
16 0.394784 0.303025
17 0.435039 0.344107
18 0.473497 0.384567
19 0.519459 0.426748
20 0.567041 0.472167
21 0.609281 0.517478
22 0.645505 0.561655
23 0.678736 0.60504
24 0.708522 0.647325
25 0.735943 0.688892
26 0.760239 0.726329
27 0.782795 0.76051
28 0.802992 0.792654
29 0.822175 0.823528
30 0.838701 0.852855
31 0.852689 0.879664
32 0.865027 0.903673
33 0.876661 0.926513
34 0.888455 0.945498
35 0.899168 0.957839
36 0.909449 0.967695
37 0.918819 0.976899
38 0.926846 0.986094
39 0.934734 0.992425
40 0.941602 0.996076
41 0.948363 0.998222
42 0.955125 0.999428
43 0.962011 0.999901
44 0.967708 1
45 0.973075 1
46 0.97808 1
47 0.981953 1
