1 0.00830474 0.0109061
2 0.0166474 0.0215015
3 0.0251726 0.0335891
4 0.0351303 0.0464756
5 0.0479272 0.0604068
6 0.061957 0.0766013
7 0.0779439 0.0942086
8 0.0958877 0.11436
9 0.122217 0.140601
10 0.159151 0.179061
11 0.202577 0.230076
12 0.2541 0.295274
13 0.310783 0.36358
14 0.366905 0.429811
15 0.421222 0.487106
16 0.475146 0.541202
17 0.528588 0.588964
18 0.579967 0.636661
19 0.627354 0.684295
20 0.673532 0.725584
21 0.721476 0.76912
22 0.76532 0.811361
23 0.808843 0.849347
24 0.852162 0.887408
25 0.883523 0.913916
26 0.90665 0.935314
27 0.927153 0.952389
28 0.94427 0.965521
29 0.958192 0.975571
30 0.968697 0.982827
31 0.978047 0.988595
32 0.984991 0.992384
33 0.99042 0.99448
34 0.993844 0.996143
35 0.99645 0.997461
36 0.99821 0.998474
37 0.999022 0.999074
38 0.999491 0.999469
39 0.999835 0.999752
40 0.999993 0.999935
41 1 1
