1 0.00583571 0.00517006
2 0.0115214 0.0102607
3 0.0174378 0.0155872
4 0.0245972 0.0218699
5 0.0348643 0.0297632
6 0.0489198 0.0397026
7 0.0684356 0.0524686
8 0.0883295 0.067676
9 0.110909 0.0893929
10 0.137578 0.11544
11 0.166975 0.143443
12 0.204238 0.175266
13 0.245917 0.208111
14 0.28963 0.246014
15 0.331326 0.287936
16 0.37273 0.329672
17 0.416075 0.376367
18 0.460023 0.424269
19 0.506427 0.4723
20 0.549393 0.518628
21 0.5896 0.566196
22 0.626712 0.609514
23 0.662786 0.649926
24 0.695473 0.687959
25 0.725743 0.722621
26 0.754306 0.754493
27 0.781173 0.784157
28 0.806 0.814994
29 0.82913 0.842802
30 0.850685 0.865841
31 0.869969 0.885719
32 0.888622 0.902835
33 0.905971 0.918574
34 0.922352 0.932948
35 0.937425 0.946588
36 0.951035 0.958156
37 0.962546 0.967442
38 0.972733 0.97478
39 0.982093 0.981036
40 0.98849 0.986356
41 0.993473 0.990776
42 0.996737 0.994017
43 0.998571 0.99599
44 0.999544 0.99722
45 0.999858 0.997948
46 0.999938 0.998416
47 0.999978 0.998724
48 1 0.998972
49 1 0.999216
50 1 0.999397
51 1 0.999546
