1 0.00696406 0.00824407
2 0.013375 0.0161437
3 0.0206475 0.0241493
4 0.030006 0.0327179
5 0.0429739 0.0438878
6 0.0589805 0.0590475
7 0.0788763 0.0768116
8 0.102822 0.0976612
9 0.132438 0.123214
10 0.168144 0.152796
11 0.211346 0.186637
12 0.261909 0.227269
13 0.314094 0.268945
14 0.36546 0.317803
15 0.417111 0.370627
16 0.465757 0.419784
17 0.509676 0.464689
18 0.552267 0.509895
19 0.594087 0.554093
20 0.633714 0.597446
21 0.672459 0.641216
22 0.710255 0.689518
23 0.745704 0.734941
24 0.778819 0.778033
25 0.807129 0.813744
26 0.832308 0.844762
27 0.854875 0.868829
28 0.874792 0.888416
29 0.892773 0.904975
30 0.908721 0.919483
31 0.924 0.932234
32 0.937139 0.94276
33 0.948699 0.952651
34 0.959205 0.960524
35 0.968291 0.966665
36 0.974835 0.972454
37 0.980273 0.977821
38 0.985158 0.982899
39 0.989616 0.987277
40 0.992912 0.990646
41 0.995384 0.993195
42 0.997251 0.995057
43 0.998476 0.996764
44 0.999113 0.997912
45 0.999537 0.998778
46 0.999773 0.999552
47 0.999917 0.999937
48 0.999975 1
49 1 1
