1 0.00585563 0.00575983
2 0.0115342 0.0111725
3 0.0179202 0.0173145
4 0.0259181 0.025322
5 0.0357803 0.0358368
6 0.0496739 0.0481898
7 0.0669308 0.0613569
8 0.0884922 0.078072
9 0.11251 0.0973378
10 0.140697 0.127263
11 0.174531 0.163464
12 0.21358 0.204051
13 0.256935 0.245948
14 0.301161 0.287549
15 0.348012 0.336198
16 0.402725 0.386092
17 0.457492 0.435723
18 0.508053 0.48249
19 0.558738 0.529568
20 0.608152 0.5764
21 0.656429 0.619893
22 0.702004 0.66203
23 0.744087 0.704981
24 0.780588 0.747029
25 0.812543 0.780645
26 0.841517 0.809733
27 0.865395 0.83604
28 0.886074 0.860367
29 0.905594 0.881896
30 0.922187 0.901995
31 0.936593 0.919391
32 0.947939 0.935053
33 0.957625 0.948201
34 0.966021 0.958658
35 0.973527 0.967784
36 0.980264 0.97558
37 0.985884 0.981494
38 0.989882 0.986126
39 0.992927 0.990681
40 0.995553 0.994332
41 0.997614 0.996935
42 0.999021 0.998679
43 0.999583 0.999634
44 0.999877 0.999928
45 0.99997 1
46 0.999996 1
47 1 1
