1 0.0204252 0.0221787
2 0.0395062 0.0440869
3 0.0610768 0.0682948
4 0.084808 0.0945675
5 0.112003 0.120975
6 0.142092 0.149292
7 0.173354 0.178619
8 0.210123 0.215842
9 0.259698 0.268615
10 0.316722 0.327747
11 0.378964 0.386315
12 0.432298 0.44099
13 0.479952 0.491271
14 0.523759 0.539032
15 0.567867 0.584963
16 0.609897 0.629961
17 0.649801 0.675885
18 0.689335 0.725461
19 0.724918 0.766216
20 0.757483 0.803289
21 0.787833 0.831798
22 0.814733 0.854781
23 0.83952 0.873151
24 0.86286 0.890239
25 0.884582 0.905333
26 0.90142 0.919238
27 0.91773 0.932517
28 0.930117 0.944187
29 0.942613 0.957159
30 0.952394 0.96566
31 0.961866 0.972595
32 0.970281 0.977757
33 0.978306 0.982649
34 0.983752 0.987946
35 0.987791 0.99209
36 0.99094 0.995664
37 0.993471 0.998184
38 0.995597 0.999751
39 0.996886 1
40 0.998155 1
41 0.998916 1
42 0.999568 1
43 0.999863 1
