1 0.00876871 0.0110662
2 0.016994 0.0214014
3 0.0257169 0.0322189
4 0.0345229 0.0438062
5 0.0445756 0.0559126
6 0.0599595 0.0696151
7 0.083217 0.0858153
8 0.113248 0.106535
9 0.146771 0.131819
10 0.184526 0.16967
11 0.223303 0.212156
12 0.263662 0.260943
13 0.306793 0.311155
14 0.351605 0.368404
15 0.400859 0.426959
16 0.457469 0.480753
17 0.513978 0.536048
18 0.570284 0.585834
19 0.61539 0.629306
20 0.654789 0.670872
21 0.696171 0.707732
22 0.735855 0.742523
23 0.770025 0.781106
24 0.796669 0.817686
25 0.819796 0.852218
26 0.840042 0.875947
27 0.858746 0.896266
28 0.876666 0.915484
29 0.893495 0.930054
30 0.90921 0.940584
31 0.923902 0.951272
32 0.937053 0.961033
33 0.94892 0.968272
34 0.958889 0.974477
35 0.967462 0.982059
36 0.974402 0.986272
37 0.979939 0.991332
38 0.984063 0.995935
39 0.987403 0.99874
40 0.990311 0.999936
41 0.992563 1
42 0.994191 1
43 0.995665 1
