1 0.00333512 0.00348892
2 0.00662179 0.00677091
3 0.0101287 0.0101709
4 0.0142388 0.0137507
5 0.0189676 0.0177859
6 0.0244517 0.0224053
7 0.0312728 0.0278343
8 0.0396541 0.0343177
9 0.0498833 0.0426302
10 0.0630156 0.0539512
11 0.0796429 0.0688022
12 0.100033 0.0904208
13 0.123115 0.112575
14 0.149291 0.134104
15 0.177674 0.156762
16 0.208089 0.179549
17 0.238634 0.202892
18 0.271967 0.227022
19 0.307505 0.251798
20 0.341856 0.277096
21 0.376752 0.303235
22 0.412177 0.331164
23 0.448913 0.358137
24 0.486527 0.384233
25 0.524613 0.410603
26 0.562874 0.436409
27 0.600124 0.462301
28 0.637702 0.487651
29 0.675633 0.512785
30 0.713298 0.536184
31 0.749117 0.558756
32 0.780878 0.580921
33 0.809171 0.602465
34 0.83547 0.623373
35 0.861638 0.643549
36 0.885478 0.662652
37 0.906524 0.683258
38 0.924348 0.702653
39 0.939471 0.721675
40 0.952316 0.739451
41 0.963033 0.75607
42 0.970858 0.771842
43 0.977068 0.786246
44 0.982244 0.798804
45 0.986232 0.811788
46 0.989181 0.824688
47 0.991599 0.836241
48 0.993655 0.846721
49 0.995383 0.856487
50 0.996737 0.86635
51 0.997773 0.875605
52 0.998581 0.884705
53 0.999164 0.894019
54 0.999488 0.902185
55 0.999692 0.909493
56 0.999828 0.91618
57 0.999908 0.923326
58 0.999957 0.930633
59 0.999989 0.938171
60 1 0.945196
61 1 0.950781
62 1 0.95565
