1 0.0034291 0.00293298
2 0.00676798 0.0056649
3 0.0103635 0.00862208
4 0.0146758 0.0120132
5 0.0195106 0.0164757
6 0.0251814 0.0221059
7 0.0318413 0.0284951
8 0.0401327 0.0360267
9 0.0503757 0.0449679
10 0.0630491 0.0563023
11 0.0789553 0.0699128
12 0.0983017 0.0852331
13 0.120725 0.103554
14 0.146729 0.122661
15 0.174511 0.142351
16 0.204384 0.163196
17 0.234444 0.184593
18 0.268076 0.20579
19 0.303504 0.226504
20 0.337749 0.247009
21 0.372411 0.267397
22 0.40739 0.287753
23 0.443996 0.307388
24 0.481094 0.325858
25 0.519368 0.34455
26 0.556647 0.363403
27 0.593667 0.382535
28 0.631053 0.400868
29 0.667668 0.417981
30 0.704689 0.43365
31 0.740817 0.448766
32 0.772851 0.463488
33 0.801847 0.478068
34 0.82896 0.492845
35 0.854761 0.507839
36 0.879066 0.522804
37 0.901101 0.537627
38 0.919374 0.552259
39 0.934817 0.565864
40 0.947996 0.579378
41 0.959343 0.59263
42 0.967797 0.605581
43 0.974645 0.617783
44 0.980441 0.629475
45 0.984812 0.641201
46 0.988071 0.652682
47 0.990769 0.664134
48 0.993075 0.675481
49 0.995003 0.68656
50 0.996548 0.697528
51 0.997667 0.708303
52 0.998486 0.71912
53 0.999086 0.730063
54 0.999455 0.741017
55 0.999671 0.751101
56 0.999822 0.761145
57 0.999912 0.77104
58 0.999964 0.780822
59 0.999991 0.790415
60 1 0.799823
61 1 0.809106
62 1 0.818225
