1 0.00333331 0.003369
2 0.00653894 0.00663345
3 0.0100626 0.0100046
4 0.0140937 0.013516
5 0.0187217 0.0174622
6 0.0241186 0.0222575
7 0.0306088 0.0280964
8 0.0388604 0.0359801
9 0.049067 0.046635
10 0.0623851 0.060362
11 0.0796152 0.0777378
12 0.0995744 0.0978377
13 0.122558 0.120312
14 0.148148 0.143725
15 0.175921 0.168173
16 0.2052 0.196432
17 0.234845 0.226976
18 0.268307 0.25787
19 0.303836 0.29038
20 0.338349 0.324434
21 0.373187 0.358887
22 0.40838 0.393461
23 0.445218 0.430878
24 0.482324 0.47079
25 0.521571 0.511878
26 0.560339 0.550445
27 0.598115 0.587939
28 0.635413 0.623855
29 0.67294 0.657751
30 0.710451 0.68821
31 0.745803 0.717092
32 0.777194 0.745581
33 0.805647 0.772737
34 0.832377 0.799264
35 0.858799 0.823294
36 0.883341 0.845123
37 0.905205 0.865225
38 0.923715 0.884174
39 0.939213 0.901288
40 0.952365 0.916402
41 0.96297 0.930171
42 0.970932 0.942598
43 0.97714 0.953159
44 0.982426 0.962862
45 0.98651 0.970459
46 0.989355 0.977241
47 0.991749 0.98345
48 0.993772 0.988005
49 0.99542 0.991435
50 0.996768 0.993864
51 0.997803 0.995672
52 0.998542 0.997025
53 0.999108 0.998104
54 0.999446 0.998863
55 0.99966 0.999481
56 0.999823 0.999737
57 0.999918 0.999889
58 0.999963 0.999998
59 0.999992 1
