1 0.0408375 0.0268113
2 0.0746625 0.054714
3 0.113488 0.084931
4 0.151387 0.118869
5 0.197075 0.156765
6 0.2437 0.197318
7 0.2949 0.237844
8 0.3534 0.281078
9 0.422125 0.390625
10 0.47375 0.465365
11 0.52975 0.528836
12 0.622163 0.583379
13 0.689288 0.634122
14 0.744025 0.678895
15 0.8007 0.720789
16 0.851675 0.757646
17 0.893575 0.791992
18 0.926725 0.823393
19 0.947138 0.8514
20 0.961925 0.875174
21 0.973675 0.897909
22 0.982888 0.918922
23 0.989313 0.937212
24 0.9936 0.953412
25 0.997025 0.967035
26 0.998788 0.978751
27 0.999488 0.988153
28 0.999913 0.99307
29 1 0.995779
30 1 0.997857
31 1 0.998869
