1 0.00763929 0.00799906
2 0.0146911 0.0155705
3 0.02211 0.0231858
4 0.0312407 0.0328217
5 0.0430026 0.046721
6 0.0586653 0.0624419
7 0.076448 0.0807033
8 0.0985199 0.099812
9 0.125021 0.121038
10 0.162593 0.14885
11 0.205216 0.182055
12 0.25408 0.223513
13 0.301265 0.272372
14 0.352652 0.324819
15 0.404535 0.383266
16 0.457274 0.446359
17 0.507535 0.508814
18 0.552763 0.56377
19 0.593849 0.616155
20 0.634652 0.668568
21 0.677206 0.718968
22 0.717315 0.763089
23 0.756173 0.802031
24 0.791253 0.836103
25 0.822957 0.866146
26 0.851015 0.893895
27 0.877503 0.918185
28 0.900356 0.938576
29 0.920801 0.954357
30 0.939672 0.967015
31 0.955722 0.976549
32 0.968563 0.983952
33 0.978592 0.990458
34 0.98587 0.994916
35 0.990653 0.9975
36 0.993934 0.998929
37 0.996146 0.999635
38 0.997767 0.999892
39 0.998853 0.999964
40 0.99942 0.999998
41 0.999694 1
