1 0.0126296 0.0103093
2 0.0249383 0.0197853
3 0.0376395 0.0295972
4 0.052521 0.0409863
5 0.0705778 0.0566713
6 0.094521 0.0761037
7 0.120842 0.0983144
8 0.151783 0.124806
9 0.186686 0.163518
10 0.241783 0.219802
11 0.298227 0.281107
12 0.366138 0.344468
13 0.43338 0.401964
14 0.499301 0.453936
15 0.567995 0.506787
16 0.632627 0.565828
17 0.69262 0.620536
18 0.749889 0.67039
19 0.809736 0.717993
20 0.855435 0.760544
21 0.892548 0.806481
22 0.918904 0.845524
23 0.938914 0.874728
24 0.954444 0.899579
25 0.967096 0.920929
26 0.977015 0.937902
27 0.984911 0.953049
28 0.991089 0.964311
29 0.995202 0.973408
30 0.997825 0.980134
31 0.999146 0.985578
32 0.99977 0.990014
33 0.99999 0.993162
34 1 0.996333
35 1 0.998612
