1 0.0164251 0.0212815
2 0.0311249 0.0419203
3 0.0461925 0.0623368
4 0.0628583 0.0839357
5 0.0793916 0.105828
6 0.100257 0.133271
7 0.126755 0.172728
8 0.156009 0.214799
9 0.187042 0.263511
10 0.219667 0.312549
11 0.261687 0.362134
12 0.320922 0.411113
13 0.38215 0.473561
14 0.444013 0.548094
15 0.511214 0.645975
16 0.576585 0.749256
17 0.642907 0.820468
18 0.696879 0.871371
19 0.766282 0.911676
20 0.825849 0.945483
21 0.888442 0.974299
22 0.930679 0.988248
23 0.958853 0.994688
24 0.973129 0.997378
25 0.981709 0.99904
26 0.987569 0.999825
27 0.991579 1
