1 0.00836273 0.00982604
2 0.016214 0.0192178
3 0.0252438 0.0291385
4 0.0348276 0.0409692
5 0.0464266 0.0545089
6 0.0598061 0.0695834
7 0.0750472 0.0879231
8 0.0962214 0.111879
9 0.127643 0.141475
10 0.162579 0.174818
11 0.206603 0.214841
12 0.251747 0.262083
13 0.299519 0.310299
14 0.35375 0.364114
15 0.400779 0.421465
16 0.449666 0.477017
17 0.502345 0.535399
18 0.55993 0.603179
19 0.618554 0.660947
20 0.670106 0.716041
21 0.716139 0.764052
22 0.761074 0.803742
23 0.801411 0.839889
24 0.835189 0.871619
25 0.864737 0.900548
26 0.89093 0.926451
27 0.91248 0.948849
28 0.931057 0.965991
29 0.947313 0.980234
30 0.961134 0.99309
31 0.972927 0.99736
32 0.982615 0.999127
33 0.991713 0.999834
34 0.997349 0.999993
35 0.998884 1
36 0.999505 1
37 0.999807 1
38 0.999905 1
