1 0.0157111 0.0237722
2 0.0306667 0.0464053
3 0.0459679 0.0702071
4 0.0615926 0.0931583
5 0.0777556 0.116627
6 0.0942173 0.142522
7 0.110751 0.173328
8 0.131783 0.204822
9 0.159664 0.23395
10 0.191084 0.263891
11 0.228489 0.303055
12 0.276578 0.38551
13 0.336151 0.468173
14 0.409802 0.528861
15 0.471301 0.584334
16 0.522669 0.637618
17 0.57118 0.69287
18 0.618822 0.756738
19 0.654104 0.797774
20 0.681452 0.82753
21 0.706363 0.852914
22 0.73003 0.881324
23 0.750541 0.907722
24 0.768481 0.929608
25 0.786277 0.949016
26 0.803477 0.966346
27 0.820249 0.978062
28 0.837215 0.987744
29 0.853607 0.993358
30 0.870247 0.996531
31 0.885696 0.998469
32 0.899449 0.999645
33 0.912719 1
34 0.924407 1
35 0.934664 1
