1 0.0163827 0.0189724
2 0.0322074 0.0368741
3 0.0480568 0.0545992
4 0.064516 0.0728443
5 0.0803457 0.0910794
6 0.0966765 0.112142
7 0.112504 0.137957
8 0.132136 0.174642
9 0.157889 0.214675
10 0.192504 0.257144
11 0.234635 0.321942
12 0.287514 0.392556
13 0.347173 0.458705
14 0.41876 0.520101
15 0.479509 0.577402
16 0.530316 0.639576
17 0.577923 0.709587
18 0.627022 0.786636
19 0.665733 0.842623
20 0.696449 0.878114
21 0.724047 0.908953
22 0.749311 0.93646
23 0.770862 0.959795
24 0.788546 0.977387
25 0.807077 0.988681
26 0.824965 0.993387
27 0.843356 0.996109
28 0.859644 0.99749
29 0.874694 0.99848
30 0.888111 0.999154
31 0.900146 0.999621
32 0.910763 0.999947
33 0.921938 1
