1 0.0093539 0.0120853
2 0.0185621 0.0235811
3 0.0284032 0.0360095
4 0.0398402 0.0490874
5 0.0522797 0.0653124
6 0.0682246 0.0837873
7 0.0867711 0.107892
8 0.106768 0.134783
9 0.128768 0.167351
10 0.155735 0.204658
11 0.186243 0.241362
12 0.223281 0.281619
13 0.269406 0.327685
14 0.318731 0.375106
15 0.367548 0.435266
16 0.419117 0.499845
17 0.461676 0.57293
18 0.501641 0.644104
19 0.543515 0.70652
20 0.579651 0.762624
21 0.612538 0.807153
22 0.642888 0.842979
23 0.671406 0.876127
24 0.698542 0.903366
25 0.726392 0.925311
26 0.753433 0.94472
27 0.778926 0.960939
28 0.802462 0.970325
29 0.823366 0.977259
30 0.843905 0.982658
31 0.862988 0.986517
32 0.880702 0.98936
33 0.89672 0.991854
34 0.910317 0.993995
35 0.922866 0.996153
36 0.935982 0.997975
37 0.948837 0.999692
38 0.960424 1
39 0.970034 1
40 0.977671 1
