1 0.00969388 0.00915174
2 0.0191345 0.0178065
3 0.028807 0.0264927
4 0.0402192 0.0356296
5 0.0533485 0.0453367
6 0.0691572 0.055538
7 0.0867826 0.0661447
8 0.10971 0.0783359
9 0.138449 0.0938729
10 0.17468 0.117634
11 0.230402 0.141332
12 0.293216 0.172736
13 0.360794 0.207096
14 0.428246 0.247589
15 0.491156 0.288475
16 0.548705 0.327844
17 0.604936 0.366324
18 0.65973 0.403208
19 0.716946 0.436561
20 0.772313 0.468367
21 0.821208 0.497841
22 0.863138 0.525137
23 0.899875 0.550262
24 0.926255 0.575325
25 0.947215 0.601508
26 0.961917 0.628691
27 0.9748 0.655596
28 0.983976 0.68438
29 0.990825 0.713711
30 0.995135 0.736687
31 0.99836 0.757784
32 0.999525 0.777291
33 0.999869 0.796407
34 0.99997 0.814424
35 1 0.83081
36 1 0.845361
37 1 0.858161
38 1 0.870169
