1 0.00535048 0.00637762
2 0.0105132 0.0126107
3 0.0161567 0.0193192
4 0.0227447 0.0265705
5 0.0312533 0.0356344
6 0.0422591 0.0465693
7 0.0553825 0.0625155
8 0.0717969 0.0812446
9 0.0909049 0.101052
10 0.114306 0.131172
11 0.145183 0.165265
12 0.184227 0.201735
13 0.223079 0.241093
14 0.263296 0.282622
15 0.305499 0.330523
16 0.348621 0.377284
17 0.396076 0.425083
18 0.446011 0.469478
19 0.496725 0.516847
20 0.545857 0.56846
21 0.594576 0.615638
22 0.638042 0.657752
23 0.679646 0.697625
24 0.717922 0.734125
25 0.754585 0.768115
26 0.787686 0.79818
27 0.817693 0.826949
28 0.845068 0.855113
29 0.869807 0.881839
30 0.892366 0.900276
31 0.911152 0.917191
32 0.927207 0.933203
33 0.942167 0.94698
34 0.956067 0.96013
35 0.967191 0.97126
36 0.976638 0.981031
37 0.983601 0.990857
38 0.988033 0.99723
39 0.990881 0.999439
40 0.993018 0.999827
41 0.994509 0.999934
42 0.995746 0.999993
43 0.996713 1
44 0.997528 1
