1 0.0176751 0.0174431
2 0.0345685 0.0341474
3 0.0523983 0.0511891
4 0.0719143 0.0688649
5 0.0932275 0.0894451
6 0.116044 0.115632
7 0.143392 0.148285
8 0.181579 0.201903
9 0.237306 0.265859
10 0.294735 0.335493
11 0.357687 0.404507
12 0.44098 0.475291
13 0.512843 0.544325
14 0.578322 0.608457
15 0.635112 0.668619
16 0.689498 0.734114
17 0.733573 0.802162
18 0.771184 0.887705
19 0.807134 0.936303
20 0.832089 0.964193
21 0.851926 0.979325
22 0.867665 0.990494
23 0.883083 0.996293
24 0.895854 0.998691
25 0.907534 0.999265
26 0.917409 0.999636
27 0.92659 0.999946
28 0.937409 1
29 0.945912 1
