1 0.00810842 0.00834673
2 0.0152595 0.0163477
3 0.0229969 0.0255304
4 0.0330296 0.0363104
5 0.0469108 0.0500885
6 0.0645559 0.0660125
7 0.0859246 0.0862446
8 0.111444 0.108436
9 0.141613 0.132965
10 0.179341 0.163641
11 0.222265 0.202078
12 0.272484 0.24615
13 0.328997 0.299151
14 0.386684 0.355582
15 0.441459 0.414148
16 0.501078 0.471549
17 0.555946 0.525452
18 0.608752 0.575106
19 0.662232 0.62037
20 0.708418 0.665827
21 0.753156 0.707777
22 0.794756 0.746038
23 0.829245 0.78057
24 0.857941 0.812548
25 0.885344 0.842622
26 0.912974 0.868593
27 0.930909 0.891376
28 0.946409 0.912262
29 0.960171 0.930015
30 0.97105 0.944915
31 0.97892 0.958656
32 0.985127 0.968545
33 0.990254 0.977
34 0.993568 0.983605
35 0.995748 0.988512
36 0.997962 0.992368
37 0.999698 0.995406
38 1 0.997518
39 1 0.998942
40 1 0.999622
