1 0.0068291 0.00509221
2 0.0131625 0.0100035
3 0.020056 0.0150024
4 0.0270345 0.0204102
5 0.035549 0.0262774
6 0.0447184 0.0330212
7 0.0555831 0.0405931
8 0.0699461 0.0504153
9 0.0881888 0.0628305
10 0.110662 0.0802679
11 0.137545 0.103484
12 0.172403 0.131324
13 0.209617 0.162432
14 0.243959 0.195124
15 0.280743 0.229197
16 0.320108 0.263197
17 0.363053 0.299482
18 0.414287 0.339279
19 0.47076 0.378616
20 0.525269 0.419835
21 0.576104 0.462168
22 0.625158 0.506927
23 0.670442 0.55153
24 0.708933 0.595662
25 0.743951 0.636189
26 0.777476 0.672306
27 0.809509 0.708857
28 0.842681 0.743725
29 0.876081 0.775288
30 0.901339 0.804912
31 0.921727 0.835264
32 0.938697 0.86434
33 0.951991 0.888656
34 0.963363 0.911117
35 0.973212 0.931016
36 0.98287 0.945986
37 0.990863 0.956489
38 0.99697 0.965509
39 0.999614 0.973211
40 1 0.980007
41 1 0.986002
42 1 0.990653
43 1 0.99398
44 1 0.996294
45 1 0.997796
