1 0.00826154 0.00812237
2 0.0162992 0.015871
3 0.0244579 0.0235879
4 0.0325644 0.0311925
5 0.0434888 0.0396945
6 0.0567438 0.0485811
7 0.069593 0.0585432
8 0.0835188 0.069963
9 0.100604 0.084636
10 0.126405 0.116137
11 0.155517 0.157882
12 0.192022 0.204112
13 0.23073 0.244944
14 0.272628 0.283348
15 0.317778 0.322557
16 0.366631 0.365089
17 0.411148 0.406306
18 0.455669 0.446821
19 0.495379 0.486631
20 0.530876 0.52752
21 0.56424 0.56659
22 0.596222 0.603903
23 0.627359 0.641513
24 0.65879 0.677201
25 0.68766 0.709185
26 0.714354 0.738834
27 0.739032 0.76529
28 0.762075 0.788842
29 0.783585 0.810374
30 0.803889 0.830727
31 0.823032 0.849598
32 0.841343 0.866096
33 0.858461 0.881135
34 0.874662 0.895127
35 0.889467 0.908023
36 0.903507 0.919386
37 0.916586 0.929443
38 0.928597 0.938462
39 0.939706 0.947188
40 0.949687 0.955174
41 0.958805 0.962558
42 0.966709 0.969107
43 0.973444 0.974326
44 0.979083 0.979084
45 0.983979 0.982096
46 0.98801 0.985069
47 0.991343 0.988048
48 0.993757 0.990764
49 0.995694 0.993753
50 0.997301 0.996826
51 0.998538 0.999191
52 0.999415 1
53 0.999867 1
54 0.999979 1
55 1 1
56 1 1
