1 0.00827894 0.00676154
2 0.0160445 0.0130512
3 0.0238859 0.0193702
4 0.0324283 0.0261549
5 0.0433052 0.0332809
6 0.0558127 0.0415505
7 0.0685946 0.0510582
8 0.0826304 0.062139
9 0.0989644 0.0789141
10 0.124666 0.102882
11 0.153999 0.129209
12 0.189889 0.154022
13 0.227485 0.18061
14 0.269074 0.214138
15 0.313429 0.25233
16 0.360351 0.291857
17 0.402842 0.327705
18 0.445111 0.363547
19 0.485277 0.402029
20 0.520238 0.442008
21 0.552852 0.479497
22 0.584026 0.514859
23 0.614234 0.55097
24 0.64445 0.585245
25 0.67245 0.617349
26 0.699226 0.647974
27 0.724024 0.675138
28 0.747827 0.70063
29 0.770312 0.725238
30 0.79145 0.750311
31 0.811333 0.774028
32 0.830031 0.796595
33 0.847932 0.816801
34 0.864636 0.836716
35 0.879952 0.854083
36 0.894144 0.870885
37 0.907815 0.885769
38 0.920392 0.900181
39 0.93167 0.913772
40 0.9422 0.926152
41 0.95193 0.937549
42 0.960706 0.947425
43 0.968324 0.956155
44 0.974807 0.96352
45 0.98035 0.969803
46 0.985142 0.976635
47 0.988969 0.98413
48 0.992033 0.990457
49 0.994409 0.994431
50 0.996304 0.996893
51 0.997861 0.998581
52 0.998988 0.9992
53 0.999763 0.999536
54 0.99995 0.999849
55 1 1
56 1 1
