1 0.00826787 0.00704842
2 0.016232 0.0137445
3 0.0242403 0.0212985
4 0.0323658 0.029399
5 0.043537 0.0380153
6 0.0574336 0.0478841
7 0.0703524 0.0611555
8 0.0840568 0.0762865
9 0.101795 0.0948495
10 0.127235 0.125437
11 0.156823 0.159239
12 0.194464 0.197831
13 0.232541 0.24416
14 0.273647 0.293768
15 0.317042 0.343359
16 0.364289 0.393051
17 0.407754 0.445473
18 0.450632 0.493074
19 0.490018 0.542625
20 0.524784 0.594618
21 0.55772 0.646033
22 0.589778 0.694767
23 0.620586 0.741561
24 0.651901 0.78364
25 0.680877 0.820983
26 0.706913 0.859068
27 0.731557 0.888413
28 0.753995 0.910797
29 0.77512 0.930605
30 0.795369 0.947652
31 0.81439 0.959702
32 0.832612 0.969834
33 0.850414 0.978056
34 0.866877 0.984511
35 0.882397 0.98942
36 0.89665 0.993018
37 0.910236 0.995728
38 0.923194 0.997436
39 0.934866 0.998407
40 0.945589 0.99898
41 0.954972 0.999351
42 0.963202 0.999639
43 0.97054 0.999879
44 0.97691 0.999991
45 0.982134 1
46 0.98666 1
47 0.990208 1
48 0.993006 1
