1 0.00841106 0.00807068
2 0.0162193 0.0155935
3 0.0240505 0.0232514
4 0.0325414 0.030775
5 0.0436763 0.0383319
6 0.0562082 0.0467413
7 0.0688533 0.0559647
8 0.082227 0.0662729
9 0.0983687 0.0814359
10 0.124949 0.109235
11 0.154763 0.150536
12 0.190757 0.192033
13 0.228691 0.228575
14 0.270566 0.265584
15 0.314603 0.301515
16 0.360942 0.34021
17 0.403678 0.37837
18 0.447961 0.418319
19 0.487911 0.455516
20 0.523601 0.49306
21 0.556993 0.528321
22 0.588587 0.564505
23 0.619721 0.598976
24 0.650799 0.629818
25 0.679481 0.658222
26 0.705949 0.684231
27 0.730977 0.70832
28 0.754168 0.73026
29 0.775919 0.751007
30 0.796437 0.770676
31 0.815515 0.788713
32 0.833934 0.806065
33 0.851257 0.822627
34 0.86744 0.838086
35 0.882676 0.852602
36 0.896706 0.866002
37 0.909689 0.878209
38 0.921501 0.889786
39 0.932431 0.900221
40 0.942268 0.909894
41 0.951519 0.918224
42 0.959969 0.925277
43 0.967469 0.931311
44 0.974275 0.936573
45 0.979778 0.941477
46 0.984454 0.946132
47 0.988341 0.95044
48 0.991419 0.954443
49 0.993882 0.958216
50 0.996145 0.961959
51 0.99772 0.965505
52 0.998963 0.968847
53 0.999712 0.971993
54 0.999969 0.975105
55 1 0.977911
56 1 0.980567
