1 0.00921392 0.00789631
2 0.0184162 0.0155872
3 0.0278725 0.0241769
4 0.0394266 0.0335534
5 0.0521077 0.0438316
6 0.0659262 0.0563415
7 0.0811759 0.0717346
8 0.0998835 0.090674
9 0.121431 0.115742
10 0.150573 0.146927
11 0.18638 0.1848
12 0.226588 0.226667
13 0.270163 0.270081
14 0.314057 0.316448
15 0.359594 0.366922
16 0.410862 0.4251
17 0.462332 0.481292
18 0.51711 0.535212
19 0.579739 0.584684
20 0.642722 0.635394
21 0.701112 0.676913
22 0.754284 0.71353
23 0.797171 0.754038
24 0.833532 0.791843
25 0.869369 0.82548
26 0.897691 0.853435
27 0.916737 0.878163
28 0.935099 0.898918
29 0.948871 0.917027
30 0.960311 0.932732
31 0.96942 0.947413
32 0.977339 0.962323
33 0.983594 0.973895
34 0.988674 0.985622
35 0.992215 0.992984
36 0.994784 0.996584
37 0.996515 0.998729
38 0.997733 0.99933
39 0.998526 0.999709
40 0.999113 0.999904
41 0.999484 0.999989
42 0.999794 1
