1 0.00893654 0.00810844
2 0.0178206 0.015844
3 0.0271068 0.024292
4 0.0385385 0.0329379
5 0.0507313 0.0428128
6 0.0641454 0.0535829
7 0.0794231 0.0660994
8 0.0982553 0.081443
9 0.119397 0.103082
10 0.148426 0.13483
11 0.183877 0.171159
12 0.224319 0.208941
13 0.269446 0.254261
14 0.31483 0.307125
15 0.363215 0.352107
16 0.419554 0.39577
17 0.475917 0.440354
18 0.535412 0.481643
19 0.598723 0.522151
20 0.6586 0.564051
21 0.713963 0.609371
22 0.764264 0.653503
23 0.803401 0.696122
24 0.83812 0.736827
25 0.874173 0.775244
26 0.901995 0.811224
27 0.921771 0.841395
28 0.939586 0.867136
29 0.95277 0.88787
30 0.96329 0.90682
31 0.972082 0.923583
32 0.979155 0.938492
33 0.984863 0.95134
34 0.989079 0.963461
35 0.992121 0.972821
36 0.994458 0.98023
37 0.99629 0.986258
38 0.997562 0.991022
39 0.998448 0.994579
40 0.999135 0.997048
41 0.999569 0.998914
42 0.999814 0.999956
43 0.999964 1
44 1 1
