1 0.00607681 0.00577506
2 0.0116326 0.0112201
3 0.0171861 0.0170938
4 0.0238108 0.0240876
5 0.0327153 0.0335364
6 0.0437313 0.0454889
7 0.0580314 0.0585741
8 0.0737842 0.0744355
9 0.0938906 0.0924432
10 0.11746 0.112697
11 0.145951 0.134774
12 0.17984 0.159347
13 0.214511 0.187011
14 0.253205 0.215902
15 0.297239 0.244239
16 0.340929 0.272319
17 0.383705 0.300279
18 0.427929 0.332247
19 0.474028 0.36495
20 0.520758 0.396683
21 0.566606 0.42827
22 0.610846 0.459414
23 0.653137 0.488917
24 0.694715 0.518672
25 0.733153 0.550701
26 0.768743 0.585227
27 0.801175 0.618871
28 0.831856 0.652169
29 0.860467 0.68531
30 0.882276 0.717692
31 0.900404 0.75046
32 0.916262 0.779271
33 0.929607 0.803814
34 0.941178 0.824715
35 0.952028 0.8431
36 0.962111 0.861183
37 0.971384 0.877781
38 0.978519 0.891261
39 0.983503 0.902464
40 0.986818 0.913681
41 0.989753 0.922929
42 0.992263 0.93075
43 0.994656 0.938993
44 0.996671 0.947823
45 0.998195 0.955483
46 0.998891 0.963326
47 0.999659 0.971221
48 1 0.979137
49 1 0.985016
50 1 0.990302
