1 0.00823851 0.00859131
2 0.0164114 0.016554
3 0.0255966 0.0248279
4 0.0365221 0.0334167
5 0.0509815 0.0440942
6 0.067046 0.0615613
7 0.0828017 0.0813965
8 0.100642 0.101556
9 0.127965 0.123507
10 0.161809 0.154204
11 0.202717 0.191807
12 0.244614 0.231953
13 0.289092 0.274501
14 0.336387 0.318052
15 0.386002 0.369932
16 0.440839 0.422704
17 0.500264 0.474247
18 0.565599 0.524175
19 0.629297 0.570428
20 0.68731 0.614935
21 0.740955 0.659969
22 0.784593 0.702723
23 0.820641 0.741257
24 0.851031 0.781326
25 0.877627 0.816769
26 0.901952 0.846365
27 0.922164 0.874034
28 0.937361 0.897953
29 0.950415 0.9212
30 0.961128 0.939777
31 0.969994 0.954287
32 0.977283 0.96437
33 0.982692 0.972346
34 0.98705 0.979351
35 0.99082 0.986107
36 0.993697 0.990958
37 0.996103 0.994215
38 0.997961 0.996906
39 0.999288 0.999717
40 0.999924 1
41 0.999999 1
42 1 1
