1 0.00863875 0.00738977
2 0.0167051 0.0139456
3 0.0254641 0.0208088
4 0.0360139 0.0304636
5 0.0506004 0.0442643
6 0.0670733 0.0598325
7 0.0832307 0.0794218
8 0.101945 0.106626
9 0.129722 0.141895
10 0.164901 0.17855
11 0.205049 0.212794
12 0.245132 0.248051
13 0.293051 0.286416
14 0.341751 0.327434
15 0.393438 0.37014
16 0.450426 0.410494
17 0.508906 0.449209
18 0.570105 0.492499
19 0.634797 0.535231
20 0.695156 0.579805
21 0.752767 0.620438
22 0.797293 0.655232
23 0.83168 0.687126
24 0.862979 0.716488
25 0.888096 0.744589
26 0.910185 0.770105
27 0.928769 0.793743
28 0.942161 0.814769
29 0.953305 0.836237
30 0.962201 0.859167
31 0.970289 0.87842
32 0.976895 0.894442
33 0.981682 0.907206
34 0.985965 0.918123
35 0.989748 0.927115
36 0.992536 0.934845
37 0.995029 0.94192
38 0.99731 0.948544
39 0.998866 0.954255
40 0.999852 0.961175
41 0.999996 0.968542
42 1 0.976041
43 1 0.982937
