1 0.00840516 0.0138826
2 0.0163322 0.0270732
3 0.025751 0.0406353
4 0.0369251 0.0548968
5 0.0508763 0.0692733
6 0.0660351 0.0837233
7 0.0819275 0.101331
8 0.100637 0.120264
9 0.127987 0.142126
10 0.162064 0.172546
11 0.203231 0.212938
12 0.246019 0.249292
13 0.292957 0.28571
14 0.343489 0.322176
15 0.395877 0.360098
16 0.451199 0.399945
17 0.506312 0.436592
18 0.566639 0.470369
19 0.628741 0.505045
20 0.687042 0.537432
21 0.741367 0.568666
22 0.785901 0.600895
23 0.822142 0.632631
24 0.853838 0.660677
25 0.880578 0.687989
26 0.904045 0.71369
27 0.923638 0.738554
28 0.938109 0.763344
29 0.950431 0.785901
30 0.961322 0.807186
31 0.970349 0.828892
32 0.977339 0.849603
33 0.982169 0.867871
34 0.986695 0.885959
35 0.990401 0.904249
36 0.993535 0.921955
37 0.996095 0.939487
38 0.998146 0.954574
39 0.99948 0.965241
40 0.999918 0.973319
41 0.999997 0.977985
42 1 0.980937
43 1 0.983716
