1 0.00883035 0.00862003
2 0.0172706 0.0167429
3 0.0264164 0.025172
4 0.0370875 0.0349246
5 0.0496501 0.0474414
6 0.0639482 0.0643347
7 0.0802273 0.0816077
8 0.0997818 0.101096
9 0.125912 0.125556
10 0.154328 0.153366
11 0.185097 0.187686
12 0.222853 0.228217
13 0.266026 0.268587
14 0.313106 0.31243
15 0.364786 0.359267
16 0.422482 0.412882
17 0.48285 0.464036
18 0.544398 0.514647
19 0.604246 0.565303
20 0.661836 0.616721
21 0.705513 0.669712
22 0.744307 0.717097
23 0.78069 0.755398
24 0.816462 0.793136
25 0.843906 0.833272
26 0.866877 0.864027
27 0.887505 0.887707
28 0.906435 0.907694
29 0.922507 0.92594
30 0.936767 0.94014
31 0.949162 0.952058
32 0.959418 0.962105
33 0.967657 0.970893
34 0.974441 0.977137
35 0.980327 0.981971
36 0.984802 0.985881
37 0.988558 0.989355
38 0.991466 0.99201
39 0.994026 0.994447
40 0.995758 0.996334
41 0.997213 0.997517
42 0.998136 0.998164
43 0.998743 0.998647
44 0.999201 0.999189
45 0.999514 0.999669
46 0.999706 0.999891
47 0.999844 1
48 0.999933 1
