1 0.00873989 0.00949655
2 0.0171282 0.0188962
3 0.0258387 0.0293707
4 0.0362655 0.0405001
5 0.0496964 0.0524215
6 0.0645655 0.0657151
7 0.0810933 0.0820149
8 0.10075 0.104132
9 0.127197 0.134891
10 0.155629 0.172807
11 0.189265 0.215301
12 0.228307 0.260646
13 0.27202 0.310312
14 0.31955 0.363595
15 0.371052 0.412855
16 0.429374 0.466643
17 0.492843 0.519204
18 0.55925 0.570836
19 0.617669 0.629324
20 0.674511 0.685688
21 0.719147 0.737144
22 0.758089 0.785694
23 0.795269 0.825564
24 0.828718 0.859157
25 0.854196 0.887462
26 0.875827 0.912337
27 0.895733 0.933856
28 0.913526 0.950787
29 0.928989 0.963836
30 0.942519 0.976763
31 0.953636 0.986152
32 0.963041 0.99012
33 0.970656 0.993006
34 0.976789 0.995241
35 0.981786 0.996944
36 0.98552 0.998159
37 0.988761 0.998991
38 0.991303 0.999716
39 0.993399 0.999952
40 0.995109 1
41 0.996535 1
42 0.997441 1
43 0.99813 1
