1 0.00910057 0.010492
2 0.0175601 0.0204423
3 0.0264616 0.0308834
4 0.0368817 0.0420426
5 0.0495087 0.053856
6 0.0638408 0.0673421
7 0.0811001 0.0828795
8 0.100021 0.102779
9 0.125677 0.127153
10 0.15316 0.158854
11 0.185338 0.196214
12 0.222937 0.235538
13 0.267389 0.281131
14 0.314889 0.325569
15 0.36657 0.369321
16 0.424232 0.417744
17 0.487797 0.473949
18 0.554181 0.529523
19 0.614736 0.583485
20 0.670155 0.642098
21 0.715067 0.696345
22 0.752041 0.744702
23 0.788536 0.78804
24 0.820313 0.823905
25 0.847287 0.856093
26 0.870391 0.889751
27 0.891146 0.914506
28 0.91044 0.93638
29 0.926421 0.956751
30 0.939882 0.970091
31 0.951687 0.978181
32 0.961093 0.983416
33 0.968567 0.987158
34 0.974728 0.989926
35 0.979809 0.992208
36 0.983952 0.993961
37 0.987408 0.995374
38 0.990443 0.996474
39 0.99271 0.997459
40 0.994549 0.998169
41 0.996026 0.998855
42 0.997215 0.999324
43 0.998065 0.999659
44 0.998773 0.999863
45 0.999154 0.999957
46 0.999508 0.999999
47 0.999695 1
48 0.999844 1
