1 0.00789965 0.0108792
2 0.0155773 0.0212725
3 0.024053 0.031735
4 0.0328632 0.0425111
5 0.0430583 0.0533324
6 0.054386 0.0670729
7 0.0693051 0.0818431
8 0.0884865 0.0976824
9 0.115895 0.11418
10 0.151156 0.137369
11 0.187147 0.168162
12 0.228314 0.202075
13 0.273601 0.246831
14 0.325341 0.286637
15 0.37517 0.326144
16 0.425524 0.366823
17 0.473303 0.407067
18 0.518416 0.455483
19 0.567643 0.499308
20 0.6193 0.536438
21 0.663262 0.570197
22 0.707377 0.602193
23 0.749891 0.632159
24 0.787047 0.660287
25 0.822412 0.688052
26 0.852762 0.712885
27 0.878479 0.736257
28 0.900232 0.759004
29 0.919356 0.782373
30 0.935168 0.80648
31 0.949814 0.827518
32 0.9628 0.845881
33 0.973563 0.863248
34 0.982315 0.87939
35 0.98907 0.894174
36 0.993854 0.907545
37 0.996713 0.920105
38 0.998518 0.931118
39 0.999509 0.940912
40 0.999946 0.950501
41 0.999996 0.956824
42 1 0.962782
43 1 0.96806
44 1 0.972701
