1 0.00479167 0.00613913
2 0.00933194 0.012069
3 0.0146206 0.0180945
4 0.0208056 0.0252465
5 0.029546 0.0336285
6 0.0408843 0.0447102
7 0.0532942 0.058145
8 0.0680351 0.073925
9 0.0867029 0.0934617
10 0.112579 0.12143
11 0.141157 0.151528
12 0.175043 0.187508
13 0.212745 0.223227
14 0.256882 0.265271
15 0.302332 0.311364
16 0.348922 0.356243
17 0.397318 0.401832
18 0.444095 0.447817
19 0.492378 0.493729
20 0.54037 0.538091
21 0.589235 0.581007
22 0.638395 0.621863
23 0.68413 0.662853
24 0.727911 0.702287
25 0.773247 0.740238
26 0.815636 0.780736
27 0.852227 0.818116
28 0.88454 0.850667
29 0.912719 0.881198
30 0.937303 0.905628
31 0.956485 0.925896
32 0.970161 0.945132
33 0.980678 0.959734
34 0.987782 0.971642
35 0.99232 0.980972
36 0.995391 0.987794
37 0.997655 0.992702
38 0.998943 0.995969
39 0.999665 0.997824
40 0.999986 0.999067
41 1 0.999713
42 1 0.999971
