1 0.00477323 0.00672722
2 0.00924749 0.0131935
3 0.0147245 0.0195776
4 0.0211672 0.0262995
5 0.0300682 0.0329484
6 0.0416307 0.0399928
7 0.0547521 0.0486755
8 0.0697823 0.0601379
9 0.0885098 0.0724
10 0.115104 0.0889898
11 0.144086 0.110935
12 0.178352 0.140296
13 0.21613 0.172565
14 0.260658 0.202832
15 0.307573 0.231088
16 0.355244 0.261046
17 0.40333 0.292073
18 0.451172 0.322628
19 0.499578 0.355073
20 0.547257 0.389208
21 0.597919 0.429441
22 0.648273 0.468875
23 0.694472 0.508003
24 0.738448 0.543911
25 0.782987 0.57689
26 0.823901 0.608551
27 0.859719 0.639427
28 0.890674 0.668588
29 0.917124 0.699387
30 0.939476 0.7277
31 0.957899 0.751994
32 0.971304 0.773996
33 0.981419 0.794635
34 0.988142 0.813971
35 0.992472 0.83215
36 0.995713 0.848811
37 0.99791 0.864827
38 0.999102 0.879614
39 0.999703 0.892813
40 0.999989 0.90533
41 1 0.91687
42 1 0.927428
