1 0.00483535 0.00499047
2 0.00935378 0.00965917
3 0.0145128 0.01471
4 0.0210032 0.0202381
5 0.0298741 0.0272424
6 0.0412264 0.0363956
7 0.0535956 0.0477696
8 0.0680652 0.0615495
9 0.0870853 0.0779208
10 0.113191 0.100607
11 0.141257 0.128834
12 0.175194 0.161505
13 0.212787 0.19739
14 0.256402 0.238979
15 0.301205 0.282755
16 0.346402 0.326618
17 0.393261 0.369173
18 0.439546 0.412654
19 0.488439 0.457687
20 0.535909 0.503272
21 0.583863 0.549621
22 0.633835 0.598143
23 0.679533 0.644391
24 0.724309 0.686473
25 0.770215 0.726696
26 0.813937 0.764485
27 0.850664 0.800234
28 0.884025 0.830809
29 0.911839 0.857738
30 0.936027 0.884892
31 0.955333 0.911121
32 0.969593 0.932373
33 0.980038 0.948589
34 0.986846 0.961125
35 0.991454 0.970479
36 0.994631 0.977582
37 0.997197 0.983236
38 0.998743 0.98751
39 0.999679 0.991027
40 0.999992 0.994508
41 1 0.997435
42 1 0.999201
