1 0.00405556 0.00389627
2 0.00795525 0.00763288
3 0.0120324 0.0115895
4 0.016189 0.0158336
5 0.020902 0.0206962
6 0.0260619 0.0266107
7 0.0319495 0.0336535
8 0.0398972 0.0418377
9 0.0511929 0.0525823
10 0.0653731 0.0649027
11 0.0829346 0.0839071
12 0.104868 0.108322
13 0.129391 0.135461
14 0.154532 0.161396
15 0.182518 0.188187
16 0.210652 0.21454
17 0.240038 0.241271
18 0.268966 0.271221
19 0.300692 0.303461
20 0.335437 0.341662
21 0.372329 0.381182
22 0.410654 0.420805
23 0.449016 0.459547
24 0.486385 0.498085
25 0.523869 0.537451
26 0.560959 0.574141
27 0.601625 0.611388
28 0.640841 0.647832
29 0.681301 0.683229
30 0.71784 0.717265
31 0.752546 0.748581
32 0.784923 0.780092
33 0.816424 0.807221
34 0.842255 0.831544
35 0.865595 0.854564
36 0.887264 0.87538
37 0.906469 0.89413
38 0.922644 0.911249
39 0.936787 0.927235
40 0.949616 0.942749
41 0.960531 0.95629
42 0.970389 0.965624
43 0.978488 0.972472
44 0.983262 0.977835
45 0.986526 0.981845
46 0.989285 0.984945
47 0.99194 0.987388
48 0.994158 0.989406
49 0.996146 0.991276
50 0.997627 0.992859
51 0.998889 0.994354
52 0.99922 0.995565
53 0.999525 0.996574
54 0.999774 0.997284
55 0.999935 0.997885
56 1 0.998398
57 1 0.998821
58 1 0.999204
