1 0.0057966 0.00427934
2 0.0114045 0.00858143
3 0.0173637 0.0136118
4 0.0239977 0.019444
5 0.0312779 0.0267572
6 0.0401259 0.0354623
7 0.0513255 0.0451711
8 0.0657773 0.057361
9 0.0866696 0.0718958
10 0.111602 0.0898528
11 0.139167 0.112794
12 0.167176 0.138907
13 0.196355 0.167268
14 0.226441 0.198678
15 0.256166 0.232725
16 0.288314 0.267999
17 0.323871 0.301433
18 0.364063 0.33446
19 0.404604 0.369326
20 0.447393 0.406046
21 0.491932 0.444697
22 0.539767 0.485747
23 0.58913 0.526958
24 0.638234 0.565336
25 0.682944 0.60173
26 0.723637 0.637768
27 0.759839 0.671021
28 0.79365 0.702401
29 0.827238 0.730978
30 0.855435 0.758536
31 0.878036 0.783693
32 0.897597 0.807452
33 0.91493 0.828857
34 0.928707 0.848151
35 0.939423 0.86649
36 0.948264 0.883875
37 0.955664 0.899336
38 0.962288 0.912438
39 0.968558 0.924743
40 0.973704 0.935311
41 0.977701 0.944356
42 0.981292 0.952318
43 0.984685 0.959339
44 0.987709 0.965153
45 0.990199 0.970106
46 0.992352 0.974594
47 0.994178 0.978396
48 0.995934 0.981633
49 0.997145 0.984635
50 0.997893 0.987108
51 0.998491 0.989203
52 0.998973 0.991105
53 0.99934 0.992771
54 0.999626 0.994199
55 0.999816 0.995385
56 0.999914 0.996256
57 0.999967 0.996934
58 0.999994 0.997576
59 1 0.998141
60 1 0.998631
