1 0.0123575 0.0130141
2 0.0237657 0.0254234
3 0.0354011 0.0379382
4 0.0471896 0.0506379
5 0.0589327 0.0635374
6 0.0708442 0.0763406
7 0.0856527 0.0914756
8 0.110577 0.113597
9 0.138232 0.152925
10 0.174682 0.192912
11 0.217791 0.239305
12 0.266777 0.285294
13 0.309605 0.338635
14 0.349838 0.385723
15 0.388644 0.428996
16 0.429418 0.468066
17 0.465934 0.504168
18 0.498921 0.538609
19 0.533093 0.570475
20 0.56488 0.601359
21 0.594351 0.631305
22 0.621592 0.659421
23 0.647733 0.68542
24 0.671866 0.7102
25 0.69475 0.733315
26 0.717079 0.755237
27 0.739591 0.776396
28 0.760557 0.796474
29 0.780441 0.81534
30 0.798775 0.832783
31 0.816608 0.849388
32 0.833733 0.865189
33 0.849706 0.880028
34 0.864149 0.894691
35 0.877379 0.907433
36 0.890242 0.919706
37 0.902456 0.930797
38 0.913548 0.942794
39 0.92383 0.952772
40 0.933245 0.962322
41 0.942539 0.970642
42 0.951561 0.9772
43 0.961502 0.98419
44 0.968156 0.991716
45 0.973708 0.993781
46 0.978406 0.995462
47 0.982512 0.996755
48 0.986013 0.997833
49 0.988582 0.998881
50 0.99089 0.999767
51 0.99312 0.999994
52 0.99527 1
53 0.996911 1
