1 0.0121656 0.0130547
2 0.0234559 0.0255085
3 0.035061 0.0383192
4 0.0464995 0.051385
5 0.0583604 0.0651868
6 0.0699823 0.0800351
7 0.0857133 0.0967049
8 0.108609 0.120296
9 0.135832 0.144018
10 0.171637 0.174138
11 0.213814 0.213597
12 0.259434 0.260122
13 0.301638 0.311905
14 0.342577 0.359466
15 0.381552 0.406622
16 0.421194 0.456415
17 0.458153 0.518169
18 0.49281 0.593099
19 0.525281 0.655908
20 0.555834 0.709013
21 0.584183 0.759978
22 0.611874 0.797038
23 0.637483 0.827243
24 0.660821 0.852487
25 0.683532 0.872165
26 0.705353 0.890745
27 0.726249 0.90865
28 0.746355 0.930324
29 0.765284 0.945849
30 0.785001 0.958375
31 0.803054 0.969066
32 0.819943 0.977432
33 0.83652 0.984053
34 0.85107 0.989397
35 0.865737 0.993567
36 0.87899 0.996368
37 0.891901 0.998042
38 0.904254 0.999013
39 0.917216 0.999671
40 0.928849 0.999922
41 0.939476 1
42 0.94971 1
