1 0.0126067 0.00674815
2 0.0239576 0.0136512
3 0.0356115 0.0217856
4 0.0469725 0.0308375
5 0.058655 0.043194
6 0.0698847 0.0591691
7 0.0845047 0.078663
8 0.108163 0.103498
9 0.133788 0.131266
10 0.166816 0.162567
11 0.211272 0.204568
12 0.256032 0.251873
13 0.296682 0.305041
14 0.337039 0.355931
15 0.375551 0.406733
16 0.416292 0.459933
17 0.453714 0.511833
18 0.489094 0.564269
19 0.522831 0.615198
20 0.554662 0.665188
21 0.583419 0.714101
22 0.609902 0.760497
23 0.635349 0.801097
24 0.659495 0.839187
25 0.682533 0.876385
26 0.704473 0.909511
27 0.726217 0.935867
28 0.747109 0.957478
29 0.767213 0.97415
30 0.786016 0.985844
31 0.803582 0.992936
32 0.820513 0.997231
33 0.835462 0.999128
34 0.849445 0.999632
35 0.863941 0.999887
36 0.877352 0.999991
37 0.890359 1
38 0.90323 1
39 0.915349 1
