1 0.0137742 0.0118975
2 0.0260215 0.0229592
3 0.0397195 0.0346497
4 0.0571468 0.0483676
5 0.0757445 0.0642242
6 0.101323 0.0853099
7 0.13018 0.11033
8 0.16009 0.140833
9 0.194844 0.178629
10 0.237819 0.217331
11 0.289384 0.261255
12 0.359436 0.309837
13 0.438116 0.361843
14 0.510783 0.421568
15 0.575741 0.486583
16 0.640346 0.551039
17 0.70223 0.61164
18 0.763186 0.669176
19 0.80991 0.721896
20 0.851998 0.772402
21 0.888279 0.816576
22 0.914609 0.859571
23 0.934771 0.898869
24 0.951759 0.928916
25 0.966215 0.95036
26 0.979013 0.966454
27 0.989879 0.978483
28 0.995457 0.987825
29 0.999702 0.99339
30 1 0.996354
31 1 0.99848
32 1 0.999556
33 1 0.999937
