1 0.00464464 0.00353835
2 0.00921115 0.00685628
3 0.0139854 0.0104015
4 0.019044 0.0149355
5 0.0249335 0.0208469
6 0.0315445 0.0287882
7 0.0394319 0.0383787
8 0.0480774 0.0498847
9 0.0596224 0.0640777
10 0.0772456 0.0809635
11 0.100172 0.102154
12 0.127824 0.126596
13 0.159366 0.152327
14 0.191593 0.178864
15 0.223984 0.206442
16 0.257206 0.235674
17 0.288521 0.26436
18 0.321373 0.292288
19 0.355827 0.320233
20 0.392029 0.348096
21 0.434289 0.375737
22 0.476041 0.402555
23 0.517091 0.428803
24 0.559474 0.45414
25 0.599884 0.478303
26 0.640333 0.501184
27 0.679669 0.522839
28 0.715588 0.543779
29 0.748404 0.563682
30 0.779348 0.583292
31 0.810137 0.602334
32 0.842269 0.621301
33 0.869341 0.639853
34 0.891728 0.658061
35 0.910372 0.675591
36 0.929095 0.693447
37 0.947036 0.710857
38 0.960192 0.726985
39 0.969524 0.742332
40 0.977564 0.757306
41 0.984715 0.771428
42 0.989741 0.785501
43 0.993313 0.799741
44 0.995982 0.813509
45 0.997755 0.826668
46 0.998978 0.838932
47 0.999582 0.850312
48 0.999785 0.861514
49 0.999884 0.872932
50 0.999944 0.884414
51 0.999973 0.894114
52 0.999991 0.903999
53 0.999999 0.914523
54 1 0.923377
