1 0.0113988 0.0110001
2 0.0223201 0.0213413
3 0.0354482 0.0321118
4 0.0486329 0.0435498
5 0.0652263 0.0568817
6 0.0836623 0.0733489
7 0.105496 0.0997258
8 0.132413 0.134284
9 0.165946 0.176187
10 0.205188 0.224842
11 0.251019 0.27627
12 0.294939 0.3293
13 0.343762 0.386215
14 0.395853 0.44454
15 0.454823 0.496905
16 0.513748 0.550824
17 0.579097 0.603078
18 0.632506 0.650141
19 0.679556 0.696246
20 0.72313 0.740474
21 0.762761 0.782362
22 0.798153 0.819758
23 0.8305 0.849127
24 0.858676 0.87405
25 0.88289 0.89695
26 0.9034 0.916505
27 0.922931 0.933757
28 0.940589 0.949242
29 0.957694 0.96054
30 0.97234 0.970403
31 0.983436 0.979286
32 0.991268 0.986149
33 0.995428 0.991344
34 0.997277 0.995557
35 0.998207 0.998455
36 0.998719 0.999439
37 0.999172 0.999932
38 0.999541 1
