1 0.00450588 0.00477184
2 0.00885298 0.00950075
3 0.0134417 0.0146894
4 0.0184913 0.0201664
5 0.0240307 0.0262849
6 0.0308799 0.0341247
7 0.0391318 0.0436735
8 0.0489732 0.0555558
9 0.0613274 0.0698725
10 0.0796331 0.0885681
11 0.104318 0.110964
12 0.132622 0.13551
13 0.164098 0.164315
14 0.194432 0.197394
15 0.225482 0.230629
16 0.255775 0.264067
17 0.287584 0.299618
18 0.321575 0.334363
19 0.358226 0.369291
20 0.403294 0.405961
21 0.444918 0.444463
22 0.485615 0.485778
23 0.526427 0.528223
24 0.566937 0.571413
25 0.609075 0.613645
26 0.649654 0.652307
27 0.688846 0.689707
28 0.727829 0.723926
29 0.765682 0.754671
30 0.798513 0.783366
31 0.827822 0.809719
32 0.854554 0.834513
33 0.87955 0.856917
34 0.902505 0.876615
35 0.923469 0.893555
36 0.94103 0.908636
37 0.955744 0.922411
38 0.968114 0.935013
39 0.977445 0.946248
40 0.984225 0.955923
41 0.989543 0.9646
42 0.9935 0.972889
43 0.996463 0.979685
44 0.9984 0.985148
45 0.999102 0.989724
46 0.999502 0.993057
47 0.999694 0.995179
48 0.999842 0.996651
49 0.99994 0.99763
50 1 0.998306
51 1 0.998889
52 1 0.999404
53 1 0.999719
