1 0.00453718 0.00437219
2 0.00901198 0.00863971
3 0.0138246 0.0133496
4 0.0188102 0.0183345
5 0.0247122 0.0240385
6 0.0318954 0.0308768
7 0.0407619 0.0385673
8 0.0513418 0.048293
9 0.0637383 0.0622938
10 0.0811905 0.0811679
11 0.105372 0.104895
12 0.13328 0.132632
13 0.16447 0.16382
14 0.194717 0.198319
15 0.226653 0.231215
16 0.256417 0.264637
17 0.287868 0.297448
18 0.321587 0.331396
19 0.357713 0.368044
20 0.402149 0.408304
21 0.444182 0.452044
22 0.484474 0.496548
23 0.524359 0.54216
24 0.564727 0.586861
25 0.606419 0.630652
26 0.645645 0.671669
27 0.685227 0.712733
28 0.724034 0.753108
29 0.759865 0.789166
30 0.792321 0.823372
31 0.821318 0.854543
32 0.847557 0.885398
33 0.872436 0.916158
34 0.895951 0.944107
35 0.916788 0.962986
36 0.935348 0.976854
37 0.951156 0.986182
38 0.963712 0.991391
39 0.973952 0.995019
40 0.981609 0.997869
41 0.987752 0.999521
42 0.992135 0.999988
43 0.99595 1
44 0.998495 1
45 0.999294 1
46 0.999674 1
47 0.999899 1
48 0.999991 1
49 1 1
50 1 1
