1 0.0103012 0.00807205
2 0.0205983 0.0156203
3 0.0304037 0.0233228
4 0.0407418 0.031518
5 0.0513585 0.0418912
6 0.0622184 0.0536401
7 0.073607 0.0661156
8 0.0865747 0.0808695
9 0.105418 0.100557
10 0.135824 0.124859
11 0.163709 0.149902
12 0.195339 0.18216
13 0.22876 0.21697
14 0.267822 0.249741
15 0.308136 0.282282
16 0.356231 0.313369
17 0.399004 0.346998
18 0.439007 0.385864
19 0.478511 0.420437
20 0.516204 0.449881
21 0.549266 0.474834
22 0.578559 0.497071
23 0.603899 0.518151
24 0.626646 0.539128
25 0.647677 0.558581
26 0.666967 0.577094
27 0.683774 0.59313
28 0.698739 0.611064
29 0.712685 0.629583
30 0.725778 0.648361
31 0.737771 0.66625
32 0.749212 0.683389
33 0.760462 0.701574
34 0.77227 0.720097
35 0.783986 0.739016
36 0.797413 0.758658
37 0.810107 0.776473
38 0.822463 0.793648
39 0.83378 0.811513
40 0.845203 0.834298
41 0.856354 0.856197
42 0.867341 0.874609
43 0.877903 0.88939
44 0.887859 0.903436
45 0.897758 0.916225
46 0.907683 0.928745
47 0.91679 0.940171
48 0.925666 0.950871
49 0.934293 0.960962
50 0.941235 0.969645
51 0.947997 0.975896
52 0.954306 0.981149
53 0.961251 0.985533
54 0.967509 0.989122
55 0.97332 0.991499
56 0.978454 0.994003
57 0.983031 0.99513
58 0.98721 0.995971
59 0.990976 0.996706
60 0.994117 0.997308
61 0.996495 0.997852
62 0.998409 0.998266
63 0.999478 0.998637
64 0.999925 0.998967
65 1 0.999224
66 1 0.999438
67 1 0.999574
68 1 0.999685
