1 0.0049725 0.00467091
2 0.00975269 0.00903373
3 0.0147559 0.0135647
4 0.0198295 0.0185277
5 0.0254764 0.0238898
6 0.031979 0.0308478
7 0.0401124 0.0390608
8 0.0501609 0.0487231
9 0.0637227 0.0606068
10 0.0819069 0.0753653
11 0.104797 0.096278
12 0.132837 0.12055
13 0.162595 0.147158
14 0.19419 0.175789
15 0.224832 0.206629
16 0.256722 0.239085
17 0.28939 0.270388
18 0.323101 0.302531
19 0.357467 0.335718
20 0.39155 0.371383
21 0.428778 0.411071
22 0.466151 0.451502
23 0.505343 0.488897
24 0.549835 0.525805
25 0.592614 0.560767
26 0.63138 0.594487
27 0.663781 0.625671
28 0.695321 0.654933
29 0.724604 0.682907
30 0.750861 0.709473
31 0.776791 0.734813
32 0.800756 0.758912
33 0.823101 0.781553
34 0.842527 0.803283
35 0.861654 0.825531
36 0.878976 0.845196
37 0.892183 0.862802
38 0.90355 0.87976
39 0.912886 0.896591
40 0.921176 0.912697
41 0.929218 0.92786
42 0.936031 0.940019
43 0.942375 0.950499
44 0.947873 0.959345
45 0.953213 0.96673
46 0.958016 0.972569
47 0.961707 0.977973
48 0.965592 0.982192
49 0.969662 0.985434
50 0.973526 0.988336
51 0.977056 0.990721
52 0.979986 0.992615
53 0.982554 0.994377
54 0.984763 0.995888
55 0.986748 0.996967
56 0.98837 0.997816
57 0.990086 0.998514
58 0.991654 0.998974
59 0.99314 0.999336
60 0.994557 0.999564
61 0.995814 0.999724
62 0.997054 0.999871
63 0.99805 1
64 0.998875 1
65 0.999244 1
