1 0.00642273 0.00501177
2 0.0125496 0.00965459
3 0.0190909 0.0147925
4 0.0258438 0.0205389
5 0.0343826 0.0281075
6 0.0441826 0.0361573
7 0.0556409 0.0449065
8 0.0698128 0.0539997
9 0.0917236 0.0683545
10 0.116993 0.0852816
11 0.149155 0.105556
12 0.187072 0.1319
13 0.222212 0.160903
14 0.254568 0.191042
15 0.286715 0.221525
16 0.319795 0.250923
17 0.352464 0.281478
18 0.388017 0.312466
19 0.432339 0.34423
20 0.478426 0.376789
21 0.52576 0.408137
22 0.568115 0.439143
23 0.607377 0.468757
24 0.646094 0.498263
25 0.686722 0.524089
26 0.731716 0.548463
27 0.773487 0.572367
28 0.809769 0.595109
29 0.843132 0.616651
30 0.873958 0.636913
31 0.901236 0.655618
32 0.922764 0.674306
33 0.9419 0.691785
34 0.958289 0.708532
35 0.971714 0.725135
36 0.984483 0.740508
37 0.995851 0.755449
38 0.997449 0.77014
39 0.998371 0.784405
40 0.999198 0.798729
41 0.999657 0.812501
42 0.999885 0.824559
43 0.999975 0.836394
44 1 0.847841
45 1 0.859225
46 1 0.870256
