1 0.00667603 0.0068559
2 0.0129839 0.0137268
3 0.0193963 0.0210813
4 0.0264054 0.0294238
5 0.034619 0.0383297
6 0.0444467 0.0489592
7 0.0556397 0.0620579
8 0.0700211 0.0781981
9 0.0907897 0.0988053
10 0.113936 0.12368
11 0.145228 0.148088
12 0.181726 0.179713
13 0.216302 0.212351
14 0.248317 0.243654
15 0.280549 0.273935
16 0.312766 0.302673
17 0.345252 0.332718
18 0.381276 0.365908
19 0.425202 0.40118
20 0.470393 0.439324
21 0.517727 0.480266
22 0.560904 0.519484
23 0.600365 0.55879
24 0.639354 0.600299
25 0.680676 0.639117
26 0.724776 0.679674
27 0.766599 0.720019
28 0.802826 0.759093
29 0.835824 0.79503
30 0.866043 0.83026
31 0.893797 0.861075
32 0.917904 0.888092
33 0.938029 0.910837
34 0.955902 0.930168
35 0.969747 0.950027
36 0.983927 0.966414
37 0.995697 0.977235
38 0.997401 0.983503
39 0.998288 0.988517
40 0.999029 0.993443
41 0.999535 0.995656
42 0.999828 0.997102
43 0.999981 0.998302
44 1 0.999011
45 1 0.999311
46 1 0.99956
