1 0.00722012 0.0110888
2 0.0140873 0.0221742
3 0.0214771 0.033702
4 0.0308059 0.0471091
5 0.040501 0.0637449
6 0.0504436 0.0817455
7 0.0610983 0.103076
8 0.0740614 0.127334
9 0.0895192 0.159513
10 0.106684 0.194974
11 0.125366 0.250376
12 0.148479 0.319138
13 0.172284 0.387109
14 0.199276 0.443364
15 0.229587 0.493246
16 0.258739 0.542068
17 0.287414 0.589362
18 0.315359 0.633143
19 0.342155 0.672836
20 0.36767 0.710041
21 0.39163 0.744873
22 0.415142 0.787642
23 0.437335 0.829299
24 0.457525 0.862068
25 0.47669 0.890007
26 0.495994 0.912188
27 0.51425 0.933366
28 0.531859 0.952449
29 0.548169 0.964023
30 0.56339 0.97261
31 0.577656 0.979729
32 0.590617 0.986962
33 0.601374 0.992332
34 0.611186 0.995981
35 0.61977 0.998812
36 0.62775 0.999997
37 0.634764 1
38 0.642284 1
39 0.649107 1
40 0.654971 1
41 0.66082 1
