1 0.00699653 0.012766
2 0.0136194 0.02475
3 0.0208913 0.038118
4 0.02969 0.055082
5 0.038911 0.072772
6 0.048689 0.09286
7 0.0597184 0.117052
8 0.0727706 0.147672
9 0.0888753 0.182514
10 0.108188 0.22565
11 0.128571 0.272646
12 0.154249 0.326196
13 0.182418 0.379292
14 0.213191 0.429772
15 0.246243 0.485378
16 0.278606 0.557216
17 0.309535 0.61836
18 0.338961 0.67711
19 0.367675 0.72811
20 0.395382 0.77428
21 0.422072 0.820682
22 0.448108 0.856028
23 0.472145 0.884834
24 0.494112 0.904364
25 0.514341 0.921864
26 0.533904 0.935788
27 0.553779 0.947856
28 0.572776 0.95722
29 0.5906 0.965794
30 0.606094 0.972988
31 0.620912 0.98027
32 0.633483 0.986344
33 0.64404 0.990098
34 0.654028 0.992808
35 0.662082 0.99503
36 0.669674 0.996878
37 0.677147 0.998216
38 0.684497 0.998988
39 0.690824 0.999578
40 0.696819 0.99989
41 0.703209 1
42 0.708856 1
43 0.71447 1
44 0.720158 1
