1 0.00721391 0.00878116
2 0.0143554 0.0168698
3 0.0224605 0.0253863
4 0.0324548 0.0352308
5 0.0428508 0.0495891
6 0.0530739 0.0634918
7 0.06433 0.0781056
8 0.0776119 0.100582
9 0.0933865 0.131194
10 0.110726 0.165605
11 0.129132 0.20187
12 0.153199 0.24331
13 0.179384 0.292224
14 0.208309 0.337613
15 0.238645 0.383717
16 0.268162 0.429334
17 0.297276 0.475348
18 0.325709 0.520577
19 0.353007 0.563766
20 0.379005 0.606016
21 0.403722 0.647752
22 0.426827 0.687365
23 0.448297 0.724057
24 0.468364 0.757344
25 0.488556 0.78753
26 0.507789 0.815168
27 0.525685 0.839765
28 0.543489 0.860988
29 0.559482 0.880759
30 0.573618 0.898864
31 0.586574 0.914795
32 0.597859 0.929503
33 0.607474 0.942964
34 0.616171 0.954441
35 0.624177 0.964371
36 0.631425 0.973206
37 0.638163 0.980359
38 0.644854 0.98606
39 0.651182 0.990372
40 0.65732 0.993672
41 0.663582 0.995936
42 0.669587 0.997521
43 0.675142 0.99853
44 0.68063 0.999351
45 0.688641 0.999823
46 0.697758 0.999966
47 0.707244 1
