1 0.00802847 0.00791107
2 0.0154787 0.0158121
3 0.0240363 0.0242342
4 0.0336206 0.0335396
5 0.0448438 0.0463005
6 0.0592177 0.0608581
7 0.0750554 0.0765314
8 0.0935072 0.0946431
9 0.117664 0.119813
10 0.149767 0.154046
11 0.188651 0.194532
12 0.232817 0.235754
13 0.284593 0.286375
14 0.337397 0.340088
15 0.387953 0.390986
16 0.435202 0.438181
17 0.479117 0.481918
18 0.523112 0.523758
19 0.564759 0.565517
20 0.609747 0.606659
21 0.65002 0.644026
22 0.687483 0.68177
23 0.725224 0.718184
24 0.758382 0.757826
25 0.789203 0.789341
26 0.818297 0.81826
27 0.845874 0.843739
28 0.870277 0.865618
29 0.891616 0.884402
30 0.910852 0.900852
31 0.928575 0.916233
32 0.944089 0.931503
33 0.956504 0.945932
34 0.966817 0.960486
35 0.974956 0.973541
36 0.981126 0.983221
37 0.986265 0.990551
38 0.990089 0.995052
39 0.992674 0.997589
40 0.994728 0.998939
41 0.996531 0.99969
42 0.997851 0.999967
43 0.998772 1
44 0.999355 1
45 0.999728 1
