1 0.00545425 0.00640985
2 0.0105376 0.012287
3 0.0160087 0.0186717
4 0.0228737 0.0260204
5 0.0334842 0.0347798
6 0.0472825 0.0449078
7 0.0623738 0.0562391
8 0.0784177 0.0702683
9 0.098505 0.0893149
10 0.128598 0.113308
11 0.164176 0.141441
12 0.203322 0.170477
13 0.244038 0.204471
14 0.287952 0.242787
15 0.336298 0.285815
16 0.383038 0.33055
17 0.42637 0.37557
18 0.466316 0.417179
19 0.504822 0.45655
20 0.542951 0.494818
21 0.580253 0.530509
22 0.61724 0.566494
23 0.650661 0.602162
24 0.683161 0.637866
25 0.713838 0.673712
26 0.742655 0.706907
27 0.770243 0.740101
28 0.795733 0.770155
29 0.819503 0.795797
30 0.840188 0.819042
31 0.859101 0.841163
32 0.876557 0.860698
33 0.891855 0.877699
34 0.90635 0.893029
35 0.919571 0.906965
36 0.931756 0.919186
37 0.942835 0.930703
38 0.952645 0.941646
39 0.96111 0.951665
40 0.968614 0.960442
41 0.975102 0.967773
42 0.980438 0.974291
43 0.984904 0.979289
44 0.988616 0.983077
45 0.991529 0.986044
46 0.993893 0.987454
47 0.995776 0.988615
48 0.99719 0.990002
49 0.99815 0.991236
50 0.998877 0.992283
51 0.999322 0.993307
52 0.999608 0.994418
53 0.999801 0.995305
54 0.999929 0.996248
55 0.999987 0.996991
56 1 0.997688
57 1 0.998428
