1 0.00921025 0.0083012
2 0.017907 0.0159772
3 0.0264902 0.0242953
4 0.0357183 0.0334603
5 0.0477914 0.0446515
6 0.0616068 0.0584714
7 0.0766719 0.0748058
8 0.0946398 0.0945198
9 0.116181 0.121211
10 0.148075 0.15651
11 0.192282 0.193937
12 0.242322 0.237902
13 0.296314 0.288049
14 0.348759 0.342885
15 0.400599 0.398002
16 0.453271 0.45635
17 0.50817 0.514659
18 0.560567 0.571417
19 0.613519 0.622413
20 0.672784 0.672251
21 0.72108 0.728965
22 0.764455 0.779581
23 0.805682 0.824065
24 0.844493 0.86125
25 0.879499 0.893594
26 0.913621 0.918443
27 0.942753 0.938052
28 0.966595 0.957102
29 0.981254 0.972351
30 0.98831 0.980594
31 0.992474 0.987359
32 0.994986 0.992635
33 0.996634 0.997569
34 0.997899 0.999932
35 0.998766 1
36 0.999388 1
37 0.999798 1
