1 0.00888889 0.00762924
2 0.0173262 0.0155314
3 0.0261584 0.0246123
4 0.0361983 0.0345014
5 0.0484919 0.0463243
6 0.0632756 0.0586912
7 0.0786158 0.0725617
8 0.0974984 0.0888117
9 0.120524 0.109171
10 0.155422 0.135893
11 0.204355 0.169086
12 0.255884 0.209372
13 0.309922 0.258108
14 0.362562 0.306874
15 0.415221 0.352607
16 0.467172 0.396572
17 0.521903 0.436809
18 0.575319 0.475801
19 0.632046 0.512618
20 0.692068 0.550493
21 0.739684 0.58483
22 0.782007 0.61784
23 0.821855 0.649904
24 0.858497 0.687536
25 0.891348 0.721524
26 0.926437 0.751173
27 0.953511 0.778718
28 0.973973 0.80329
29 0.98587 0.826101
30 0.991332 0.847665
31 0.994281 0.868274
32 0.996089 0.886072
33 0.997352 0.903076
34 0.998264 0.919347
35 0.999016 0.935327
36 0.999514 0.94832
37 0.999834 0.960585
38 0.999983 0.972274
39 1 0.981698
