         1   0.14259
         2   0.14354
         3   0.14449
         4   0.14544
         5   0.14639
         6   0.14734
         7   0.14829
         8   0.14924
         9   0.15019
        10   0.15114
        11   0.15209
        12   0.15304
        13   0.15399
        14   0.15494
        15   0.15589
        16   0.15684
        17   0.15779
        18   0.15875
        19   0.15970
        20   0.16065
        21   0.16160
        22   0.16255
        23   0.16350
        24   0.16445
        25   0.18726
        26   0.20057
        27   0.21008
        28   0.21863
        29   0.22529
        30   0.23289
        31   0.23859
        32   0.24430
        33   0.25000
        34   0.25475
        35   0.25951
        36   0.26521
        37   0.26996
        38   0.27376
        39   0.27852
        40   0.28232
        41   0.28707
        42   0.29087
        43   0.29468
        44   0.29848
        45   0.30323
        46   0.30608
        47   0.31084
        48   0.31559
        49   0.32034
        50   0.32605
        51   0.33080
        52   0.33555
        53   0.34030
        54   0.34411
        55   0.34981
        56   0.35361
        57   0.35932
        58   0.36407
        59   0.36692
        60   0.37167
        61   0.37643
        62   0.38023
        63   0.38498
        64   0.38973
        65   0.39163
        66   0.39734
        67   0.40209
        68   0.40494
        69   0.40875
        70   0.41350
        71   0.41730
        72   0.42015
        73   0.42490
        74   0.42871
        75   0.43251
        76   0.43631
        77   0.44106
        78   0.44297
        79   0.44772
        80   0.45057
        81   0.45437
        82   0.45722
        83   0.46293
        84   0.46768
        85   0.47148
        86   0.47529
        87   0.48004
        88   0.48384
        89   0.48859
        90   0.49240
        91   0.49620
        92   0.50095
        93   0.50570
        94   0.50951
        95   0.51236
        96   0.51806
        97   0.52186
        98   0.52567
        99   0.52852
       100   0.53327
       101   0.53707
       102   0.54087
       103   0.54563
       104   0.54943
       105   0.55418
       106   0.55798
       107   0.56179
       108   0.56559
       109   0.56844
       110   0.57414
       111   0.57795
       112   0.58175
       113   0.58650
       114   0.59030
       115   0.59316
       116   0.59791
       117   0.60171
       118   0.60646
       119   0.61122
       120   0.61502
       121   0.61787
       122   0.62262
       123   0.62643
       124   0.63118
       125   0.63498
       126   0.63783
       127   0.64259
       128   0.64639
       129   0.65209
       130   0.65494
       131   0.65970
       132   0.66350
       133   0.66825
       134   0.67110
       135   0.67681
       136   0.68156
       137   0.68441
       138   0.69011
       139   0.69487
       140   0.69867
       141   0.70342
       142   0.70817
       143   0.71388
       144   0.71768
       145   0.72243
       146   0.72814
       147   0.73194
       148   0.73669
       149   0.74240
       150   0.74620
       151   0.75000
       152   0.75285
       153   0.75665
       154   0.75951
       155   0.76426
       156   0.76806
       157   0.77186
       158   0.77757
       159   0.78327
       160   0.79087
       161   0.79943
       162   0.81369
       163   0.82890
       164   0.82795
       165   0.82700
       166   0.82605
       167   0.82510
       168   0.82319
       169   0.82224
       170   0.82129
       171   0.82034
       172   0.81844
       173   0.81749
       174   0.81654
       175   0.81559
       176   0.81464
       177   0.81274
       178   0.81179
       179   0.81084
       180   0.80894
       181   0.80798
       182   0.80703
       183   0.80608
       184   0.80418
       185   0.80323
       186   0.80228
       187   0.80038
       188   0.79943
       189   0.79848
       190   0.79658
       191   0.79563
       192   0.79468
       193   0.79278
       194   0.79183
       195   0.79087
       196   0.78897
       197   0.78802
       198   0.78707
       199   0.78517
       200   0.78422
       201   0.78327
       202   0.78137
       203   0.78042
       204   0.77947
       205   0.77757
       206   0.77662
       207   0.77471
       208   0.77376
       209   0.77281
       210   0.77091
       211   0.76996
       212   0.76806
       213   0.76711
       214   0.76521
       215   0.76426
       216   0.76331
       217   0.76141
       218   0.76046
       219   0.75856
       220   0.75760
       221   0.75570
       222   0.75475
       223   0.75285
       224   0.75190
       225   0.75000
       226   0.74905
       227   0.74715
       228   0.74620
       229   0.74430
       230   0.74335
       231   0.74144
       232   0.74049
       233   0.73859
       234   0.73764
       235   0.73574
       236   0.73479
       237   0.73289
       238   0.73194
       239   0.73004
       240   0.72909
       241   0.72719
       242   0.72624
       243   0.72433
       244   0.72243
       245   0.72053
       246   0.71958
       247   0.71768
       248   0.71578
       249   0.71388
       250   0.71198
       251   0.71103
       252   0.70913
       253   0.70722
       254   0.70532
       255   0.70342
       256   0.70247
       257   0.70057
       258   0.69867
       259   0.69677
       260   0.69487
       261   0.69297
       262   0.69202
       263   0.69011
       264   0.68821
       265   0.68631
       266   0.68346
       267   0.67966
       268   0.67681
       269   0.67205
       270   0.66825
       271   0.66350
       272   0.65970
       273   0.65494
       274   0.65114
       275   0.64544
       276   0.63973
       277   0.63593
       278   0.62928
       279   0.62357
       280   0.61692
       281   0.60932
       282   0.60266
       283   0.59506
       284   0.58745
       285   0.58080
       286   0.57319
       287   0.56559
       288   0.55989
       289   0.55323
       290   0.54658
       291   0.54087
       292   0.53517
       293   0.52947
       294   0.52471
       295   0.51901
       296   0.51331
       297   0.50856
       298   0.50380
       299   0.49905
       300   0.50475
       301   0.51331
       302   0.51996
       303   0.52757
       304   0.53612
       305   0.54373
       306   0.55228
       307   0.56179
       308   0.57129
       309   0.57985
       310   0.58935
       311   0.59791
       312   0.60456
       313   0.61122
       314   0.61692
       315   0.62262
       316   0.62833
       317   0.63308
       318   0.63593
       319   0.63973
       320   0.64449
       321   0.64829
       322   0.65209
       323   0.65399
       324   0.65779
       325   0.65970
       326   0.66065
       327   0.66160
       328   0.66160
       329   0.66255
       330   0.66350
       331   0.66445
       332   0.66445
       333   0.66445
       334   0.66540
       335   0.66540
       336   0.66540
       337   0.66540
       338   0.66445
       339   0.66540
       340   0.66445
       341   0.66350
       342   0.66255
       343   0.66065
       344   0.65779
       345   0.65494
       346   0.65019
       347   0.64354
       348   0.63593
       349   0.62833
       350   0.62072
       351   0.61502
       352   0.61027
       353   0.60646
       354   0.60266
       355   0.59886
       356   0.59601
       357   0.59316
       358   0.59125
       359   0.58935
       360   0.58745
       361   0.58650
       362   0.58460
       363   0.58365
       364   0.58080
       365   0.57985
       366   0.57890
       367   0.57795
       368   0.57700
       369   0.57700
       370   0.57510
       371   0.57414
       372   0.57414
       373   0.57319
       374   0.57319
       375   0.57129
       376   0.57129
       377   0.57129
       378   0.57129
       379   0.57034
       380   0.56939
       381   0.56939
       382   0.56939
       383   0.56844
       384   0.56844
       385   0.56844
       386   0.56844
       387   0.56749
       388   0.56749
       389   0.56749
       390   0.56749
       391   0.56749
       392   0.56749
       393   0.56654
       394   0.56749
       395   0.56749
       396   0.56654
       397   0.56749
       398   0.56654
       399   0.56654
       400   0.56749
       401   0.56654
       402   0.56749
       403   0.56654
       404   0.56749
       405   0.56749
       406   0.56749
       407   0.56749
       408   0.56749
       409   0.56844
       410   0.56749
       411   0.56844
       412   0.56844
       413   0.56844
       414   0.56844
       415   0.56939
       416   0.56844
       417   0.56939
       418   0.56939
       419   0.57034
       420   0.56939
       421   0.57034
       422   0.57034
       423   0.57129
       424   0.57129
       425   0.57129
       426   0.57129
       427   0.57129
       428   0.57224
       429   0.57224
       430   0.57224
       431   0.57319
       432   0.57319
       433   0.57414
       434   0.57414
       435   0.57414
       436   0.57510
       437   0.57510
       438   0.57510
       439   0.57605
       440   0.57605
       441   0.57605
       442   0.57605
       443   0.57700
       444   0.57700
       445   0.57700
       446   0.57795
       447   0.57890
       448   0.57890
       449   0.57890
       450   0.57890
       451   0.57890
       452   0.57795
       453   0.57890
       454   0.57795
       455   0.57795
       456   0.57795
       457   0.57700
       458   0.57795
       459   0.57700
       460   0.57605
       461   0.57605
       462   0.57795
       463   0.57700
       464   0.57605
       465   0.57700
       466   0.57605
       467   0.57605
       468   0.57605
       469   0.57510
       470   0.57510
       471   0.57605
       472   0.57510
       473   0.57510
       474   0.57605
       475   0.57510
       476   0.57510
       477   0.57510
       478   0.57510
       479   0.57605
       480   0.57510
       481   0.57510
       482   0.57510
       483   0.57605
       484   0.57510
       485   0.57510
       486   0.57510
       487   0.57605
       488   0.57414
       489   0.57510
       490   0.57510
       491   0.57510
       492   0.57605
       493   0.57510
       494   0.57605
       495   0.57414
       496   0.57510
       497   0.57605
       498   0.57510
       499   0.57510
       500   0.57510
       501   0.57605
       502   0.57510
       503   0.57510
       504   0.57510
       505   0.57510
       506   0.57605
       507   0.57510
       508   0.57510
       509   0.57414
       510   0.57510
       511   0.57510
       512   0.57510
       513   0.57414
       514   0.57510
       515   0.57510
       516   0.57414
       517   0.57414
       518   0.57414
       519   0.57414
       520   0.57414
       521   0.57510
       522   0.57414
       523   0.57319
       524   0.57414
       525   0.57319
       526   0.57319
       527   0.57129
       528   0.57129
       529   0.57224
       530   0.57224
       531   0.57129
       532   0.57034
       533   0.57034
       534   0.57034
       535   0.57034
       536   0.56939
       537   0.56939
       538   0.56844
       539   0.56844
       540   0.56749
       541   0.56654
       542   0.56654
       543   0.56559
       544   0.56464
       545   0.56464
       546   0.56274
       547   0.56274
       548   0.55989
       549   0.56084
       550   0.55894
       551   0.55798
       552   0.55608
       553   0.55513
       554   0.55418
       555   0.55323
       556   0.55133
       557   0.54848
       558   0.54848
       559   0.54563
       560   0.55323
       561   0.55989
       562   0.56654
       563   0.57414
       564   0.58270
       565   0.59221
       566   0.60171
       567   0.61122
       568   0.62167
       569   0.63213
       570   0.63973
       571   0.64829
       572   0.65494
       573   0.66065
       574   0.66540
       575   0.67110
       576   0.67490
       577   0.68061
       578   0.68346
       579   0.68631
       580   0.69011
       581   0.69202
       582   0.69297
       583   0.69392
       584   0.69392
       585   0.69392
       586   0.69582
       587   0.69582
       588   0.69582
       589   0.69582
       590   0.69487
       591   0.69582
       592   0.69582
       593   0.69582
       594   0.69487
       595   0.69582
       596   0.69582
       597   0.69487
       598   0.69487
       599   0.69487
       600   0.69487
       601   0.69392
       602   0.69392
       603   0.69392
       604   0.69297
       605   0.69297
       606   0.69202
       607   0.69297
       608   0.69202
       609   0.69106
       610   0.69106
       611   0.69106
       612   0.69011
       613   0.68916
       614   0.69011
       615   0.68916
       616   0.68821
       617   0.68726
       618   0.68821
       619   0.68726
       620   0.68631
       621   0.68631
       622   0.68536
       623   0.68536
       624   0.68536
       625   0.68441
       626   0.68346
       627   0.68346
       628   0.68346
       629   0.68251
       630   0.68251
       631   0.68156
       632   0.68156
       633   0.68061
       634   0.67966
       635   0.68061
       636   0.67966
       637   0.65970
       638   0.64734
       639   0.63783
       640   0.63118
       641   0.62452
       642   0.61787
       643   0.61407
       644   0.60932
       645   0.60456
       646   0.59981
       647   0.59601
       648   0.59125
       649   0.58840
       650   0.58365
       651   0.58175
       652   0.57795
       653   0.57510
       654   0.57224
       655   0.56939
       656   0.56844
       657   0.56464
       658   0.56179
       659   0.55989
       660   0.55798
       661   0.55513
       662   0.55323
       663   0.55038
       664   0.54943
       665   0.54753
       666   0.54468
       667   0.54278
       668   0.54087
       669   0.53992
       670   0.53802
       671   0.53517
       672   0.53517
       673   0.53327
       674   0.53137
       675   0.53042
       676   0.52947
       677   0.52757
       678   0.52567
       679   0.52376
       680   0.52376
       681   0.52091
       682   0.52091
       683   0.51901
       684   0.51806
       685   0.51616
       686   0.51616
       687   0.51521
       688   0.51521
       689   0.51426
       690   0.51236
       691   0.51236
       692   0.51141
       693   0.51046
       694   0.50951
       695   0.50760
       696   0.50760
       697   0.50665
       698   0.50665
       699   0.50665
       700   0.50570
       701   0.50475
       702   0.50380
       703   0.50285
       704   0.50380
       705   0.50285
       706   0.50190
       707   0.50190
       708   0.50095
       709   0.50095
       710   0.50095
       711   0.50095
       712   0.50000
       713   0.50000
       714   0.49905
       715   0.50000
       716   0.50000
       717   0.49905
       718   0.49905
       719   0.50000
       720   0.50190
       721   0.50285
       722   0.50285
       723   0.50190
       724   0.50285
       725   0.50380
       726   0.50475
       727   0.50475
       728   0.50570
       729   0.50665
       730   0.50760
       731   0.50856
       732   0.50856
       733   0.51046
       734   0.51046
       735   0.51046
       736   0.51141
       737   0.51331
       738   0.51331
       739   0.51426
       740   0.51521
       741   0.51711
       742   0.51806
       743   0.51901
       744   0.51996
       745   0.52091
       746   0.52186
       747   0.52376
       748   0.52471
       749   0.52662
       750   0.52662
       751   0.52757
       752   0.52947
       753   0.53042
       754   0.53232
       755   0.53327
       756   0.53517
       757   0.53612
       758   0.53897
       759   0.53897
       760   0.53992
       761   0.54087
       762   0.54373
       763   0.54468
       764   0.54658
       765   0.54753
       766   0.55038
       767   0.55228
       768   0.55133
       769   0.55418
       770   0.55513
       771   0.55703
       772   0.55989
       773   0.56084
       774   0.56369
       775   0.56559
       776   0.56559
       777   0.56749
       778   0.56939
       779   0.57224
       780   0.57319
       781   0.57605
       782   0.57700
       783   0.57985
       784   0.58080
       785   0.58270
       786   0.58365
       787   0.58650
       788   0.58840
       789   0.59125
       790   0.59221
       791   0.59411
       792   0.59506
       793   0.59696
       794   0.59981
       795   0.60076
       796   0.60361
       797   0.60456
       798   0.60741
       799   0.60741
       800   0.60932
       801   0.61122
       802   0.61312
       803   0.61407
       804   0.61502
       805   0.61502
       806   0.61502
       807   0.61122
       808   0.60741
       809   0.60171
       810   0.59030
       811   0.59125
       812   0.59125
       813   0.59411
       814   0.59506
       815   0.59601
       816   0.59696
       817   0.59791
       818   0.59791
       819   0.59981
       820   0.60171
       821   0.60171
       822   0.60266
       823   0.60361
       824   0.60456
       825   0.60456
       826   0.60551
       827   0.60741
       828   0.60741
       829   0.60741
       830   0.60741
       831   0.60837
       832   0.60837
       833   0.60932
       834   0.60932
       835   0.61027
       836   0.61027
       837   0.61027
       838   0.61027
       839   0.60932
       840   0.60932
       841   0.60932
       842   0.60741
       843   0.60837
       844   0.60741
       845   0.60646
       846   0.60456
       847   0.60266
       848   0.60171
       849   0.59981
       850   0.59601
       851   0.59316
       852   0.58935
       853   0.58555
       854   0.57985
       855   0.57224
       856   0.56559
       857   0.56084
       858   0.55703
       859   0.55133
       860   0.54658
       861   0.54183
       862   0.53612
       863   0.53042
       864   0.52567
       865   0.52091
       866   0.51616
       867   0.51046
       868   0.50570
       869   0.50000
       870   0.49430
       871   0.48859
       872   0.48384
       873   0.47814
       874   0.47243
       875   0.46578
       876   0.46008
       877   0.45342
       878   0.44677
       879   0.44011
       880   0.43346
       881   0.42681
       882   0.41825
       883   0.41160
       884   0.40304
       885   0.39354
       886   0.38308
       887   0.37072
       888   0.35361
       889   0.32414
       890   0.32224
       891   0.32129
       892   0.32034
       893   0.31939
       894   0.31749
       895   0.31654
       896   0.31559
       897   0.31464
       898   0.31369
       899   0.31179
       900   0.31084
       901   0.30989
       902   0.30894
       903   0.30798
       904   0.30703
       905   0.30608
       906   0.30513
       907   0.30418
       908   0.30323
       909   0.30228
       910   0.30038
       911   0.29943
       912   0.29848
       913   0.29753
       914   0.29658
       915   0.29563
       916   0.29563
       917   0.29468
       918   0.29373
       919   0.29278
       920   0.29183
       921   0.29087
       922   0.28992
       923   0.28897
       924   0.28802
       925   0.28707
       926   0.28612
       927   0.28517
       928   0.28517
       929   0.28422
       930   0.28327
       931   0.28232
       932   0.28137
       933   0.28042
       934   0.27947
       935   0.27947
       936   0.27852
       937   0.27757
       938   0.27662
       939   0.27567
       940   0.27567
       941   0.27471
       942   0.27376
       943   0.27281
       944   0.27186
       945   0.27186
       946   0.27091
       947   0.26996
       948   0.26901
       949   0.26901
       950   0.26806
       951   0.26711
       952   0.26616
       953   0.26616
       954   0.26521
       955   0.26426
       956   0.26426
       957   0.26331
       958   0.26236
       959   0.26141
       960   0.26141
       961   0.26046
       962   0.25951
       963   0.25951
       964   0.25856
       965   0.25760
       966   0.25760
       967   0.25665
       968   0.25570
       969   0.25570
       970   0.25475
       971   0.25380
       972   0.25380
       973   0.25285
       974   0.25190
       975   0.25190
       976   0.25095
       977   0.25000
       978   0.25000
       979   0.24905
       980   0.24810
       981   0.24810
       982   0.24715
       983   0.24620
       984   0.24620
       985   0.24525
       986   0.24525
       987   0.24430
       988   0.24335
       989   0.24335
       990   0.24240
       991   0.24144
       992   0.24144
       993   0.24049
       994   0.23954
       995   0.23954
       996   0.23859
       997   0.23764
       998   0.23764
       999   0.23669
      1000   0.23574
      1001   0.23574
      1002   0.23479
      1003   0.23384
      1004   0.23384
      1005   0.23289
      1006   0.23194
      1007   0.23194
      1008   0.23099
      1009   0.23004
      1010   0.23004
      1011   0.22909
      1012   0.22814
      1013   0.22719
      1014   0.22719
      1015   0.22624
      1016   0.22529
      1017   0.22433
      1018   0.22433
      1019   0.22338
      1020   0.22243
      1021   0.22148
      1022   0.22053
      1023   0.22053
      1024   0.21958
      1025   0.21863
      1026   0.21768
      1027   0.21673
      1028   0.21578
      1029   0.21483
      1030   0.21388
      1031   0.21388
      1032   0.21293
      1033   0.21198
      1034   0.21008
      1035   0.20913
      1036   0.20817
      1037   0.20722
      1038   0.20627
      1039   0.20532
      1040   0.20437
      1041   0.20247
      1042   0.20152
      1043   0.20057
      1044   0.19867
      1045   0.19772
      1046   0.19582
      1047   0.19392
      1048   0.19202
      1049   0.19011
      1050   0.18821
      1051   0.18536
      1052   0.18441
