2.2606e-04		1.2009e-09		0.0155		0.3186		0.1877		
0.0132		0.0216		3.6432e-03		0.6531		0.7998		
2.3779e-11		6.4163e-08		1.8569e-05		0.3076		0.3753		
0.0000e+00		6.9465e-06		0.0210		0.2994		0.7949		
0.0000e+00		2.8510e-08		5.7093e-03		0.0774		0.6278		
0.0000e+00		0.0000e+00		0.0000e+00		0.3621		0.5980		
1.8961e-10		6.9426e-04		0.0632		0.5569		0.2599		
0.0000e+00		0.0000e+00		0.0000e+00		0.3142		0.3630		
0.0000e+00		0.0000e+00		0.0000e+00		0.2832		0.5390		
0.0000e+00		0.0000e+00		0.0000e+00		0.6128		0.5014		
0.1961		0.4241		0.5926		0.9283		0.4417		
0.0000e+00		4.5716e-15		3.4145e-14		0.3183		0.0582		
3.4361e-03		4.4311e-03		0.1565		0.4511		0.4908		
7.0603e-04		0.0952		0.0831		0.1897		0.4728		
0.0000e+00		0.0000e+00		5.9153e-11		0.0391		0.2879		
0.0000e+00		1.5336e-04		2.6407e-07		0.1569		0.5203		
6.0315e-07		2.6736e-06		0.0700		0.3949		0.3806		
0.0000e+00		0.0000e+00		0.0000e+00		0.2213		0.0172		
0.0000e+00		3.0302e-09		1.7186e-04		0.0914		0.4604		
0.0000e+00		1.1232e-15		0.0111		0.0496		0.5307		
0.0000e+00		0.0000e+00		3.4646e-11		0.1241		0.5918		
6.6842e-09		1.8593e-11		9.9836e-05		0.6077		0.4188		
0.0000e+00		3.8214e-11		0.0222		0.1144		0.4967		
0.0000e+00		0.0000e+00		2.5488e-05		0.0320		0.8758		
8.9742e-05		0.0588		0.1242		0.5971		0.4449		
0.0000e+00		0.0000e+00		2.7229e-04		0.0792		0.6833		
0.0135		0.0651		0.3206		0.4591		0.3642		
7.2138e-16		0.2317		0.2425		0.3943		0.7402		
0.0000e+00		0.0000e+00		0.0000e+00		0.1805		0.9774		
5.2739e-06		1.9696e-06		0.3460		0.6381		0.7177		
0.1660		0.1696		0.5185		0.5597		0.5739		
0.0000e+00		4.8302e-06		0.0569		0.5052		0.3265		
0.0000e+00		6.7246e-13		2.3520e-04		0.0302		0.9209		
7.3400e-07		4.1172e-07		0.0968		0.4377		0.8578		
4.7315e-12		3.9353e-13		2.4250e-05		0.5477		0.7874		
4.4765e-11		1.1383e-04		0.0443		0.2659		0.6051		
2.0133e-03		0.6097		0.1295		0.4319		0.8446		
4.6064e-15		2.5633e-10		0.3484		0.7888		0.3568		
0.0000e+00		0.0000e+00		6.6793e-09		0.0672		0.3166		
1.7612e-11		3.9501e-10		4.1402e-04		5.6381e-04		0.7921		
0.0000e+00		0.0000e+00		0.0524		0.5052		0.4147		
9.5345e-08		3.5831e-05		1.5866e-03		0.2927		0.5794		
4.9870e-14		8.6665e-06		0.0870		0.7504		0.5538		
0.0000e+00		1.9670e-07		0.9751		0.2543		0.6035		
1.0161e-03		0.1318		0.0403		0.3330		0.6782		
4.1200e-03		0.0485		0.0465		0.7774		0.5241		
4.6377e-10		0.0540		0.5570		0.6147		0.3047		
5.4155e-10		6.0556e-06		5.5253e-04		7.3801e-03		0.5764		
0.1143		0.2660		0.0391		0.4330		0.5115		
3.5058e-14		7.2355e-06		7.3685e-07		0.3076		0.5202		
2.2366e-04		1.5078e-04		0.1100		0.3479		0.6217		
3.5400e-03		4.1865e-03		0.0162		2.4530e-03		0.4736		
2.1417e-10		1.0487e-07		4.1600e-06		0.4654		0.6400		
1.6343e-06		6.6282e-03		0.0259		0.8028		0.3702		
0.0000e+00		9.8488e-15		6.7283e-07		0.1965		0.5940		
0.0000e+00		0.0000e+00		0.0000e+00		0.3618		0.5142		
0.0760		0.0245		0.4307		0.3193		0.5053		
0.2787		0.6301		0.6333		0.8970		0.7028		
1.0034e-09		1.9768e-10		1.9287e-06		0.2335		0.6671		
7.5775e-16		2.7153e-14		4.7476e-03		0.0781		0.3512		
0.0000e+00		0.0000e+00		0.0114		0.6145		0.9385		
0.0000e+00		0.0000e+00		0.0762		0.9897		0.7035		
2.2002e-03		0.0293		0.5037		0.1919		0.3911		
4.6935e-17		6.7039e-18		6.6570e-03		0.5039		0.7423		
0.0000e+00		2.8332e-11		6.4236e-03		0.5735		0.3219		
3.4890e-06		4.8237e-08		0.0945		0.3743		0.5766		
0.0000e+00		0.0000e+00		0.0000e+00		0.5954		0.7524		
0.0000e+00		0.0000e+00		0.0000e+00		0.8373		0.6542		
0.0000e+00		0.0000e+00		5.3166e-16		0.0119		0.2471		
0.0000e+00		8.5763e-08		0.0619		0.1721		0.6816		
3.3216e-08		1.8150e-12		7.6118e-06		0.1989		0.1480		
0.0000e+00		1.7612e-03		1.2521e-03		0.3795		0.4343		
0.0000e+00		0.0000e+00		1.5420e-13		0.3044		0.2228		
0.0000e+00		0.0000e+00		4.0283e-11		0.4117		0.7357		
1.8138e-04		0.3115		0.1924		0.5445		0.7330		
0.0000e+00		0.0861		0.1566		0.3868		0.8291		
1.7911e-03		7.7148e-03		0.0656		0.4893		0.6487		
3.1147e-04		3.6660e-04		0.0253		0.8262		0.5717		
6.5145e-11		0.0152		0.1758		0.4303		0.5392		
0.0000e+00		0.0000e+00		3.3662e-04		0.8528		0.9253		
0.0000e+00		0.0000e+00		1.1075e-08		7.5763e-03		0.3222		
7.2780e-18		0.0000e+00		0.1740		2.9805e-03		0.6010		
0.1885		0.0646		0.2970		0.5431		0.5116		
0.0000e+00		0.0000e+00		7.2158e-07		0.1359		0.2529		
3.2194e-14		0.2980		0.0488		0.4230		0.5953		
0.0000e+00		5.9836e-08		0.1560		0.5320		0.3145		
0.1199		0.5434		0.3051		0.5738		0.4047		
0.0000e+00		0.0594		8.2551e-03		0.4016		0.5481		
0.1028		0.3704		0.6749		0.5728		0.8897		
5.9443e-09		1.1158e-05		2.2292e-04		0.8663		0.3335		
0.0574		0.0577		0.3101		0.4685		0.5213		
0.0489		6.0833e-03		0.0190		0.2731		0.3363		
9.0192e-03		0.0429		0.5655		0.8265		0.6767		
8.1963e-15		1.9960e-04		0.2084		0.8177		0.4565		
1.9891e-08		1.7352e-07		2.3786e-07		0.6923		0.7420		
0.0000e+00		0.0122		6.0142e-06		0.1931		0.1760		
0.0000e+00		2.2527e-12		8.5299e-03		0.1140		0.1057		
0.0000e+00		4.4954e-14		0.0523		0.6343		0.4363		
0.0000e+00		1.3917e-09		1.4621e-07		0.1163		0.4112		
3.4899e-10		0.0328		1.8280e-03		0.0772		0.0157		
1.1843e-12		6.1261e-07		0.4538		0.3339		0.4386		
0.0000e+00		1.1613e-05		9.9085e-04		0.2778		0.4224		
0.0000e+00		0.0000e+00		4.7357e-10		0.2483		0.4672		
2.2410e-11		0.0000e+00		2.7254e-11		0.3993		0.3274		
0.0000e+00		0.0895		2.5706e-04		0.6390		0.6770		
0.0000e+00		2.0569e-13		0.3397		0.1090		0.7199		
0.0000e+00		0.0465		0.0908		0.5031		0.8260		
0.0106		0.1172		0.0846		0.4156		0.5516		
0.0000e+00		3.0053e-03		0.0413		0.0388		0.3323		
1.7537e-03		3.0522e-03		0.2178		0.8375		0.9095		
2.3959e-19		5.0295e-13		1.4180e-04		0.0255		0.5448		
0.0000e+00		0.0000e+00		0.0120		0.5714		0.3692		
6.3757e-07		1.2480e-03		0.7407		0.4006		0.8961		
0.0000e+00		0.0000e+00		1.5895e-03		0.9895		0.2359		
0.0000e+00		1.1037e-11		0.0000e+00		0.2416		0.6225		
0.0000e+00		0.0000e+00		0.0000e+00		0.0334		0.5195		
4.0657e-03		4.5657e-03		0.5704		0.4105		0.6692		
7.5690e-10		4.1667e-07		3.4516e-06		7.5567e-03		0.7204		
0.1210		0.0577		0.2841		0.3874		0.6989		
1.1830e-03		0.0100		0.3881		0.5450		d1l5pa_:A		
6.9017e-06		2.4641e-04		0.0128		0.8926		0.4904		
1.7491e-08		0.0156		0.0311		0.3212		0.6390		
7.1475e-04		0.0586		0.4473		0.5960		0.7992		
0.1684		0.0965		0.1530		0.6101		0.5981		
6.6552e-07		6.1002e-04		0.1779		0.4640		0.6286		
0.0000e+00		0.0000e+00		0.3938		0.6838		0.5880		
0.0000e+00		1.4526e-07		4.1806e-05		0.7817		0.0496		
1.5829e-10		6.5307e-10		6.2532e-03		0.0187		0.2916		
0.0000e+00		d1q7l.1:A		5.4759e-03		0.3403		0.2971		
1.8526e-09		2.0400e-03		0.6040		0.3568		0.3956		
0.0352		0.4952		0.4913		0.7546		0.5417		
1.8422e-04		5.2679e-03		0.0335		0.2748		0.6288		
0.3468		0.5104		0.3203		0.6706		0.7962		
0.0000e+00		0.0000e+00		1.5606e-14		0.4020		0.2202		
0.0450		0.3514		0.1597		0.4843		0.6674		
6.3078e-14		0.1036		6.6034e-03		0.4490		0.1680		
0.0000e+00		3.0242e-06		0.1496		0.1111		0.3872		
1.1142e-17		1.2606e-12		3.5301e-06		0.7235		0.5122		
0.0000e+00		1.7012e-13		3.9467e-14		0.0457		0.6510		
1.5350e-03		0.1590		0.0593		0.5543		0.4492		
5.7123e-11		9.0223e-03		0.0143		0.6102		0.7766		
1.2613e-04		2.5485e-04		0.2525		0.6606		0.5970		
0.0671		0.3856		0.1005		0.6566		0.4386		
1.1787e-08		2.1101e-06		0.0225		0.3955		0.5125		
0.0000e+00		0.0000e+00		1.2324e-12		0.2080		0.2853		
1.1765e-11		1.9098e-03		0.0314		0.1982		0.6161		
0.0000e+00		1.6582e-12		0.0000e+00		0.2507		0.0184		
1.4486e-14		0.0135		0.1724		0.0280		0.6813		
2.0462e-03		1.3940e-03		8.2496e-03		0.5648		0.1421		
3.7053e-07		0.0668		0.0891		0.7241		0.7176		
0.0301		0.2477		0.1617		0.7245		0.5406		
3.0183e-04		0.0535		0.2073		0.7673		0.7022		
0.0000e+00		0.0866		0.7231		0.6724		0.2272		
7.5382e-11		2.8031e-10		2.8373e-05		0.2287		0.3251		
0.0194		0.3423		0.1144		0.5950		0.7054		
0.0978		0.4148		0.2075		0.6050		0.6653		
7.2686e-18		0.0000e+00		0.0000e+00		0.3867		0.9821		
0.0000e+00		3.5516e-05		4.8508e-03		0.0581		0.4485		
5.4216e-07		0.2473		0.0317		0.2812		0.6956		
3.7053e-09		1.0165e-07		1.2147e-03		0.2982		0.3077		
0.0263		0.0649		0.3748		0.4155		0.6436		
4.5999e-03		0.0950		0.2680		0.5190		0.7368		
0.0000e+00		0.0000e+00		1.7300e-10		1.7541e-04		0.1742		
1.8764e-17		0.0180		0.0873		0.4720		0.5804		
0.4317		0.4904		0.5259		0.8168		0.6992		
2.5521e-07		0.2200		0.3674		0.9659		0.9217		
0.0000e+00		1.9268e-03		0.0257		0.2201		0.1922		
1.1451e-17		1.3350e-09		9.6212e-06		4.6157e-03		0.1504		
4.7912e-03		0.0825		0.0893		0.3191		0.5228		
6.8023e-04		0.1544		0.0292		0.6050		0.8209		
4.4107e-04		0.1362		0.1239		0.6175		0.6084		
5.4211e-11		0.0750		8.7719e-05		0.9418		0.1317		
3.4902e-06		3.7494e-05		0.1004		0.1674		0.4520		
0.0166		2.7073e-03		0.0823		0.5625		0.6302		
1.8541e-06		0.6159		0.6018		0.3989		0.6583		
4.4351e-08		1.0206e-06		0.0508		0.8071		0.9393		
6.3641e-06		0.0278		0.0328		0.6681		0.3319		
0.0000e+00		6.8407e-17		0.0000e+00		0.0968		0.4233		
2.2538e-11		2.0799e-06		0.9935		0.1110		0.2994		
1.0347e-07		0.0108		0.0133		0.6295		0.3411		
0.2330		0.1609		0.2981		0.2609		0.9284		
0.0000e+00		1.0411e-11		3.5394e-14		0.2776		0.3301		
0.0118		0.6903		0.6018		0.6291		0.6751		
0.1222		0.2857		0.2518		0.5606		0.8799		
1.3002e-12		9.0525e-13		8.3981e-08		0.1682		0.5500		
0.0000e+00		3.1077e-06		0.4535		0.3802		0.4276		
6.9064e-03		1.1550e-03		0.0901		0.1656		0.7424		
1.4063e-04		6.0080e-09		3.9631e-06		7.8400e-04		0.3132		
9.7357e-03		0.0721		0.2035		0.5113		0.6609		
6.8771e-05		4.9825e-08		0.0112		0.6402		0.9959		
1.0034e-03		0.1510		0.0583		0.4941		0.7404		
9.4519e-05		1.6392e-03		0.0575		0.9526		0.6364		
4.4432e-05		0.0470		0.1767		0.5695		0.3567		
1.9365e-13		5.4635e-06		0.0758		0.3750		0.5894		
0.0000e+00		0.0000e+00		6.1287e-08		0.0277		0.4699		
0.0000e+00		1.7412e-13		1.2337e-13		0.2217		0.3069		
2.9059e-04		0.0819		0.1137		0.1696		0.5006		
5.6582e-08		2.0567e-03		0.1028		0.4927		0.6588		
0.3509		0.3118		0.6783		0.7036		0.8090		
0.2323		0.4161		0.4755		0.6975		0.6770		
4.1789e-09		6.8067e-10		0.0365		0.3361		0.3377		
6.0066e-03		2.4162e-03		0.3630		0.3904		0.6882		
0.0000e+00		0.0000e+00		2.3454e-06		3.8785e-04		0.6193		
0.0000e+00		3.5720e-13		2.1930e-14		0.1061		0.2159		
6.9512e-05		0.1080		0.5574		0.6123		0.5195		
1.5813e-09		2.7042e-05		0.0328		0.0642		0.1680		
6.1569e-04		9.8608e-04		0.1065		0.3827		0.7107		
0.5048		0.1180		0.1382		0.5444		0.8373		
0.0000e+00		0.0000e+00		9.0317e-09		0.8166		d1mtp.1:B		
8.3103e-08		1.4566e-03		0.1436		0.4264		0.3494		
0.3798		0.0767		0.2117		0.2545		0.6920		
0.0148		4.6038e-03		0.1100		0.6211		0.9822		
7.1134e-04		0.3275		0.1449		0.4052		0.8302		
5.9928e-08		0.1882		7.6451e-03		0.1065		0.3591		
3.7114e-09		3.4686e-08		0.0605		0.4686		0.5464		
3.8433e-07		1.3922e-07		0.0713		0.0242		0.6780		
9.1697e-04		0.0245		0.1844		0.4426		0.6997		
0.3513		0.1827		0.3597		0.7372		0.8952		
2.2344e-10		2.6510e-04		4.7152e-03		0.4016		0.5842		
0.0000e+00		7.5874e-08		5.1338e-03		0.7757		0.7609		
3.8624e-10		6.4616e-10		0.0810		0.0844		0.7322		
1.2395e-11		0.2389		5.6999e-05		0.0891		0.4522		
1.9588e-11		4.9462e-04		0.2909		0.4082		0.3337		
3.5496e-03		0.0304		6.1817e-03		0.0855		0.4313		
0.3411		0.5843		0.9651		0.6399		0.5887		
4.3054e-03		5.3915e-03		0.3249		0.8636		0.5559		
2.9163e-03		2.6909e-07		0.0595		0.3528		0.4113		
0.0000e+00		0.0000e+00		1.2771e-06		0.0545		0.6442		
3.1476e-13		4.8517e-04		2.4395e-05		0.5411		0.7981		
0.6949		0.3901		0.6096		0.7252		0.6553		
0.0000e+00		0.0000e+00		1.1321e-12		0.1336		0.2568		
5.7348e-04		0.1995		0.0240		0.6873		0.4928		
0.0000e+00		0.0000e+00		0.0111		0.0549		0.3023		
8.1584e-03		4.3866e-03		0.2398		0.7704		0.5220		
9.8108e-07		2.8437e-09		0.3723		0.7361		0.7920		
8.4225e-03		8.1802e-03		0.2894		0.4867		0.4303		
1.8382e-12		1.5074e-06		0.2097		0.0293		0.4213		
2.1931e-03		3.7878e-03		0.0882		0.4344		0.5880		
1.9082e-07		5.9202e-06		0.0745		0.5122		0.9700		
0.0000e+00		4.5242e-17		1.4686e-09		0.3107		0.5229		
0.0745		0.1785		0.7348		0.3797		0.5368		
0.5988		0.3475		0.6578		0.7255		0.7463		
9.5727e-06		1.9133e-07		0.5108		0.1244		0.0419		
9.7417e-03		0.0263		0.0686		0.5987		0.5944		
1.7192e-06		6.6565e-03		0.0215		0.5853		0.6444		
0.0206		0.2352		0.4436		0.4675		0.7232		
1.4791e-12		5.3182e-13		7.6038e-05		0.1079		0.7434		
9.2640e-03		0.1368		0.2770		0.6057		0.7810		
1.7779e-10		1.7517e-12		0.3351		0.5587		0.8349		
0.1473		0.2280		0.4176		0.5567		0.5988		
2.5251e-04		0.0733		0.0601		0.6751		0.4368		
0.1145		0.1297		0.5717		0.3752		0.4298		
2.5642e-05		0.1742		0.1864		0.5013		0.7218		
2.0169e-07		1.0671e-06		0.0139		0.4678		0.8073		
0.0113		0.0109		0.1370		0.6859		0.8707		
0.0104		1.1744e-03		0.0341		0.5167		0.2405		
0.0000e+00		0.0000e+00		2.2215e-08		0.0827		0.3723		
9.6872e-04		0.0492		0.1810		0.7615		0.8257		
0.0000e+00		1.3047e-06		0.1881		0.2185		0.7503		
0.0000e+00		0.0000e+00		1.0936e-09		0.0214		0.1928		
2.2522e-10		9.3766e-12		2.3064e-07		0.5319		0.4114		
5.7888e-08		0.1733		0.1933		0.2407		0.4151		
3.7932e-13		2.0171e-06		4.7675e-04		1.0131e-03		0.1715		
9.0120e-05		6.3262e-03		0.0223		0.1668		0.7591		
4.4213e-08		2.0423e-05		4.0938e-05		0.8430		0.6872		
0.0000e+00		0.0000e+00		8.2917e-10		0.0218		0.4383		
0.2355		0.2852		0.0804		0.4904		0.4822		
0.1090		0.1718		0.2482		0.6092		0.4215		
8.0711e-04		5.5262e-03		0.0554		0.6239		0.5453		
3.1180e-12		4.9379e-07		0.4325		0.0974		0.4224		
5.2525e-04		0.1617		0.1542		0.6190		0.6791		
0.0000e+00		2.0856e-09		0.0512		0.2542		0.3430		
2.1443e-11		5.0645e-04		0.0314		0.6702		0.7093		
0.0866		0.2427		0.3845		0.5590		0.8952		
8.6226e-03		0.1799		0.1970		0.3685		0.5138		
0.0000e+00		0.0000e+00		4.0121e-09		0.0106		0.9994		
4.3459e-06		9.3928e-03		0.0673		0.2336		0.5619		
1.2607e-09		1.3126e-09		2.8563e-03		0.3369		0.6938		
0.1236		0.1329		0.1791		0.2836		0.4815		
1.0651e-17		3.6666e-15		0.0000e+00		0.8141		0.8353		
0.0000e+00		1.8566e-15		1.5526e-05		0.5606		0.7754		
0.1278		0.0210		0.2472		0.2659		0.9090		
6.7915e-06		6.0382e-06		0.0755		4.8568e-04		0.4605		
0.0210		0.4080		0.6225		0.8188		0.5779		
2.6671e-08		9.3574e-13		0.5056		0.3814		0.3502		
0.5476		0.5072		0.4588		0.4540		0.4491		
0.0153		0.0300		0.0676		0.4776		0.5292		
6.0402e-06		1.7550e-03		0.0896		0.4776		0.4495		
1.0777e-03		0.0322		0.0527		0.8143		0.8387		
0.0949		0.1047		0.4498		0.5973		0.8897		
0.0433		0.0606		0.1281		0.4554		0.4230		
3.3376e-10		4.3965e-10		5.6005e-05		0.0223		0.9495		
4.6295e-04		0.1182		0.0928		0.5809		0.6197		
1.3706e-08		2.5530e-05		0.0799		0.1980		0.4181		
2.2397e-11		0.3351		0.3680		0.2415		0.6515		
0.0000e+00		0.0000e+00		2.5498e-08		0.4356		0.4220		
7.8902e-04		2.7670e-03		0.1104		0.3921		0.7079		
5.8218e-03		0.0411		0.1730		0.3278		0.4675		
0.0000e+00		0.0000e+00		6.2554e-04		d1wht.1:B		0.1699		
0.0312		0.4271		0.0502		0.4443		0.5191		
3.8017e-05		0.0991		0.2548		0.4876		0.8145		
2.4931e-05		7.1589e-03		0.0114		0.3251		0.5239		
1.8532e-06		0.2115		0.3261		0.7545		0.4751		
8.7582e-06		7.7879e-05		0.0153		0.6345		0.6761		
0.0945		0.3194		0.0873		0.6408		0.4580		
0.0000e+00		0.0000e+00		0.0000e+00		0.2972		0.9466		
0.0000e+00		8.3499e-07		5.8131e-15		0.0596		0.0130		
4.3500e-05		0.0156		0.2017		0.2572		0.5479		
0.0000e+00		0.0000e+00		4.5994e-03		0.0459		0.9919		
2.8632e-03		9.3208e-03		0.8007		0.6470		0.5756		
1.7217e-05		0.0136		0.3563		0.3069		0.6123		
2.2343e-05		0.0522		0.2692		0.6312		0.4741		
2.4385e-06		3.7515e-03		0.1111		0.8044		0.6184		
1.1839e-17		3.0115e-16		9.7874e-12		0.1768		0.6697		
8.8549e-11		1.5002e-05		2.6927e-04		0.0813		0.7151		
1.0615e-04		0.4296		0.0688		0.8862		0.6250		
0.0000e+00		1.5033e-03		0.0328		0.7904		0.6276		
0.0000e+00		0.0000e+00		0.0119		0.5665		0.4381		
2.2829e-03		0.0185		0.3168		0.5647		0.6727		
7.9733e-10		9.2955e-05		0.6085		0.6166		0.8237		
5.6308e-03		6.8111e-04		0.2023		0.5022		0.7226		
6.2510e-04		0.0619		0.3260		0.8173		0.4311		
0.0000e+00		0.0000e+00		1.6093e-12		0.0751		0.3805		
9.5695e-03		4.8138e-04		3.5254e-03		0.5611		0.6470		
1.1361e-12		3.9514e-05		0.0618		0.6211		0.5580		
0.0357		0.0120		0.2730		0.7751		0.6295		
0.0000e+00		5.4036e-10		1.2208e-05		0.0121		0.5228		
0.0364		0.0554		0.0229		0.4748		0.6541		
7.3496e-18		9.6276e-07		5.9766e-08		0.1399		0.3923		
7.6769e-03		0.0155		0.1294		0.4042		0.6654		
0.0000e+00		2.8166e-15		4.8578e-03		0.1380		0.8230		
0.0000e+00		2.6046e-13		1.2701e-04		0.8216		0.3089		
3.6158e-03		0.4889		0.6629		0.6103		0.5958		
0.0000e+00		1.4632e-06		0.0200		0.1219		0.7668		
0.0000e+00		0.0000e+00		0.0000e+00		0.1248		0.7743		
8.2183e-07		7.7412e-05		1.4125e-03		0.0732		0.4400		
0.0000e+00		6.7674e-07		0.0136		0.1326		0.9929		
0.0000e+00		0.0000e+00		0.0000e+00		0.1253		0.4834		
5.5288e-10		0.0108		0.3651		0.1293		0.4267		
1.2402e-15		0.0000e+00		1.7942e-10		0.2485		0.4499		
1.3680e-04		6.1482e-04		0.0147		0.3970		0.5293		
9.0362e-18		0.0000e+00		3.2285e-04		0.1094		0.4743		
9.7034e-09		0.0900		0.0781		0.2051		0.7650		
0.1115		0.1845		0.7708		0.5886		0.6157		
0.0205		0.0742		0.0336		0.8314		0.6536		
0.0000e+00		3.8961e-05		7.4542e-04		0.2751		0.6596		
1.7264e-04		7.7982e-03		0.1502		0.5183		0.5531		
6.1627e-04		1.0143e-03		0.1012		0.7258		0.3366		
2.5926e-04		0.3059		0.3854		0.6335		0.5510		
0.0000e+00		6.9756e-07		0.2773		3.0715e-03		0.1395		
0.0124		0.0968		0.2962		0.3782		0.6911		
0.0252		0.0112		0.1325		0.5545		0.6800		
2.4428e-06		0.0407		0.2225		0.1890		0.5046		
1.3831e-06		5.9611e-08		0.0144		0.5359		0.3802		
0.2915		0.1943		0.6247		0.6912		0.5483		
0.0120		0.0895		0.0629		0.4402		0.7475		
1.4762e-15		0.0000e+00		2.4992e-14		0.0230		0.7652		
1.5364e-05		7.7767e-03		0.0142		0.5204		0.4641		
1.9588e-03		2.1082e-03		0.0106		0.0685		0.3319		
6.9216e-04		0.4239		0.7620		0.7071		0.5525		
6.2357e-04		0.0124		0.0360		0.8492		0.5073		
8.6327e-09		8.9934e-06		0.0520		0.4497		0.8348		
1.2550e-04		5.2133e-04		0.1507		0.7825		0.5193		
0.0000e+00		3.5303e-05		2.0046e-03		3.0801e-03		0.6158		
2.4436e-05		0.3018		0.2746		0.4413		0.5373		
0.0000e+00		0.0000e+00		2.6805e-08		0.2929		0.2912		
0.4165		0.3686		0.7557		0.5963		d1pnha_:A		
2.3725e-04		1.5075e-05		0.0462		0.5438		0.6804		
3.2301e-04		0.2779		0.2447		0.6441		0.5519		
2.3417e-08		1.1213e-07		2.4810e-04		5.3666e-04		0.6077		
5.0586e-05		0.2268		0.0533		0.7258		0.9451		
2.9378e-11		2.3170e-06		0.0301		0.5827		0.5719		
4.3289e-07		5.6109e-03		3.0244e-04		0.0896		0.5243		
7.1565e-11		3.0658e-04		0.0436		0.7596		0.4052		
3.2986e-03		0.0467		0.2050		0.4024		0.4273		
0.0000e+00		0.0000e+00		4.6382e-09		0.1173		0.7059		
2.9429e-16		3.0687e-08		0.0390		0.1493		0.9710		
0.1034		3.4432e-03		0.2628		0.2025		0.6898		
1.6731e-03		0.0235		0.1119		0.2209		0.4202		
1.5971e-06		4.3583e-06		0.0640		0.5797		0.6124		
5.8191e-09		4.3281e-09		0.0244		0.0853		0.3265		
0.0000e+00		0.0000e+00		1.5035e-11		0.0821		0.9912		
5.0128e-04		0.0674		0.2197		0.3128		0.5072		
8.8309e-07		0.0224		0.3560		0.6906		0.7262		
0.0000e+00		1.9547e-17		3.3836e-05		0.1698		0.2107		
1.7249e-03		0.0727		0.1151		0.3174		0.7264		
0.1357		0.0999		0.2540		0.5194		0.8334		
0.2064		0.5718		0.5670		0.6997		d1h8d.1:L		
8.3379e-13		4.8482e-03		0.0144		0.1861		0.7486		
0.0000e+00		1.1662e-10		3.9003e-03		0.1064		0.8268		
1.9025e-04		3.9812e-04		7.2797e-03		0.4455		0.5632		
1.7191e-03		9.4658e-03		0.1749		0.3416		0.7404		
0.0573		0.6731		0.6137		0.6849		0.5471		
0.0104		0.0102		0.2447		0.7822		0.2996		
1.4540e-07		1.0934e-04		0.5066		0.3719		0.7838		
7.1032e-08		8.0365e-07		0.1034		0.5000		0.6177		
0.1921		0.1107		0.1262		0.7382		0.6041		
3.8394e-04		6.6541e-03		0.4429		0.2725		0.3923		
2.8896e-08		5.5133e-04		0.1257		0.6193		0.4845		
9.4808e-07		1.2850e-03		0.1001		0.2072		0.6351		
0.2797		8.2847e-03		0.0636		0.4486		0.5593		
3.4647e-03		0.4802		0.2157		0.4933		0.7034		
6.3292e-09		8.4691e-07		0.2796		0.0808		0.6471		
0.0000e+00		0.0000e+00		2.2661e-09		0.4145		0.2961		
5.8851e-09		4.0688e-16		9.5898e-11		0.0614		0.4608		
4.7395e-07		2.2551e-09		4.7541e-04		0.5654		0.2530		
2.8216e-11		3.6820e-05		0.1226		0.5317		0.1888		
9.1873e-04		3.2482e-03		0.4777		0.5398		0.6773		
4.6375e-09		4.7102e-10		0.0322		0.4482		0.3087		
3.3999e-08		0.1206		0.8042		0.6758		0.3663		
2.3659e-15		0.0383		0.0223		0.1696		0.6905		
0.1329		0.0817		0.6180		0.6186		0.8969		
2.6038e-05		3.9672e-03		0.0334		0.3962		0.6053		
4.4807e-04		3.5267e-03		0.3552		0.4249		0.7190		
9.6823e-11		5.2165e-04		0.2018		0.7227		0.8640		
2.7819e-06		0.5731		0.0445		0.5417		0.2851		
1.1845e-07		1.3476e-03		5.3460e-03		0.8486		0.5766		
0.6460		0.4978		0.7284		0.8364		0.6938		
6.9666e-04		0.0433		0.1765		0.6827		0.5750		
9.6447e-10		2.0332e-07		1.8799e-08		0.7981		0.4221		
0.0655		0.4702		0.4720		0.5379		0.9795		
8.9552e-09		1.0943e-03		0.0201		0.5593		0.4367		
8.3088e-11		1.4040e-13		0.5851		0.2381		d1dnu.1:A		
0.0000e+00		0.0000e+00		5.3781e-14		0.0110		0.0422		
0.3528		0.0431		0.2722		0.3368		0.8467		
7.9705e-06		0.0148		0.0104		0.4784		0.4177		
3.5149e-03		3.9161e-04		0.2773		0.5603		0.5158		
0.0000e+00		0.0000e+00		1.4937e-15		1.1907e-03		0.6056		
3.3155e-04		1.7674e-03		0.0207		0.4401		0.2966		
0.0196		0.0536		0.5402		0.5532		0.6588		
0.0254		4.3489e-05		0.1496		0.6752		0.4439		
6.9761e-10		6.9004e-09		0.0760		0.5021		0.6074		
0.0000e+00		0.0000e+00		2.8902e-16		0.3123		0.2745		
0.0199		0.2715		0.1360		d1dr9a2:A		0.8973		
0.0000e+00		1.3619e-13		2.3451e-11		0.0768		0.2751		
9.5630e-09		0.5834		0.3455		0.4135		0.4448		
9.8131e-06		5.9320e-06		3.1806e-04		0.2762		0.4383		
5.3651e-07		2.1142e-05		0.2588		0.1119		0.3716		
7.9417e-10		1.1815e-04		1.1383e-04		0.4743		0.6596		
2.1263e-04		0.3454		0.2999		0.9360		0.6945		
1.4632e-05		0.1632		0.0236		0.6846		0.5506		
1.8167e-09		8.7777e-08		0.0930		0.4110		0.2140		
0.0000e+00		0.0000e+00		1.9156e-05		4.4088e-04		0.7034		
2.3453e-11		0.0453		0.2533		0.3413		0.4020		
3.2746e-05		2.0846e-03		0.4240		0.2181		0.7114		
1.2714e-03		0.0324		0.1659		0.7013		0.9914		
1.3248e-04		0.1357		0.2462		0.5152		0.2752		
0.4222		0.1036		0.1817		0.6854		0.6038		
2.2317e-03		0.3032		0.2784		0.4295		0.5799		
1.7439e-07		3.2985e-07		8.7751e-03		0.2037		0.7231		
0.0000e+00		0.0000e+00		4.1609e-16		0.0139		0.2381		
0.0000e+00		0.0000e+00		0.0000e+00		0.7183		0.5484		
0.6769		0.3993		0.6681		0.6709		0.6795		
0.0000e+00		1.3416e-16		1.1262e-13		0.2544		0.2654		
0.0000e+00		5.6474e-05		7.3979e-09		0.0206		0.9661		
4.6864e-04		2.7837e-04		0.1411		0.4921		0.3393		
0.0104		6.8380e-03		0.2727		0.5316		0.6732		
2.9921e-13		4.1160e-07		0.0169		0.4152		0.4970		
0.0258		6.7415e-03		0.0105		0.9943		0.6317		
1.0550e-03		0.0454		0.0441		0.4347		0.7846		
0.2338		0.3521		0.6945		0.8036		0.6864		
0.5958		0.5268		0.8652		0.7109		d1fu3a_:A		
0.2861		0.7459		0.3229		0.5024		0.4367		
0.0000e+00		4.0357e-03		0.1441		0.0941		0.6665		
3.4091e-03		0.0427		0.1106		0.5475		0.8924		
1.1812e-04		0.0323		0.3020		0.4541		0.6853		
0.1851		5.6001e-03		0.3735		0.4628		0.6403		
3.1335e-06		1.5165e-07		1.4268e-03		0.2955		0.8771		
0.0000e+00		0.0000e+00		3.5183e-09		0.1412		0.1804		
1.6709e-03		0.0614		0.2648		0.4133		0.4363		
1.3230e-05		1.4098e-04		0.3882		0.5642		0.3668		
1.2788e-03		6.5418e-03		0.1852		0.3116		0.5185		
4.6963e-04		2.0897e-03		0.4438		0.6808		0.6388		
6.6709e-03		0.3334		0.6249		0.6557		0.2221		
1.1709e-10		2.4581e-10		0.4791		0.4897		0.2698		
1.8852e-07		0.0381		0.2433		0.1802		0.3307		
0.0000e+00		3.2718e-04		7.9111e-14		0.2409		0.0603		
0.0421		0.0129		0.1463		d1mhm.1:B		0.4760		
7.7785e-06		0.0218		0.0692		0.6386		0.8216		
2.4494e-06		6.0051e-07		0.1521		0.3655		0.1599		
0.0000e+00		3.8314e-16		3.8245e-13		0.3587		0.7611		
3.4031e-06		5.3895e-03		0.1325		0.3498		0.5759		
2.4849e-09		0.3397		0.1028		0.9304		0.4968		
1.4580e-04		0.1000		0.3054		0.5906		0.5628		
4.8942e-04		0.3992		0.2312		0.9147		0.6642		
0.0000e+00		0.0000e+00		1.1635e-14		0.1278		0.3336		
0.4117		0.5806		0.5817		0.7145		d1jmu.1:A		
0.0493		0.4803		0.2700		0.3837		0.4512		
1.0747e-06		0.3282		0.0249		0.6556		0.8367		
