0.00022606 1.2009e-09 0.0155 0.3186 0.1877 
0.0132 0.0216 0.0036432 0.6531 0.7998 
2.3779e-11 6.4163e-08 1.8569e-05 0.3076 0.3753 
0 6.9465e-06 0.021 0.2994 0.7949 
0 0 0 0 0.2346 
0 2.851e-08 0.0057093 0.0774 0.6278 
0 0 0 0.3621 0.598 
1.8961e-10 0.00069426 0.0632 0.5569 0.2599 
0 0 0 0.3142 0.363 
0 0 0 0.2832 0.539 
0 0 0 0.6128 0.5014 
0.1961 0.4241 0.5926 0.9283 0.4417 
0 4.5716e-15 3.4145e-14 0.3183 0.0582 
0.0034361 0.0044311 0.1565 0.4511 0.4908 
0.00070603 0.0952 0.0831 0.1897 0.4728 
0 0 5.9153e-11 0.0391 0.2879 
0 0.00015336 2.6407e-07 0.1569 0.5203 
6.0315e-07 2.6736e-06 0.07 0.3949 0.3806 
0 0 0 0.2213 0.0172 
0 3.0302e-09 0.00017186 0.0914 0.4604 
0 1.1232e-15 0.0111 0.0496 0.5307 
0 0 3.4646e-11 0.1241 0.5918 
6.6842e-09 1.8593e-11 9.9836e-05 0.6077 0.4188 
0 3.8214e-11 0.0222 0.1144 0.4967 
0 0 2.5488e-05 0.032 0.8758 
8.9742e-05 0.0588 0.1242 0.5971 0.4449 
0 0 0.00027229 0.0792 0.6833 
0.0135 0.0651 0.3206 0.4591 0.3642 
7.2138e-16 0.2317 0.2425 0.3943 0.7402 
0 0 0 0.1805 0.9774 
5.2739e-06 1.9696e-06 0.346 0.6381 0.7177 
0.166 0.1696 0.5185 0.5597 0.5739 
0 4.8302e-06 0.0569 0.5052 0.3265 
0 6.7246e-13 0.0002352 0.0302 0.9209 
7.34e-07 4.1172e-07 0.0968 0.4377 0.8578 
4.7315e-12 3.9353e-13 2.425e-05 0.5477 0.7874 
4.4765e-11 0.00011383 0.0443 0.2659 0.6051 
0.0020133 0.6097 0.1295 0.4319 0.8446 
4.6064e-15 2.5633e-10 0.3484 0.7888 0.3568 
0 0 6.6793e-09 0.0672 0.3166 
1.7612e-11 3.9501e-10 0.00041402 0.00056381 0.7921 
0 0 0.0524 0.5052 0.4147 
9.5345e-08 3.5831e-05 0.0015866 0.2927 0.5794 
4.987e-14 8.6665e-06 0.087 0.7504 0.5538 
0 1.967e-07 0.9751 0.2543 0.6035 
0.0010161 0.1318 0.0403 0.333 0.6782 
0.00412 0.0485 0.0465 0.7774 0.5241 
4.6377e-10 0.054 0.557 0.6147 0.3047 
5.4155e-10 6.0556e-06 0.00055253 0.0073801 0.5764 
0.1143 0.266 0.0391 0.433 0.5115 
3.5058e-14 7.2355e-06 7.3685e-07 0.3076 0.5202 
0.00022366 0.00015078 0.11 0.3479 0.6217 
0.00354 0.0041865 0.0162 0.002453 0.4736 
2.1417e-10 1.0487e-07 4.16e-06 0.4654 0.64 
1.6343e-06 0.0066282 0.0259 0.8028 0.3702 
0 9.8488e-15 6.7283e-07 0.1965 0.594 
0 0 0 0.3618 0.5142 
0.076 0.0245 0.4307 0.3193 0.5053 
0.2787 0.6301 0.6333 0.897 0.7028 
1.0034e-09 1.9768e-10 1.9287e-06 0.2335 0.6671 
7.5775e-16 2.7153e-14 0.0047476 0.0781 0.3512 
0 0 0.0114 0.6145 0.9385 
0 0 0.0762 0.9897 0.7035 
0.0022002 0.0293 0.5037 0.1919 0.3911 
4.6935e-17 6.7039e-18 0.006657 0.5039 0.7423 
0 2.8332e-11 0.0064236 0.5735 0.3219 
3.489e-06 4.8237e-08 0.0945 0.3743 0.5766 
0 0 0 0.5954 0.7524 
0 0 0 0.8373 0.6542 
0 0 5.3166e-16 0.0119 0.2471 
0 8.5763e-08 0.0619 0.1721 0.6816 
3.3216e-08 1.815e-12 7.6118e-06 0.1989 0.148 
0 0.0017612 0.0012521 0.3795 0.4343 
0 0 1.542e-13 0.3044 0.2228 
0 0 4.0283e-11 0.4117 0.7357 
0.00018138 0.3115 0.1924 0.5445 0.733 
0 0.0861 0.1566 0.3868 0.8291 
0.0017911 0.0077148 0.0656 0.4893 0.6487 
0.00031147 0.0003666 0.0253 0.8262 0.5717 
6.5145e-11 0.0152 0.1758 0.4303 0.5392 
0 0 0.00033662 0.8528 0.9253 
0 0 1.1075e-08 0.0075763 0.3222 
7.278e-18 0 0.174 0.0029805 0.601 
0.1885 0.0646 0.297 0.5431 0.5116 
0 0 7.2158e-07 0.1359 0.2529 
3.2194e-14 0.298 0.0488 0.423 0.5953 
0 5.9836e-08 0.156 0.532 0.3145 
0.1199 0.5434 0.3051 0.5738 0.4047 
0 0.0594 0.0082551 0.4016 0.5481 
0.1028 0.3704 0.6749 0.5728 0.8897 
5.9443e-09 1.1158e-05 0.00022292 0.8663 0.3335 
0.0574 0.0577 0.3101 0.4685 0.5213 
0.0489 0.0060833 0.019 0.2731 0.3363 
0.0090192 0.0429 0.5655 0.8265 0.6767 
8.1963e-15 0.0001996 0.2084 0.8177 0.4565 
1.9891e-08 1.7352e-07 2.3786e-07 0.6923 0.742 
0 0.0122 6.0142e-06 0.1931 0.176 
0 2.2527e-12 0.0085299 0.114 0.1057 
0 4.4954e-14 0.0523 0.6343 0.4363 
0 1.3917e-09 1.4621e-07 0.1163 0.4112 
3.4899e-10 0.0328 0.001828 0.0772 0.0157 
1.1843e-12 6.1261e-07 0.4538 0.3339 0.4386 
0 1.1613e-05 0.00099085 0.2778 0.4224 
0 0 4.7357e-10 0.2483 0.4672 
2.241e-11 0 2.7254e-11 0.3993 0.3274 
0 0.0895 0.00025706 0.639 0.677 
0 2.0569e-13 0.3397 0.109 0.7199 
0 0.0465 0.0908 0.5031 0.826 
0.0106 0.1172 0.0846 0.4156 0.5516 
0 0.0030053 0.0413 0.0388 0.3323 
0.0017537 0.0030522 0.2178 0.8375 0.9095 
2.3959e-19 5.0295e-13 0.0001418 0.0255 0.5448 
0 0 0.012 0.5714 0.3692 
6.3757e-07 0.001248 0.7407 0.4006 0.8961 
0 0 0.0015895 0.9895 0.2359 
0 1.1037e-11 0 0.2416 0.6225 
0 0 0 0.0334 0.5195 
0.0040657 0.0045657 0.5704 0.4105 0.6692 
7.569e-10 4.1667e-07 3.4516e-06 0.0075567 0.7204 
0.121 0.0577 0.2841 0.3874 0.6989 
0.001183 0.01 0.3881 0.545 0 
6.9017e-06 0.00024641 0.0128 0.8926 0.4904 
1.7491e-08 0.0156 0.0311 0.3212 0.639 
0.00071475 0.0586 0.4473 0.596 0.7992 
0.1684 0.0965 0.153 0.6101 0.5981 
6.6552e-07 0.00061002 0.1779 0.464 0.6286 
0 0 0.3938 0.6838 0.588 
0 1.4526e-07 4.1806e-05 0.7817 0.0496 
1.5829e-10 6.5307e-10 0.0062532 0.0187 0.2916 
0 0 0.0054759 0.3403 0.2971 
1.8526e-09 0.00204 0.604 0.3568 0.3956 
0.0352 0.4952 0.4913 0.7546 0.5417 
0.00018422 0.0052679 0.0335 0.2748 0.6288 
0.3468 0.5104 0.3203 0.6706 0.7962 
0 0 1.5606e-14 0.402 0.2202 
0.045 0.3514 0.1597 0.4843 0.6674 
6.3078e-14 0.1036 0.0066034 0.449 0.168 
0 3.0242e-06 0.1496 0.1111 0.3872 
1.1142e-17 1.2606e-12 3.5301e-06 0.7235 0.5122 
0 1.7012e-13 3.9467e-14 0.0457 0.651 
0.001535 0.159 0.0593 0.5543 0.4492 
5.7123e-11 0.0090223 0.0143 0.6102 0.7766 
0.00012613 0.00025485 0.2525 0.6606 0.597 
0.0671 0.3856 0.1005 0.6566 0.4386 
1.1787e-08 2.1101e-06 0.0225 0.3955 0.5125 
0 0 1.2324e-12 0.208 0.2853 
1.1765e-11 0.0019098 0.0314 0.1982 0.6161 
0 1.6582e-12 0 0.2507 0.0184 
1.4486e-14 0.0135 0.1724 0.028 0.6813 
0.0020462 0.001394 0.0082496 0.5648 0.1421 
3.7053e-07 0.0668 0.0891 0.7241 0.7176 
0.0301 0.2477 0.1617 0.7245 0.5406 
0.00030183 0.0535 0.2073 0.7673 0.7022 
0 0.0866 0.7231 0.6724 0.2272 
7.5382e-11 2.8031e-10 2.8373e-05 0.2287 0.3251 
0.0194 0.3423 0.1144 0.595 0.7054 
0.0978 0.4148 0.2075 0.605 0.6653 
7.2686e-18 0 0 0.3867 0.9821 
0 3.5516e-05 0.0048508 0.0581 0.4485 
5.4216e-07 0.2473 0.0317 0.2812 0.6956 
3.7053e-09 1.0165e-07 0.0012147 0.2982 0.3077 
0.0263 0.0649 0.3748 0.4155 0.6436 
0.0045999 0.095 0.268 0.519 0.7368 
0 0 1.73e-10 0.00017541 0.1742 
1.8764e-17 0.018 0.0873 0.472 0.5804 
0.4317 0.4904 0.5259 0.8168 0.6992 
2.5521e-07 0.22 0.3674 0.9659 0.9217 
0 0.0019268 0.0257 0.2201 0.1922 
1.1451e-17 1.335e-09 9.6212e-06 0.0046157 0.1504 
0.0047912 0.0825 0.0893 0.3191 0.5228 
0.00068023 0.1544 0.0292 0.605 0.8209 
0.00044107 0.1362 0.1239 0.6175 0.6084 
5.4211e-11 0.075 8.7719e-05 0.9418 0.1317 
3.4902e-06 3.7494e-05 0.1004 0.1674 0.452 
0.0166 0.0027073 0.0823 0.5625 0.6302 
1.8541e-06 0.6159 0.6018 0.3989 0.6583 
4.4351e-08 1.0206e-06 0.0508 0.8071 0.9393 
6.3641e-06 0.0278 0.0328 0.6681 0.3319 
0 6.8407e-17 0 0.0968 0.4233 
2.2538e-11 2.0799e-06 0.9935 0.111 0.2994 
1.0347e-07 0.0108 0.0133 0.6295 0.3411 
0.233 0.1609 0.2981 0.2609 0.9284 
0 1.0411e-11 3.5394e-14 0.2776 0.3301 
0.0118 0.6903 0.6018 0.6291 0.6751 
0.1222 0.2857 0.2518 0.5606 0.8799 
1.3002e-12 9.0525e-13 8.3981e-08 0.1682 0.55 
0 3.1077e-06 0.4535 0.3802 0.4276 
0.0069064 0.001155 0.0901 0.1656 0.7424 
0.00014063 6.008e-09 3.9631e-06 0.000784 0.3132 
0.0097357 0.0721 0.2035 0.5113 0.6609 
6.8771e-05 4.9825e-08 0.0112 0.6402 0.9959 
0.0010034 0.151 0.0583 0.4941 0.7404 
9.4519e-05 0.0016392 0.0575 0.9526 0.6364 
4.4432e-05 0.047 0.1767 0.5695 0.3567 
1.9365e-13 5.4635e-06 0.0758 0.375 0.5894 
0 0 6.1287e-08 0.0277 0.4699 
0 1.7412e-13 1.2337e-13 0.2217 0.3069 
0.00029059 0.0819 0.1137 0.1696 0.5006 
5.6582e-08 0.0020567 0.1028 0.4927 0.6588 
0.3509 0.3118 0.6783 0.7036 0.809 
0.2323 0.4161 0.4755 0.6975 0.677 
4.1789e-09 6.8067e-10 0.0365 0.3361 0.3377 
0.0060066 0.0024162 0.363 0.3904 0.6882 
0 0 2.3454e-06 0.00038785 0.6193 
0 3.572e-13 2.193e-14 0.1061 0.2159 
6.9512e-05 0.108 0.5574 0.6123 0.5195 
1.5813e-09 2.7042e-05 0.0328 0.0642 0.168 
0.00061569 0.00098608 0.1065 0.3827 0.7107 
0.5048 0.118 0.1382 0.5444 0.8373 
0 0 9.0317e-09 0.8166 0 
8.3103e-08 0.0014566 0.1436 0.4264 0.3494 
0.3798 0.0767 0.2117 0.2545 0.692 
0.0148 0.0046038 0.11 0.6211 0.9822 
0.00071134 0.3275 0.1449 0.4052 0.8302 
5.9928e-08 0.1882 0.0076451 0.1065 0.3591 
3.7114e-09 3.4686e-08 0.0605 0.4686 0.5464 
3.8433e-07 1.3922e-07 0.0713 0.0242 0.678 
0.00091697 0.0245 0.1844 0.4426 0.6997 
0.3513 0.1827 0.3597 0.7372 0.8952 
2.2344e-10 0.0002651 0.0047152 0.4016 0.5842 
0 7.5874e-08 0.0051338 0.7757 0.7609 
3.8624e-10 6.4616e-10 0.081 0.0844 0.7322 
1.2395e-11 0.2389 5.6999e-05 0.0891 0.4522 
1.9588e-11 0.00049462 0.2909 0.4082 0.3337 
0.0035496 0.0304 0.0061817 0.0855 0.4313 
0.3411 0.5843 0.9651 0.6399 0.5887 
0.0043054 0.0053915 0.3249 0.8636 0.5559 
0.0029163 2.6909e-07 0.0595 0.3528 0.4113 
0 0 1.2771e-06 0.0545 0.6442 
3.1476e-13 0.00048517 2.4395e-05 0.5411 0.7981 
0.6949 0.3901 0.6096 0.7252 0.6553 
0 0 1.1321e-12 0.1336 0.2568 
0.00057348 0.1995 0.024 0.6873 0.4928 
0 0 0.0111 0.0549 0.3023 
0.0081584 0.0043866 0.2398 0.7704 0.522 
9.8108e-07 2.8437e-09 0.3723 0.7361 0.792 
0.0084225 0.0081802 0.2894 0.4867 0.4303 
1.8382e-12 1.5074e-06 0.2097 0.0293 0.4213 
0.0021931 0.0037878 0.0882 0.4344 0.588 
1.9082e-07 5.9202e-06 0.0745 0.5122 0.97 
0 4.5242e-17 1.4686e-09 0.3107 0.5229 
0.0745 0.1785 0.7348 0.3797 0.5368 
0.5988 0.3475 0.6578 0.7255 0.7463 
9.5727e-06 1.9133e-07 0.5108 0.1244 0.0419 
0.0097417 0.0263 0.0686 0.5987 0.5944 
1.7192e-06 0.0066565 0.0215 0.5853 0.6444 
0.0206 0.2352 0.4436 0.4675 0.7232 
1.4791e-12 5.3182e-13 7.6038e-05 0.1079 0.7434 
0.009264 0.1368 0.277 0.6057 0.781 
1.7779e-10 1.7517e-12 0.3351 0.5587 0.8349 
0.1473 0.228 0.4176 0.5567 0.5988 
0.00025251 0.0733 0.0601 0.6751 0.4368 
0.1145 0.1297 0.5717 0.3752 0.4298 
2.5642e-05 0.1742 0.1864 0.5013 0.7218 
2.0169e-07 1.0671e-06 0.0139 0.4678 0.8073 
0.0113 0.0109 0.137 0.6859 0.8707 
0.0104 0.0011744 0.0341 0.5167 0.2405 
0 0 2.2215e-08 0.0827 0.3723 
0.00096872 0.0492 0.181 0.7615 0.8257 
0 1.3047e-06 0.1881 0.2185 0.7503 
0 0 1.0936e-09 0.0214 0.1928 
2.2522e-10 9.3766e-12 2.3064e-07 0.5319 0.4114 
5.7888e-08 0.1733 0.1933 0.2407 0.4151 
3.7932e-13 2.0171e-06 0.00047675 0.0010131 0.1715 
9.012e-05 0.0063262 0.0223 0.1668 0.7591 
4.4213e-08 2.0423e-05 4.0938e-05 0.843 0.6872 
0 0 8.2917e-10 0.0218 0.4383 
0.2355 0.2852 0.0804 0.4904 0.4822 
0.109 0.1718 0.2482 0.6092 0.4215 
0.00080711 0.0055262 0.0554 0.6239 0.5453 
3.118e-12 4.9379e-07 0.4325 0.0974 0.4224 
0.00052525 0.1617 0.1542 0.619 0.6791 
0 2.0856e-09 0.0512 0.2542 0.343 
2.1443e-11 0.00050645 0.0314 0.6702 0.7093 
0.0866 0.2427 0.3845 0.559 0.8952 
0.0086226 0.1799 0.197 0.3685 0.5138 
0 0 4.0121e-09 0.0106 0.9994 
4.3459e-06 0.0093928 0.0673 0.2336 0.5619 
1.2607e-09 1.3126e-09 0.0028563 0.3369 0.6938 
0.1236 0.1329 0.1791 0.2836 0.4815 
1.0651e-17 3.6666e-15 0 0.8141 0.8353 
0 1.8566e-15 1.5526e-05 0.5606 0.7754 
0.1278 0.021 0.2472 0.2659 0.909 
6.7915e-06 6.0382e-06 0.0755 0.00048568 0.4605 
0.021 0.408 0.6225 0.8188 0.5779 
2.6671e-08 9.3574e-13 0.5056 0.3814 0.3502 
0.5476 0.5072 0.4588 0.454 0.4491 
0.0153 0.03 0.0676 0.4776 0.5292 
6.0402e-06 0.001755 0.0896 0.4776 0.4495 
0.0010777 0.0322 0.0527 0.8143 0.8387 
0.0949 0.1047 0.4498 0.5973 0.8897 
0.0433 0.0606 0.1281 0.4554 0.423 
3.3376e-10 4.3965e-10 5.6005e-05 0.0223 0.9495 
0.00046295 0.1182 0.0928 0.5809 0.6197 
1.3706e-08 2.553e-05 0.0799 0.198 0.4181 
2.2397e-11 0.3351 0.368 0.2415 0.6515 
0 0 2.5498e-08 0.4356 0.422 
0.00078902 0.002767 0.1104 0.3921 0.7079 
0.0058218 0.0411 0.173 0.3278 0.4675 
0 0 0.00062554 0 0.1699 
0.0312 0.4271 0.0502 0.4443 0.5191 
3.8017e-05 0.0991 0.2548 0.4876 0.8145 
2.4931e-05 0.0071589 0.0114 0.3251 0.5239 
1.8532e-06 0.2115 0.3261 0.7545 0.4751 
8.7582e-06 7.7879e-05 0.0153 0.6345 0.6761 
0.0945 0.3194 0.0873 0.6408 0.458 
0 0 0 0.2972 0.9466 
0 8.3499e-07 5.8131e-15 0.0596 0.013 
4.35e-05 0.0156 0.2017 0.2572 0.5479 
0 0 0.0045994 0.0459 0.9919 
0.0028632 0.0093208 0.8007 0.647 0.5756 
1.7217e-05 0.0136 0.3563 0.3069 0.6123 
2.2343e-05 0.0522 0.2692 0.6312 0.4741 
2.4385e-06 0.0037515 0.1111 0.8044 0.6184 
1.1839e-17 3.0115e-16 9.7874e-12 0.1768 0.6697 
8.8549e-11 1.5002e-05 0.00026927 0.0813 0.7151 
0.00010615 0.4296 0.0688 0.8862 0.625 
0 0.0015033 0.0328 0.7904 0.6276 
0 0 0.0119 0.5665 0.4381 
0.0022829 0.0185 0.3168 0.5647 0.6727 
7.9733e-10 9.2955e-05 0.6085 0.6166 0.8237 
0.0056308 0.00068111 0.2023 0.5022 0.7226 
0.0006251 0.0619 0.326 0.8173 0.4311 
0 0 1.6093e-12 0.0751 0.3805 
0.0095695 0.00048138 0.0035254 0.5611 0.647 
1.1361e-12 3.9514e-05 0.0618 0.6211 0.558 
0.0357 0.012 0.273 0.7751 0.6295 
0 5.4036e-10 1.2208e-05 0.0121 0.5228 
0.0364 0.0554 0.0229 0.4748 0.6541 
7.3496e-18 9.6276e-07 5.9766e-08 0.1399 0.3923 
0.0076769 0.0155 0.1294 0.4042 0.6654 
0 2.8166e-15 0.0048578 0.138 0.823 
0 2.6046e-13 0.00012701 0.8216 0.3089 
0.0036158 0.4889 0.6629 0.6103 0.5958 
0 1.4632e-06 0.02 0.1219 0.7668 
0 0 0 0.1248 0.7743 
8.2183e-07 7.7412e-05 0.0014125 0.0732 0.44 
0 6.7674e-07 0.0136 0.1326 0.9929 
0 0 0 0.1253 0.4834 
5.5288e-10 0.0108 0.3651 0.1293 0.4267 
1.2402e-15 0 1.7942e-10 0.2485 0.4499 
0.0001368 0.00061482 0.0147 0.397 0.5293 
9.0362e-18 0 0.00032285 0.1094 0.4743 
9.7034e-09 0.09 0.0781 0.2051 0.765 
0.1115 0.1845 0.7708 0.5886 0.6157 
0.0205 0.0742 0.0336 0.8314 0.6536 
0 3.8961e-05 0.00074542 0.2751 0.6596 
0.00017264 0.0077982 0.1502 0.5183 0.5531 
0.00061627 0.0010143 0.1012 0.7258 0.3366 
0.00025926 0.3059 0.3854 0.6335 0.551 
0 6.9756e-07 0.2773 0.0030715 0.1395 
0.0124 0.0968 0.2962 0.3782 0.6911 
0.0252 0.0112 0.1325 0.5545 0.68 
2.4428e-06 0.0407 0.2225 0.189 0.5046 
1.3831e-06 5.9611e-08 0.0144 0.5359 0.3802 
0.2915 0.1943 0.6247 0.6912 0.5483 
0.012 0.0895 0.0629 0.4402 0.7475 
1.4762e-15 0 2.4992e-14 0.023 0.7652 
1.5364e-05 0.0077767 0.0142 0.5204 0.4641 
0.0019588 0.0021082 0.0106 0.0685 0.3319 
0.00069216 0.4239 0.762 0.7071 0.5525 
0.00062357 0.0124 0.036 0.8492 0.5073 
8.6327e-09 8.9934e-06 0.052 0.4497 0.8348 
0.0001255 0.00052133 0.1507 0.7825 0.5193 
0 3.5303e-05 0.0020046 0.0030801 0.6158 
2.4436e-05 0.3018 0.2746 0.4413 0.5373 
0 0 2.6805e-08 0.2929 0.2912 
0.4165 0.3686 0.7557 0.5963 0 
0.00023725 1.5075e-05 0.0462 0.5438 0.6804 
0.00032301 0.2779 0.2447 0.6441 0.5519 
2.3417e-08 1.1213e-07 0.0002481 0.00053666 0.6077 
5.0586e-05 0.2268 0.0533 0.7258 0.9451 
2.9378e-11 2.317e-06 0.0301 0.5827 0.5719 
4.3289e-07 0.0056109 0.00030244 0.0896 0.5243 
7.1565e-11 0.00030658 0.0436 0.7596 0.4052 
0.0032986 0.0467 0.205 0.4024 0.4273 
0 0 4.6382e-09 0.1173 0.7059 
2.9429e-16 3.0687e-08 0.039 0.1493 0.971 
0.1034 0.0034432 0.2628 0.2025 0.6898 
0.0016731 0.0235 0.1119 0.2209 0.4202 
1.5971e-06 4.3583e-06 0.064 0.5797 0.6124 
5.8191e-09 4.3281e-09 0.0244 0.0853 0.3265 
0 0 1.5035e-11 0.0821 0.9912 
0.00050128 0.0674 0.2197 0.3128 0.5072 
8.8309e-07 0.0224 0.356 0.6906 0.7262 
0 1.9547e-17 3.3836e-05 0.1698 0.2107 
0.0017249 0.0727 0.1151 0.3174 0.7264 
0.1357 0.0999 0.254 0.5194 0.8334 
0.2064 0.5718 0.567 0.6997 0 
8.3379e-13 0.0048482 0.0144 0.1861 0.7486 
0 1.1662e-10 0.0039003 0.1064 0.8268 
0.00019025 0.00039812 0.0072797 0.4455 0.5632 
0.0017191 0.0094658 0.1749 0.3416 0.7404 
0.0573 0.6731 0.6137 0.6849 0.5471 
0.0104 0.0102 0.2447 0.7822 0.2996 
1.454e-07 0.00010934 0.5066 0.3719 0.7838 
7.1032e-08 8.0365e-07 0.1034 0.5 0.6177 
0.1921 0.1107 0.1262 0.7382 0.6041 
0.00038394 0.0066541 0.4429 0.2725 0.3923 
2.8896e-08 0.00055133 0.1257 0.6193 0.4845 
9.4808e-07 0.001285 0.1001 0.2072 0.6351 
0.2797 0.0082847 0.0636 0.4486 0.5593 
0.0034647 0.4802 0.2157 0.4933 0.7034 
6.3292e-09 8.4691e-07 0.2796 0.0808 0.6471 
0 0 2.2661e-09 0.4145 0.2961 
5.8851e-09 4.0688e-16 9.5898e-11 0.0614 0.4608 
4.7395e-07 2.2551e-09 0.00047541 0.5654 0.253 
2.8216e-11 3.682e-05 0.1226 0.5317 0.1888 
0.00091873 0.0032482 0.4777 0.5398 0.6773 
4.6375e-09 4.7102e-10 0.0322 0.4482 0.3087 
3.3999e-08 0.1206 0.8042 0.6758 0.3663 
2.3659e-15 0.0383 0.0223 0.1696 0.6905 
0.1329 0.0817 0.618 0.6186 0.8969 
2.6038e-05 0.0039672 0.0334 0.3962 0.6053 
0.00044807 0.0035267 0.3552 0.4249 0.719 
9.6823e-11 0.00052165 0.2018 0.7227 0.864 
2.7819e-06 0.5731 0.0445 0.5417 0.2851 
1.1845e-07 0.0013476 0.005346 0.8486 0.5766 
0.646 0.4978 0.7284 0.8364 0.6938 
0.00069666 0.0433 0.1765 0.6827 0.575 
9.6447e-10 2.0332e-07 1.8799e-08 0.7981 0.4221 
0.0655 0.4702 0.472 0.5379 0.9795 
8.9552e-09 0.0010943 0.0201 0.5593 0.4367 
8.3088e-11 1.404e-13 0.5851 0.2381 0 
0 0 5.3781e-14 0.011 0.0422 
0.3528 0.0431 0.2722 0.3368 0.8467 
7.9705e-06 0.0148 0.0104 0.4784 0.4177 
0.0035149 0.00039161 0.2773 0.5603 0.5158 
0 0 1.4937e-15 0.0011907 0.6056 
0.00033155 0.0017674 0.0207 0.4401 0.2966 
0.0196 0.0536 0.5402 0.5532 0.6588 
0.0254 4.3489e-05 0.1496 0.6752 0.4439 
6.9761e-10 6.9004e-09 0.076 0.5021 0.6074 
0 0 2.8902e-16 0.3123 0.2745 
0.0199 0.2715 0.136 0 0.8973 
0 1.3619e-13 2.3451e-11 0.0768 0.2751 
9.563e-09 0.5834 0.3455 0.4135 0.4448 
9.8131e-06 5.932e-06 0.00031806 0.2762 0.4383 
5.3651e-07 2.1142e-05 0.2588 0.1119 0.3716 
7.9417e-10 0.00011815 0.00011383 0.4743 0.6596 
0.00021263 0.3454 0.2999 0.936 0.6945 
1.4632e-05 0.1632 0.0236 0.6846 0.5506 
1.8167e-09 8.7777e-08 0.093 0.411 0.214 
0 0 1.9156e-05 0.00044088 0.7034 
2.3453e-11 0.0453 0.2533 0.3413 0.402 
3.2746e-05 0.0020846 0.424 0.2181 0.7114 
0.0012714 0.0324 0.1659 0.7013 0.9914 
0.00013248 0.1357 0.2462 0.5152 0.2752 
0.4222 0.1036 0.1817 0.6854 0.6038 
0.0022317 0.3032 0.2784 0.4295 0.5799 
1.7439e-07 3.2985e-07 0.0087751 0.2037 0.7231 
0 0 4.1609e-16 0.0139 0.2381 
0 0 0 0.7183 0.5484 
0.6769 0.3993 0.6681 0.6709 0.6795 
0 1.3416e-16 1.1262e-13 0.2544 0.2654 
0 5.6474e-05 7.3979e-09 0.0206 0.9661 
0.00046864 0.00027837 0.1411 0.4921 0.3393 
0.0104 0.006838 0.2727 0.5316 0.6732 
2.9921e-13 4.116e-07 0.0169 0.4152 0.497 
0.0258 0.0067415 0.0105 0.9943 0.6317 
0.001055 0.0454 0.0441 0.4347 0.7846 
0.2338 0.3521 0.6945 0.8036 0.6864 
0.5958 0.5268 0.8652 0.7109 0 
0.2861 0.7459 0.3229 0.5024 0.4367 
0 0.0040357 0.1441 0.0941 0.6665 
0.0034091 0.0427 0.1106 0.5475 0.8924 
0.00011812 0.0323 0.302 0.4541 0.6853 
0.1851 0.0056001 0.3735 0.4628 0.6403 
3.1335e-06 1.5165e-07 0.0014268 0.2955 0.8771 
0 0 3.5183e-09 0.1412 0.1804 
0.0016709 0.0614 0.2648 0.4133 0.4363 
1.323e-05 0.00014098 0.3882 0.5642 0.3668 
0.0012788 0.0065418 0.1852 0.3116 0.5185 
0.00046963 0.0020897 0.4438 0.6808 0.6388 
0.0066709 0.3334 0.6249 0.6557 0.2221 
1.1709e-10 2.4581e-10 0.4791 0.4897 0.2698 
1.8852e-07 0.0381 0.2433 0.1802 0.3307 
0 0.00032718 7.9111e-14 0.2409 0.0603 
0.0421 0.0129 0.1463 0 0.476 
7.7785e-06 0.0218 0.0692 0.6386 0.8216 
2.4494e-06 6.0051e-07 0.1521 0.3655 0.1599 
0 3.8314e-16 3.8245e-13 0.3587 0.7611 
3.4031e-06 0.0053895 0.1325 0.3498 0.5759 
2.4849e-09 0.3397 0.1028 0.9304 0.4968 
0.0001458 0.1 0.3054 0.5906 0.5628 
0.00048942 0.3992 0.2312 0.9147 0.6642 
0 0 1.1635e-14 0.1278 0.3336 
0.4117 0.5806 0.5817 0.7145 0 
0.0493 0.4803 0.27 0.3837 0.4512 
1.0747e-06 0.3282 0.0249 0.6556 0.8367 
