         1   0.93194
         2   0.93343
         3   0.93493
         4   0.93717
         5   0.93867
         6   0.94091
         7   0.94241
         8   0.94390
         9   0.94615
        10   0.94764
        11   0.94914
        12   0.95138
        13   0.95288
        14   0.95438
        15   0.95587
        16   0.95737
        17   0.95886
        18   0.96111
        19   0.96260
        20   0.96410
        21   0.96559
        22   0.96709
        23   0.96859
        24   0.97008
        25   0.97158
        26   0.97307
        27   0.97532
        28   0.97681
        29   0.97831
        30   0.97906
        31   0.98055
        32   0.98205
        33   0.98429
        34   0.98579
        35   0.98654
        36   0.98803
        37   0.98953
        38   0.99102
        39   0.99252
        40   0.99402
        41   0.99551
        42   0.99701
        43   0.99850
        44   0.99925
        45   0.99925
        46   0.99925
        47   0.99925
        48   0.99925
        49   0.99925
        50   0.99925
        51   0.99925
        52   0.99925
        53   0.99925
        54   0.99925
        55   0.99925
        56   0.99925
        57   0.99925
        58   0.99925
        59   0.99925
        60   0.99925
        61   0.99925
        62   0.99925
        63   0.99925
        64   0.99925
        65   0.99925
        66   0.99925
        67   0.99925
        68   0.99925
        69   0.99925
        70   0.99925
        71   0.99925
        72   0.99925
        73   0.99925
        74   0.99925
        75   0.99925
        76   0.99925
        77   0.99925
        78   0.99925
        79   0.99925
        80   0.99925
        81   0.99925
        82   0.99925
        83   0.99925
        84   0.99925
        85   0.99925
        86   0.99925
        87   0.99925
        88   0.99925
        89   0.99925
        90   0.99925
        91   0.99925
        92   0.99925
        93   0.99925
        94   0.99925
        95   0.99925
        96   0.99925
        97   0.99925
        98   0.99925
        99   0.99925
       100   0.99925
       101   0.99925
       102   0.99925
       103   0.99925
       104   0.99925
       105   0.99925
       106   0.99925
       107   0.99925
       108   0.99925
       109   0.99925
       110   0.99925
       111   0.99925
       112   0.99925
       113   0.99925
       114   0.99925
       115   0.99925
       116   0.99925
       117   0.99925
       118   0.99925
       119   0.99925
       120   0.99925
       121   0.99925
       122   0.99925
       123   0.99925
       124   0.99925
       125   0.99925
       126   0.99925
       127   0.99925
       128   0.99925
       129   0.99925
       130   0.99925
       131   0.99925
       132   0.99925
       133   0.99925
       134   0.99925
       135   0.99925
       136   0.99925
       137   0.99925
       138   0.99925
       139   0.99925
       140   0.99925
       141   0.99925
       142   0.99925
       143   0.99925
       144   0.99925
       145   0.99925
       146   0.99925
       147   0.99925
       148   0.99925
       149   0.99925
       150   0.99925
       151   0.99925
       152   0.99925
       153   0.99925
       154   0.99925
       155   0.99925
       156   0.99925
       157   0.99925
       158   0.99925
       159   0.99925
       160   0.99925
       161   0.99925
       162   0.99925
       163   0.99925
       164   0.99925
       165   0.99925
       166   0.99925
       167   0.99925
       168   0.99925
       169   0.99925
       170   0.99925
       171   0.99925
       172   0.99925
       173   0.99925
       174   0.99925
       175   0.99925
       176   0.99925
       177   0.99925
       178   0.99925
       179   0.99925
       180   0.99925
       181   0.99925
       182   0.99925
       183   0.99925
       184   0.99925
       185   0.99925
       186   0.99925
       187   0.99925
       188   0.99925
       189   0.99925
       190   0.99925
       191   0.99925
       192   0.99925
       193   0.99925
       194   0.99925
       195   0.99925
       196   0.99925
       197   0.99925
       198   0.99925
       199   0.99925
       200   0.99925
       201   0.99925
       202   0.99925
       203   0.99925
       204   0.99925
       205   0.99925
       206   0.99925
       207   0.99925
       208   0.99925
       209   0.99925
       210   0.99925
       211   0.99925
       212   0.99925
       213   0.99925
       214   0.99925
       215   0.99925
       216   0.99925
       217   0.99925
       218   0.99925
       219   0.99925
       220   0.99925
       221   0.99925
       222   0.99925
       223   0.99925
       224   0.99925
       225   0.99925
       226   0.99925
       227   0.99925
       228   0.99925
       229   0.99925
       230   0.99925
       231   0.99925
       232   0.99925
       233   0.99925
       234   0.99925
       235   0.99925
       236   0.99925
       237   0.99925
       238   0.99925
       239   0.99925
       240   0.99925
       241   0.99925
       242   0.99925
       243   0.99925
       244   0.99925
       245   0.99925
       246   0.99925
       247   0.99925
       248   0.99925
       249   0.99925
       250   0.99925
       251   0.99925
       252   0.99925
       253   0.99925
       254   0.99925
       255   0.99925
       256   0.99925
       257   0.99925
       258   0.99925
       259   0.99925
       260   0.99925
       261   0.99925
       262   0.99925
       263   0.99925
       264   0.99925
       265   0.99925
       266   0.99925
       267   0.99925
       268   0.99925
       269   0.99925
       270   0.99925
       271   0.99925
       272   0.99925
       273   0.99925
       274   0.99925
       275   0.99925
       276   0.99925
       277   0.99925
       278   0.99925
       279   0.99925
       280   0.99925
       281   0.99925
       282   0.99925
       283   0.99925
       284   0.99925
       285   0.99925
       286   0.99925
       287   0.99925
       288   0.99925
       289   0.99925
       290   0.99925
       291   0.99925
       292   0.99925
       293   0.99925
       294   0.99925
       295   0.99925
       296   0.99925
       297   0.99925
       298   0.99925
       299   0.99925
       300   0.99925
       301   0.99925
       302   0.99925
       303   0.99925
       304   0.99925
       305   0.99925
       306   0.99925
       307   0.99925
       308   0.99925
       309   0.99925
       310   0.99925
       311   0.99925
       312   0.99925
       313   0.99925
       314   0.99925
       315   0.99925
       316   0.99925
       317   0.99925
       318   0.99925
       319   0.99925
       320   0.99925
       321   0.99925
       322   0.99925
       323   0.99925
       324   0.99925
       325   0.99925
       326   0.99925
       327   0.99925
       328   0.99925
       329   0.99925
       330   0.99925
       331   0.99925
       332   0.99925
       333   0.99925
       334   0.99925
       335   0.99925
       336   0.99925
       337   0.99925
       338   0.99925
       339   0.99925
       340   0.99925
       341   0.99925
       342   0.99925
       343   0.99925
       344   0.99925
       345   0.99925
       346   0.99925
       347   0.99925
       348   0.99925
       349   0.99925
       350   0.99925
       351   0.99925
       352   0.99925
       353   0.99925
       354   0.99925
       355   0.99925
       356   0.99925
       357   0.99925
       358   0.99925
       359   0.99925
       360   0.99925
       361   0.99925
       362   0.99925
       363   0.99925
       364   0.99925
       365   0.99925
       366   0.99925
       367   0.99925
       368   0.99925
       369   0.99925
       370   0.99925
       371   0.99925
       372   0.99925
       373   0.99925
       374   0.99925
       375   0.99925
       376   0.99925
       377   0.99925
       378   0.99925
       379   0.99925
       380   0.99925
       381   0.99925
       382   0.99925
       383   0.99925
       384   0.99925
       385   0.99925
       386   0.99925
       387   0.99925
       388   0.99925
       389   0.99925
       390   0.99925
       391   0.99925
       392   0.99925
       393   0.99925
       394   0.99925
       395   0.99925
       396   0.99925
       397   0.99925
       398   0.99925
       399   0.99925
       400   0.99925
       401   0.99925
       402   0.99925
       403   0.99925
       404   0.99925
       405   0.99925
       406   0.99925
       407   0.99925
       408   0.99925
       409   0.99925
       410   0.99925
       411   0.99925
       412   0.99925
       413   0.99925
       414   0.99925
       415   0.99925
       416   0.99925
       417   0.99925
       418   0.99925
       419   0.99925
       420   0.99925
       421   0.99925
       422   0.99925
       423   0.99925
       424   0.99925
       425   0.99925
       426   0.99925
       427   0.99925
       428   0.99925
       429   0.99925
       430   0.99925
       431   0.99925
       432   0.99925
       433   0.99925
       434   0.99925
       435   0.99925
       436   0.99925
       437   0.99925
       438   0.99925
       439   0.99925
       440   0.99925
       441   0.99925
       442   0.99925
       443   0.99925
       444   0.99925
       445   0.99925
       446   0.99925
       447   0.99925
       448   0.99925
       449   0.99925
       450   0.99925
       451   0.99925
       452   0.99925
       453   0.99925
       454   0.99925
       455   0.99925
       456   0.99925
       457   0.99925
       458   0.99925
       459   0.99925
       460   0.99925
       461   0.99925
       462   0.99925
       463   0.99925
       464   0.99925
       465   0.99925
       466   0.99925
       467   0.99925
       468   0.99925
       469   0.99925
       470   0.99925
       471   0.99925
       472   0.99925
       473   0.99925
       474   0.99925
       475   0.99925
       476   0.99925
       477   0.99925
       478   0.99925
       479   0.99925
       480   0.99925
       481   0.99925
       482   0.99925
       483   0.99925
       484   0.99925
       485   0.99925
       486   0.99925
       487   0.99925
       488   0.99925
       489   0.99925
       490   0.99925
       491   0.99925
       492   0.99925
       493   0.99925
       494   0.99925
       495   0.99925
       496   0.99925
       497   0.99925
       498   0.99925
       499   0.99925
       500   0.99925
       501   0.99925
       502   0.99925
       503   0.99925
       504   0.99925
       505   0.99925
       506   0.99925
       507   0.99925
       508   0.99925
       509   0.99925
       510   0.99925
       511   0.99925
       512   0.99925
       513   0.99925
       514   0.99925
       515   0.99925
       516   0.99925
       517   0.99925
       518   0.99925
       519   0.99925
       520   0.99925
       521   0.99925
       522   0.99925
       523   0.99925
       524   0.99925
       525   0.99925
       526   0.99925
       527   0.99925
       528   0.99925
       529   0.99925
       530   0.99925
       531   0.99925
       532   0.99925
       533   0.99925
       534   0.99925
       535   0.99925
       536   0.99925
       537   0.99925
       538   0.99925
       539   0.99925
       540   0.99925
       541   0.99925
       542   0.99925
       543   0.99925
       544   0.99925
       545   0.99925
       546   0.99925
       547   0.99925
       548   0.99925
       549   0.99925
       550   0.99925
       551   0.99925
       552   0.99850
       553   0.99776
       554   0.99701
       555   0.99626
       556   0.99551
       557   0.99476
       558   0.99402
       559   0.99327
       560   0.99252
       561   0.99177
       562   0.99102
       563   0.99028
       564   0.98953
       565   0.98803
       566   0.98728
       567   0.98654
       568   0.98579
       569   0.98504
       570   0.98429
       571   0.98355
       572   0.98205
       573   0.98130
       574   0.98055
       575   0.97981
       576   0.97906
       577   0.97831
       578   0.97681
       579   0.97607
       580   0.97532
       581   0.97457
       582   0.97307
       583   0.97233
       584   0.97158
       585   0.97083
       586   0.97008
       587   0.96859
       588   0.96784
       589   0.96709
       590   0.96784
       591   0.96859
       592   0.96933
       593   0.96933
       594   0.97008
       595   0.97083
       596   0.97158
       597   0.97233
       598   0.97307
       599   0.97382
       600   0.97457
       601   0.97532
       602   0.97532
       603   0.97607
       604   0.97681
       605   0.97756
       606   0.97831
       607   0.97906
       608   0.97981
       609   0.97981
       610   0.98055
       611   0.98130
       612   0.98205
       613   0.98280
       614   0.98280
       615   0.98355
       616   0.98429
       617   0.98504
       618   0.98579
       619   0.98654
       620   0.98654
       621   0.98728
       622   0.98803
       623   0.98878
       624   0.98878
       625   0.98953
       626   0.99028
       627   0.99102
       628   0.99102
       629   0.99177
       630   0.99252
       631   0.99327
       632   0.99327
       633   0.99402
       634   0.99476
       635   0.99551
       636   0.99551
       637   0.99626
       638   0.99701
       639   0.99701
       640   0.99776
       641   0.99850
       642   0.99925
       643   0.99925
       644   0.99925
       645   0.99925
       646   0.99925
       647   0.99925
       648   0.99925
       649   0.99925
       650   0.99925
       651   0.99925
       652   0.99925
       653   0.99925
       654   0.99925
       655   0.99925
       656   0.99925
       657   0.99925
       658   0.99925
       659   0.99925
       660   0.99925
       661   0.99925
       662   0.99925
       663   0.99925
       664   0.99925
       665   0.99925
       666   0.99925
       667   0.99925
       668   0.99925
       669   0.99925
       670   0.99925
       671   0.99925
       672   0.99925
       673   0.99925
       674   0.99925
       675   0.99925
       676   0.99925
       677   0.99925
       678   0.99925
       679   0.99925
       680   0.99925
       681   0.99925
       682   0.99925
       683   0.99925
       684   0.99925
       685   0.99925
       686   0.99925
       687   0.99925
       688   0.99925
       689   0.99925
       690   0.99925
       691   0.99925
       692   0.99925
       693   0.99925
       694   0.99925
       695   0.99925
       696   0.99925
       697   0.99925
       698   0.99925
       699   0.99925
       700   0.99925
       701   0.99925
       702   0.99925
       703   0.99925
       704   0.99925
       705   0.99925
       706   0.99925
       707   0.99925
       708   0.99925
       709   0.99925
       710   0.99925
       711   0.99925
       712   0.99925
       713   0.99925
       714   0.99925
       715   0.99925
       716   0.99925
       717   0.99925
       718   0.99925
       719   0.99925
       720   0.99925
       721   0.99925
       722   0.99925
       723   0.99925
       724   0.99925
       725   0.99925
       726   0.99925
       727   0.99925
       728   0.99925
       729   0.99925
       730   0.99925
       731   0.99925
       732   0.99925
       733   0.99925
       734   0.99925
       735   0.99925
       736   0.99925
       737   0.99925
       738   0.99925
       739   0.99925
       740   0.99925
       741   0.99925
       742   0.99925
       743   0.99925
       744   0.99925
       745   0.99925
       746   0.99925
       747   0.99925
       748   0.99925
       749   0.99925
       750   0.99925
       751   0.99925
       752   0.99925
       753   0.99925
       754   0.99925
       755   0.99925
       756   0.99925
       757   0.99925
       758   0.99925
       759   0.99925
       760   0.99925
       761   0.99925
       762   0.99925
       763   0.99925
       764   0.99925
       765   0.99925
       766   0.99925
       767   0.99925
       768   0.99925
       769   0.99925
       770   0.99925
       771   0.99925
       772   0.99925
       773   0.99925
       774   0.99925
       775   0.99925
       776   0.99925
       777   0.99925
       778   0.99925
       779   0.99925
       780   0.99925
       781   0.99925
       782   0.99925
       783   0.99925
       784   0.99925
       785   0.99925
       786   0.99925
       787   0.99925
       788   0.99925
       789   0.99925
       790   0.99925
       791   0.99925
       792   0.99925
       793   0.99925
       794   0.99925
       795   0.99925
       796   0.99925
       797   0.99925
       798   0.99925
       799   0.99925
       800   0.99925
       801   0.99925
       802   0.99925
       803   0.99925
       804   0.99925
       805   0.99925
       806   0.99925
       807   0.99925
       808   0.99925
       809   0.99925
       810   0.99925
       811   0.99925
       812   0.99925
       813   0.99925
       814   0.99925
       815   0.99925
       816   0.99925
       817   0.99925
       818   0.99925
       819   0.99925
       820   0.99925
       821   0.99925
       822   0.99925
       823   0.99925
       824   0.99925
       825   0.99925
       826   0.99925
       827   0.99925
       828   0.99925
       829   0.99925
       830   0.99925
       831   0.99925
       832   0.99925
       833   0.99925
       834   0.99925
       835   0.99925
       836   0.99925
       837   0.99925
       838   0.99925
       839   0.99925
       840   0.99925
       841   0.99925
       842   0.99925
       843   0.99925
       844   0.99925
       845   0.99925
       846   0.99925
       847   0.99925
       848   0.99925
       849   0.99925
       850   0.99925
       851   0.99925
       852   0.99925
       853   0.99925
       854   0.99925
       855   0.99925
       856   0.99925
       857   0.99925
       858   0.99925
       859   0.99925
       860   0.99925
       861   0.99925
       862   0.99925
       863   0.99925
       864   0.99925
       865   0.99925
       866   0.99925
       867   0.99925
       868   0.99925
       869   0.99925
       870   0.99925
       871   0.99925
       872   0.99925
       873   0.99925
       874   0.99925
       875   0.99925
       876   0.99925
       877   0.99925
       878   0.99925
       879   0.99925
       880   0.99925
       881   0.99925
       882   0.99925
       883   0.99925
       884   0.99925
       885   0.99925
       886   0.99925
       887   0.99925
       888   0.99925
       889   0.99925
       890   0.99925
       891   0.99925
       892   0.99925
       893   0.99925
       894   0.99925
       895   0.99925
       896   0.99925
       897   0.99925
       898   0.99925
       899   0.99925
       900   0.99925
       901   0.99925
       902   0.99925
       903   0.99925
       904   0.99925
       905   0.99925
       906   0.99925
       907   0.99925
       908   0.99925
       909   0.99925
       910   0.99925
       911   0.99925
       912   0.99925
       913   0.99925
       914   0.99925
       915   0.99925
       916   0.99925
       917   0.99925
       918   0.99925
       919   0.99925
       920   0.99925
       921   0.99925
       922   0.99925
       923   0.99925
       924   0.99925
       925   0.99925
       926   0.99925
       927   0.99925
       928   0.99925
       929   0.99925
       930   0.99925
       931   0.99925
       932   0.99925
       933   0.99925
       934   0.99925
       935   0.99925
       936   0.99925
       937   0.99925
       938   0.99925
       939   0.99925
       940   0.99925
       941   0.99925
       942   0.99925
       943   0.99925
       944   0.99925
       945   0.99925
       946   0.99925
       947   0.99925
       948   0.99925
       949   0.99925
       950   0.99925
       951   0.99925
       952   0.99925
       953   0.99925
       954   0.99925
       955   0.99925
       956   0.99925
       957   0.99925
       958   0.99925
       959   0.99925
       960   0.99925
       961   0.99925
       962   0.99925
       963   0.99925
       964   0.99925
       965   0.99925
       966   0.99925
       967   0.99925
       968   0.99925
       969   0.99925
       970   0.99925
       971   0.99925
       972   0.99925
       973   0.99925
       974   0.99925
       975   0.99925
       976   0.99925
       977   0.99925
       978   0.99925
       979   0.99925
       980   0.99925
       981   0.99925
       982   0.99925
       983   0.99925
       984   0.99925
       985   0.99925
       986   0.99925
       987   0.99925
       988   0.99925
       989   0.99925
       990   0.99925
       991   0.99925
       992   0.99925
       993   0.99925
       994   0.99925
       995   0.99925
       996   0.99925
       997   0.99925
       998   0.99925
       999   0.99925
      1000   0.99925
      1001   0.99925
      1002   0.99925
      1003   0.99925
      1004   0.99925
      1005   0.99925
      1006   0.99925
      1007   0.99925
      1008   0.99925
      1009   0.99925
      1010   0.99925
      1011   0.99925
      1012   0.99925
      1013   0.99925
      1014   0.99925
      1015   0.99925
      1016   0.99925
      1017   0.99925
      1018   0.99925
      1019   0.99925
      1020   0.99925
      1021   0.99925
      1022   0.99925
      1023   0.99925
      1024   0.99925
      1025   0.99925
      1026   0.99925
      1027   0.99925
      1028   0.99925
      1029   0.99925
      1030   0.99925
      1031   0.99925
      1032   0.99925
      1033   0.99925
      1034   0.99925
      1035   0.99925
      1036   0.99925
      1037   0.99925
      1038   0.99925
      1039   0.99925
      1040   0.99925
      1041   0.99925
      1042   0.99925
      1043   0.99925
      1044   0.99925
      1045   0.99925
      1046   0.99925
      1047   0.99925
      1048   0.99925
      1049   0.99925
      1050   0.99925
      1051   0.99925
      1052   0.99925
      1053   0.99925
      1054   0.99925
      1055   0.99925
      1056   0.99925
      1057   0.99925
      1058   0.99925
      1059   0.99925
      1060   0.99925
      1061   0.99925
      1062   0.99925
      1063   0.99925
      1064   0.99925
      1065   0.99925
      1066   0.99925
      1067   0.99925
      1068   0.99925
      1069   0.99925
      1070   0.99925
      1071   0.99925
      1072   0.99925
      1073   0.99925
      1074   0.99925
      1075   0.99925
      1076   0.99925
      1077   0.99925
      1078   0.99925
      1079   0.99925
      1080   0.99925
      1081   0.99925
      1082   0.99925
      1083   0.99925
      1084   0.99925
      1085   0.99925
      1086   0.99925
      1087   0.99925
      1088   0.99925
      1089   0.99925
      1090   0.99925
      1091   0.99925
      1092   0.99925
      1093   0.99925
      1094   0.99925
      1095   0.99925
      1096   0.99925
      1097   0.99925
      1098   0.99925
      1099   0.99925
      1100   0.99925
      1101   0.99925
      1102   0.99925
      1103   0.99925
      1104   0.99925
      1105   0.99925
      1106   0.99925
      1107   0.99925
      1108   0.99925
      1109   0.99925
      1110   0.99925
      1111   0.99925
      1112   0.99925
      1113   0.99925
      1114   0.99925
      1115   0.99925
      1116   0.99925
      1117   0.99925
      1118   0.99925
      1119   0.99925
      1120   0.99925
      1121   0.99925
      1122   0.99925
      1123   0.99925
      1124   0.99925
      1125   0.99925
      1126   0.99925
      1127   0.99925
      1128   0.99925
      1129   0.99925
      1130   0.99925
      1131   0.99925
      1132   0.99925
      1133   0.99925
      1134   0.99925
      1135   0.99925
      1136   0.99925
      1137   0.99925
      1138   0.99925
      1139   0.99925
      1140   0.99925
      1141   0.99925
      1142   0.99925
      1143   0.99925
      1144   0.99925
      1145   0.99925
      1146   0.99925
      1147   0.99925
      1148   0.99925
      1149   0.99925
      1150   0.99925
      1151   0.99925
      1152   0.99925
      1153   0.99925
      1154   0.99925
      1155   0.99925
      1156   0.99925
      1157   0.99925
      1158   0.99925
      1159   0.99925
      1160   0.99925
      1161   0.99925
      1162   0.99925
      1163   0.99925
      1164   0.99925
      1165   0.99925
      1166   0.99925
      1167   0.99925
      1168   0.99925
      1169   0.99925
      1170   0.99925
      1171   0.99925
      1172   0.99925
      1173   0.99925
      1174   0.99925
      1175   0.99925
      1176   0.99925
      1177   0.99925
      1178   0.99925
      1179   0.99925
      1180   0.99925
      1181   0.99925
      1182   0.99925
      1183   0.99925
      1184   0.99925
      1185   0.99925
      1186   0.99925
      1187   0.99925
      1188   0.99925
      1189   0.99925
      1190   0.99925
      1191   0.99925
      1192   0.99925
      1193   0.99925
      1194   0.99925
      1195   0.99925
      1196   0.99925
      1197   0.99925
      1198   0.99925
      1199   0.99925
      1200   0.99925
      1201   0.99925
      1202   0.99925
      1203   0.99925
      1204   0.99925
      1205   0.99925
      1206   0.99925
      1207   0.99925
      1208   0.99925
      1209   0.99925
      1210   0.99925
      1211   0.99925
      1212   0.99925
      1213   0.99925
      1214   0.99925
      1215   0.99925
      1216   0.99925
      1217   0.99925
      1218   0.99925
      1219   0.99925
      1220   0.99925
      1221   0.99925
      1222   0.99925
      1223   0.99925
      1224   0.99925
      1225   0.99925
      1226   0.99925
      1227   0.99925
      1228   0.99925
      1229   0.99925
      1230   0.99925
      1231   0.99925
      1232   0.99925
      1233   0.99925
      1234   0.99925
      1235   0.99925
      1236   0.99925
      1237   0.99925
      1238   0.99925
      1239   0.99925
      1240   0.99925
      1241   0.99925
      1242   0.99925
      1243   0.99925
      1244   0.99925
      1245   0.99925
      1246   0.99925
      1247   0.99925
      1248   0.99925
      1249   0.99925
      1250   0.99925
      1251   0.99925
      1252   0.99925
      1253   0.99925
      1254   0.99925
      1255   0.99925
      1256   0.99925
      1257   0.99925
      1258   0.99925
      1259   0.99925
      1260   0.99925
      1261   0.99925
      1262   0.99925
      1263   0.99925
      1264   0.99925
      1265   0.99925
      1266   0.99925
      1267   0.99925
      1268   0.99925
      1269   0.99925
      1270   0.99925
      1271   0.99925
      1272   0.99925
      1273   0.99925
      1274   0.99925
      1275   0.99925
      1276   0.99925
      1277   0.99925
      1278   0.99925
      1279   0.99925
      1280   0.99925
      1281   0.99925
      1282   0.99925
      1283   0.99925
      1284   0.99925
      1285   0.99925
      1286   0.99925
      1287   0.99925
      1288   0.99925
      1289   0.99925
      1290   0.99925
      1291   0.99925
      1292   0.99925
      1293   0.99925
      1294   0.99925
      1295   0.99925
      1296   0.99925
      1297   0.99925
      1298   0.99925
      1299   0.99925
      1300   0.99925
      1301   0.99925
      1302   0.99925
      1303   0.99925
      1304   0.99925
      1305   0.99925
      1306   0.99925
      1307   0.99925
      1308   0.99925
      1309   0.99925
      1310   0.99925
      1311   0.99925
      1312   0.99925
      1313   0.99925
      1314   0.99925
      1315   0.99925
      1316   0.99925
      1317   0.99925
      1318   0.99925
      1319   0.99925
      1320   0.99925
      1321   0.99925
      1322   0.99925
      1323   0.99925
      1324   0.99925
      1325   0.99925
      1326   0.99925
      1327   0.99925
      1328   0.99925
      1329   0.99925
      1330   0.99925
      1331   0.99925
      1332   0.99925
      1333   0.99925
      1334   0.99925
      1335   0.99925
      1336   0.99925
      1337   0.99925
