         1   0.10471
         2   0.10546
         3   0.10621
         4   0.10696
         5   0.10770
         6   0.10845
         7   0.10920
         8   0.10995
         9   0.11070
        10   0.11144
        11   0.11219
        12   0.11294
        13   0.11369
        14   0.11444
        15   0.11518
        16   0.11593
        17   0.11668
        18   0.11743
        19   0.11818
        20   0.11892
        21   0.11967
        22   0.12042
        23   0.12117
        24   0.12191
        25   0.12266
        26   0.12341
        27   0.12416
        28   0.12491
        29   0.12565
        30   0.12640
        31   0.12715
        32   0.12790
        33   0.12865
        34   0.12939
        35   0.13014
        36   0.13089
        37   0.13164
        38   0.13239
        39   0.13313
        40   0.13388
        41   0.13463
        42   0.13538
        43   0.13613
        44   0.13687
        45   0.13762
        46   0.13837
        47   0.13912
        48   0.13987
        49   0.14061
        50   0.14136
        51   0.14211
        52   0.14286
        53   0.14361
        54   0.15782
        55   0.16904
        56   0.17726
        57   0.18399
        58   0.18923
        59   0.19521
        60   0.19970
        61   0.20419
        62   0.20793
        63   0.21242
        64   0.21541
        65   0.21915
        66   0.22289
        67   0.22588
        68   0.24159
        69   0.25280
        70   0.26178
        71   0.26926
        72   0.27524
        73   0.28197
        74   0.28796
        75   0.29319
        76   0.29843
        77   0.30366
        78   0.30890
        79   0.31264
        80   0.31788
        81   0.32311
        82   0.32685
        83   0.33134
        84   0.33508
        85   0.33882
        86   0.34331
        87   0.34630
        88   0.35004
        89   0.35453
        90   0.35752
        91   0.36126
        92   0.36425
        93   0.36724
        94   0.37173
        95   0.37472
        96   0.37771
        97   0.38145
        98   0.38369
        99   0.38669
       100   0.39043
       101   0.39342
       102   0.39566
       103   0.39865
       104   0.40165
       105   0.40314
       106   0.40688
       107   0.40912
       108   0.41137
       109   0.41286
       110   0.41361
       111   0.41511
       112   0.41586
       113   0.41735
       114   0.41810
       115   0.41960
       116   0.42109
       117   0.42184
       118   0.42184
       119   0.42184
       120   0.42259
       121   0.42259
       122   0.42259
       123   0.42259
       124   0.42259
       125   0.42334
       126   0.42334
       127   0.42334
       128   0.42408
       129   0.42408
       130   0.42408
       131   0.42408
       132   0.42483
       133   0.42408
       134   0.42408
       135   0.42408
       136   0.42483
       137   0.42483
       138   0.42483
       139   0.42408
       140   0.42408
       141   0.42408
       142   0.42408
       143   0.42334
       144   0.42184
       145   0.42109
       146   0.42034
       147   0.41960
       148   0.41810
       149   0.41735
       150   0.41660
       151   0.41511
       152   0.41436
       153   0.41361
       154   0.41212
       155   0.41137
       156   0.41062
       157   0.40912
       158   0.40838
       159   0.40763
       160   0.40613
       161   0.41511
       162   0.41960
       163   0.42259
       164   0.42558
       165   0.42708
       166   0.42782
       167   0.42932
       168   0.43082
       169   0.43082
       170   0.43082
       171   0.43306
       172   0.43231
       173   0.43306
       174   0.43231
       175   0.43306
       176   0.43306
       177   0.43231
       178   0.43231
       179   0.43306
       180   0.43231
       181   0.43231
       182   0.43156
       183   0.43082
       184   0.43007
       185   0.43007
       186   0.43007
       187   0.42782
       188   0.42857
       189   0.42782
       190   0.42558
       191   0.42633
       192   0.42483
       193   0.42334
       194   0.42259
       195   0.42109
       196   0.42109
       197   0.41960
       198   0.41810
       199   0.41660
       200   0.41586
       201   0.41436
       202   0.41286
       203   0.41137
       204   0.41062
       205   0.40987
       206   0.40838
       207   0.40688
       208   0.40539
       209   0.40464
       210   0.40314
       211   0.40090
       212   0.39940
       213   0.39716
       214   0.39641
       215   0.39491
       216   0.39417
       217   0.39192
       218   0.39043
       219   0.38893
       220   0.38669
       221   0.38519
       222   0.38295
       223   0.38145
       224   0.37996
       225   0.37771
       226   0.37622
       227   0.37397
       228   0.37248
       229   0.37023
       230   0.36874
       231   0.36649
       232   0.36425
       233   0.36275
       234   0.36126
       235   0.35752
       236   0.35602
       237   0.35453
       238   0.35153
       239   0.35004
       240   0.34705
       241   0.34480
       242   0.34331
       243   0.34031
       244   0.33732
       245   0.33583
       246   0.33358
       247   0.33059
       248   0.32835
       249   0.33433
       250   0.34106
       251   0.34705
       252   0.35228
       253   0.35826
       254   0.36350
       255   0.36948
       256   0.37472
       257   0.37996
       258   0.38519
       259   0.39117
       260   0.39641
       261   0.40239
       262   0.40763
       263   0.41286
       264   0.41885
       265   0.42483
       266   0.42932
       267   0.43530
       268   0.44054
       269   0.44503
       270   0.45101
       271   0.45699
       272   0.46298
       273   0.46672
       274   0.47195
       275   0.47719
       276   0.48392
       277   0.48841
       278   0.49589
       279   0.51309
       280   0.55647
       281   0.58639
       282   0.59088
       283   0.59461
       284   0.59686
       285   0.59985
       286   0.60209
       287   0.60434
       288   0.60583
       289   0.60808
       290   0.60957
       291   0.61182
       292   0.61331
       293   0.61481
       294   0.61556
       295   0.61631
       296   0.61930
       297   0.62004
       298   0.62004
       299   0.62229
       300   0.62154
       301   0.62378
       302   0.62378
       303   0.62528
       304   0.62528
       305   0.62603
       306   0.62603
       307   0.62752
       308   0.62827
       309   0.62902
       310   0.62827
       311   0.62902
       312   0.62902
       313   0.62827
       314   0.62902
       315   0.62902
       316   0.63052
       317   0.62977
       318   0.62977
       319   0.63052
       320   0.62977
       321   0.62977
       322   0.63052
       323   0.62977
       324   0.62902
       325   0.62827
       326   0.62902
       327   0.62902
       328   0.62827
       329   0.62902
       330   0.62752
       331   0.62827
       332   0.62752
       333   0.62752
       334   0.62752
       335   0.62678
       336   0.62678
       337   0.62528
       338   0.62528
       339   0.62453
       340   0.62453
       341   0.62453
       342   0.62304
       343   0.62229
       344   0.62154
       345   0.62079
       346   0.62004
       347   0.62079
       348   0.64847
       349   0.66268
       350   0.67315
       351   0.67689
       352   0.67988
       353   0.68063
       354   0.68138
       355   0.67913
       356   0.67913
       357   0.67614
       358   0.67390
       359   0.67091
       360   0.66866
       361   0.66642
       362   0.66193
       363   0.66043
       364   0.65744
       365   0.65445
       366   0.65221
       367   0.64996
       368   0.64547
       369   0.64398
       370   0.64024
       371   0.63800
       372   0.63276
       373   0.63052
       374   0.62752
       375   0.62378
       376   0.62079
       377   0.61631
       378   0.61331
       379   0.60957
       380   0.60658
       381   0.60209
       382   0.59761
       383   0.59461
       384   0.58938
       385   0.58414
       386   0.58040
       387   0.57367
       388   0.56694
       389   0.56021
       390   0.54974
       391   0.53403
       392   0.53328
       393   0.53254
       394   0.53254
       395   0.53179
       396   0.53104
       397   0.52954
       398   0.53029
       399   0.52880
       400   0.52805
       401   0.52730
       402   0.52805
       403   0.52655
       404   0.52580
       405   0.52580
       406   0.52506
       407   0.52580
       408   0.52580
       409   0.52506
       410   0.52431
       411   0.52356
       412   0.52356
       413   0.52431
       414   0.52281
       415   0.52281
       416   0.52281
       417   0.52356
       418   0.52356
       419   0.52356
       420   0.52206
       421   0.52281
       422   0.52206
       423   0.52206
       424   0.52281
       425   0.52356
       426   0.52356
       427   0.52281
       428   0.52356
       429   0.52431
       430   0.52431
       431   0.52356
       432   0.52356
       433   0.52356
       434   0.52431
       435   0.52356
       436   0.52356
       437   0.52356
       438   0.52356
       439   0.52356
       440   0.52356
       441   0.52356
       442   0.52356
       443   0.52356
       444   0.52281
       445   0.52281
       446   0.52356
       447   0.52356
       448   0.52356
       449   0.52356
       450   0.52356
       451   0.52431
       452   0.52431
       453   0.52431
       454   0.52431
       455   0.52356
       456   0.52431
       457   0.52431
       458   0.52431
       459   0.52431
       460   0.52506
       461   0.52580
       462   0.52580
       463   0.52655
       464   0.52580
       465   0.52580
       466   0.52655
       467   0.52730
       468   0.52730
       469   0.52730
       470   0.52730
       471   0.52730
       472   0.52880
       473   0.52805
       474   0.52805
       475   0.52880
       476   0.52880
       477   0.52954
       478   0.53029
       479   0.53029
       480   0.53104
       481   0.53104
       482   0.53104
       483   0.53179
       484   0.53179
       485   0.53254
       486   0.53254
       487   0.53328
       488   0.53328
       489   0.53478
       490   0.53478
       491   0.53478
       492   0.53553
       493   0.53553
       494   0.53553
       495   0.53628
       496   0.53702
       497   0.53702
       498   0.53777
       499   0.53777
       500   0.53852
       501   0.53852
       502   0.54001
       503   0.54001
       504   0.54076
       505   0.54076
       506   0.54076
       507   0.54151
       508   0.54151
       509   0.54151
       510   0.54151
       511   0.54301
       512   0.54301
       513   0.54375
       514   0.54301
       515   0.54375
       516   0.54375
       517   0.54450
       518   0.54375
       519   0.54450
       520   0.54450
       521   0.54525
       522   0.54450
       523   0.54525
       524   0.54525
       525   0.54525
       526   0.54525
       527   0.54525
       528   0.54525
       529   0.54600
       530   0.54525
       531   0.54600
       532   0.54600
       533   0.54450
       534   0.54525
       535   0.54375
       536   0.54226
       537   0.53927
       538   0.53702
       539   0.53403
       540   0.53104
       541   0.52880
       542   0.52431
       543   0.52057
       544   0.51758
       545   0.51384
       546   0.50935
       547   0.50711
       548   0.50262
       549   0.49663
       550   0.49215
       551   0.48691
       552   0.48168
       553   0.47569
       554   0.46746
       555   0.45699
       556   0.44278
       557   0.43007
       558   0.42857
       559   0.42708
       560   0.42483
       561   0.42334
       562   0.42184
       563   0.42034
       564   0.41810
       565   0.41586
       566   0.41436
       567   0.41137
       568   0.40987
       569   0.40613
       570   0.40389
       571   0.40090
       572   0.39865
       573   0.39566
       574   0.39192
       575   0.38818
       576   0.38519
       577   0.38145
       578   0.37696
       579   0.37248
       580   0.36724
       581   0.36051
       582   0.34854
       583   0.33583
       584   0.33358
       585   0.32984
       586   0.28048
       587   0.24757
       588   0.24233
       589   0.23635
       590   0.23934
       591   0.24084
       592   0.24308
       593   0.27225
       594   0.28796
       595   0.30142
       596   0.31638
       597   0.34480
       598   0.34705
       599   0.34929
       600   0.35079
       601   0.35228
       602   0.35453
       603   0.35602
       604   0.35752
       605   0.35826
       606   0.35976
       607   0.36051
       608   0.36200
       609   0.36350
       610   0.36500
       611   0.36574
       612   0.36649
       613   0.36724
       614   0.36799
       615   0.36874
       616   0.36948
       617   0.37023
       618   0.37098
       619   0.37173
       620   0.37248
       621   0.37322
       622   0.37397
       623   0.37472
       624   0.37547
       625   0.37622
       626   0.37622
       627   0.37696
       628   0.37921
       629   0.38295
       630   0.38594
       631   0.38893
       632   0.39117
       633   0.39342
       634   0.39566
       635   0.39791
       636   0.39940
       637   0.40090
       638   0.40239
       639   0.40464
       640   0.40613
       641   0.40763
       642   0.40912
       643   0.40987
       644   0.41137
       645   0.41286
       646   0.41660
       647   0.41960
       648   0.42259
       649   0.42558
       650   0.42857
       651   0.43082
       652   0.43455
       653   0.43680
       654   0.46746
       655   0.48392
       656   0.49589
       657   0.50636
       658   0.51608
       659   0.52506
       660   0.53328
       661   0.54076
       662   0.54899
       663   0.55647
       664   0.56395
       665   0.57143
       666   0.59088
       667   0.61107
       668   0.62752
       669   0.64547
       670   0.66118
       671   0.67689
       672   0.70007
       673   0.73373
       674   0.73747
       675   0.74121
       676   0.74420
       677   0.74645
       678   0.74944
       679   0.75168
       680   0.75542
       681   0.75692
       682   0.75991
       683   0.76215
       684   0.76440
       685   0.76589
       686   0.76814
       687   0.76963
       688   0.77113
       689   0.77412
       690   0.77487
       691   0.77636
       692   0.77711
       693   0.77861
       694   0.78010
       695   0.78160
       696   0.78235
       697   0.78310
       698   0.78459
       699   0.78534
       700   0.78684
       701   0.78684
       702   0.78758
       703   0.78758
       704   0.78833
       705   0.78908
       706   0.77636
       707   0.76440
       708   0.75767
       709   0.75093
       710   0.74495
       711   0.73972
       712   0.73523
       713   0.73074
       714   0.72550
       715   0.72027
       716   0.71578
       717   0.71129
       718   0.70755
       719   0.70307
       720   0.69858
       721   0.69484
       722   0.69035
       723   0.68437
       724   0.67764
       725   0.67091
       726   0.66343
       727   0.65595
       728   0.64697
       729   0.63650
       730   0.62378
       731   0.60583
       732   0.59761
       733   0.59387
       734   0.59013
       735   0.58639
       736   0.58265
       737   0.57816
       738   0.57367
       739   0.56918
       740   0.56470
       741   0.56021
       742   0.55497
       743   0.55049
       744   0.54450
       745   0.53927
       746   0.53104
       747   0.52356
       748   0.51384
       749   0.49813
       750   0.49065
       751   0.47943
       752   0.45999
       753   0.44951
       754   0.42857
       755   0.42857
       756   0.42708
       757   0.42708
       758   0.42633
       759   0.42633
       760   0.42633
       761   0.42558
       762   0.42558
       763   0.42483
       764   0.42483
       765   0.42408
       766   0.42408
       767   0.42334
       768   0.42259
       769   0.42259
       770   0.42184
       771   0.42184
       772   0.42109
       773   0.42109
       774   0.42109
       775   0.42034
       776   0.42034
       777   0.42034
       778   0.41960
       779   0.41960
       780   0.41885
       781   0.41885
       782   0.41885
       783   0.41810
       784   0.41810
       785   0.41810
       786   0.41735
       787   0.41735
       788   0.41735
       789   0.41660
       790   0.41660
       791   0.41660
       792   0.41586
       793   0.41586
       794   0.41660
       795   0.41586
       796   0.41586
       797   0.41586
       798   0.41586
       799   0.41511
       800   0.41511
       801   0.41511
       802   0.41436
       803   0.41436
       804   0.41511
       805   0.41511
       806   0.41436
       807   0.41436
       808   0.41436
       809   0.41436
       810   0.41361
       811   0.41436
       812   0.41436
       813   0.41436
       814   0.41436
       815   0.41361
       816   0.41361
       817   0.41436
       818   0.41361
       819   0.41286
       820   0.41212
       821   0.41286
       822   0.41286
       823   0.41212
       824   0.41212
       825   0.41212
       826   0.41212
       827   0.41137
       828   0.41137
       829   0.41212
       830   0.41137
       831   0.41062
       832   0.41137
       833   0.41137
       834   0.41062
       835   0.41137
       836   0.41062
       837   0.41062
       838   0.41062
       839   0.41062
       840   0.41062
       841   0.41062
       842   0.41062
       843   0.41137
       844   0.41137
       845   0.41137
       846   0.41137
       847   0.41137
       848   0.41212
       849   0.41062
       850   0.41137
       851   0.41062
       852   0.41212
       853   0.41137
       854   0.41212
       855   0.41137
       856   0.41286
       857   0.41212
       858   0.41286
       859   0.41286
       860   0.41361
       861   0.41286
       862   0.41361
       863   0.41436
       864   0.41436
       865   0.41436
       866   0.41511
       867   0.41511
       868   0.41586
       869   0.41586
       870   0.41660
       871   0.41660
       872   0.41660
       873   0.41735
       874   0.41735
       875   0.41735
       876   0.41885
       877   0.41885
       878   0.41960
       879   0.41960
       880   0.41960
       881   0.42034
       882   0.42932
       883   0.44278
       884   0.45176
       885   0.45774
       886   0.46372
       887   0.46672
       888   0.46821
       889   0.46971
       890   0.46971
       891   0.46896
       892   0.46896
       893   0.46821
       894   0.46821
       895   0.46746
       896   0.46746
       897   0.46672
       898   0.46597
       899   0.46597
       900   0.46522
       901   0.46522
       902   0.46522
       903   0.46447
       904   0.46447
       905   0.46372
       906   0.46372
       907   0.46298
       908   0.46223
       909   0.46223
       910   0.46148
       911   0.46148
       912   0.46148
       913   0.46073
       914   0.46073
       915   0.45999
       916   0.45924
       917   0.45924
       918   0.45849
       919   0.45774
       920   0.45774
       921   0.45774
       922   0.45699
       923   0.45699
       924   0.45625
       925   0.45550
       926   0.45550
       927   0.45475
       928   0.45400
       929   0.46971
       930   0.48168
       931   0.48915
       932   0.49514
       933   0.50187
       934   0.50711
       935   0.51159
       936   0.51608
       937   0.52132
       938   0.52580
       939   0.53104
       940   0.53553
       941   0.54001
       942   0.54450
       943   0.54899
       944   0.55273
       945   0.55722
       946   0.56096
       947   0.56545
       948   0.56918
       949   0.57143
       950   0.57442
       951   0.57816
       952   0.58040
       953   0.58265
       954   0.58564
       955   0.58639
       956   0.58863
       957   0.58938
       958   0.59088
       959   0.59162
       960   0.59312
       961   0.59312
       962   0.59461
       963   0.59461
       964   0.59611
       965   0.59611
       966   0.59611
       967   0.59611
       968   0.59611
       969   0.59611
       970   0.59611
       971   0.59611
       972   0.59611
       973   0.59611
       974   0.59536
       975   0.59536
       976   0.59461
       977   0.59312
       978   0.59312
       979   0.59312
       980   0.59162
       981   0.59088
       982   0.59013
       983   0.58863
       984   0.58714
       985   0.58639
       986   0.58489
       987   0.58414
       988   0.54600
       989   0.52805
       990   0.51309
       991   0.49888
       992   0.48691
       993   0.47195
       994   0.44652
       995   0.44054
       996   0.43755
       997   0.43231
       998   0.42932
       999   0.42558
      1000   0.42109
      1001   0.41810
      1002   0.41436
      1003   0.41137
      1004   0.40763
      1005   0.40464
      1006   0.40015
      1007   0.40090
      1008   0.40165
      1009   0.40165
      1010   0.40165
      1011   0.40239
      1012   0.40314
      1013   0.40314
      1014   0.40389
      1015   0.40389
      1016   0.40389
      1017   0.40314
      1018   0.40464
      1019   0.40464
      1020   0.40464
      1021   0.40389
      1022   0.40464
      1023   0.40464
      1024   0.40389
      1025   0.40389
      1026   0.40389
      1027   0.40389
      1028   0.40464
      1029   0.40389
      1030   0.40314
      1031   0.40389
      1032   0.40314
      1033   0.40239
      1034   0.40239
      1035   0.40239
      1036   0.40239
      1037   0.40239
      1038   0.40165
      1039   0.40165
      1040   0.40090
      1041   0.40090
      1042   0.40015
      1043   0.39940
      1044   0.39940
      1045   0.39940
      1046   0.39791
      1047   0.39716
      1048   0.39566
      1049   0.39566
      1050   0.39491
      1051   0.39491
      1052   0.39342
      1053   0.39267
      1054   0.39192
      1055   0.39192
      1056   0.38968
      1057   0.38893
      1058   0.38818
      1059   0.38743
      1060   0.38594
      1061   0.38519
      1062   0.38369
      1063   0.38369
      1064   0.38295
      1065   0.38220
      1066   0.37996
      1067   0.37921
      1068   0.37846
      1069   0.37622
      1070   0.37771
      1071   0.38145
      1072   0.38369
      1073   0.38669
      1074   0.38968
      1075   0.39267
      1076   0.39641
      1077   0.39865
      1078   0.40090
      1079   0.40389
      1080   0.40688
      1081   0.40987
      1082   0.41286
      1083   0.41586
      1084   0.41885
      1085   0.42259
      1086   0.42483
      1087   0.42782
      1088   0.43082
      1089   0.43381
      1090   0.43755
      1091   0.44054
      1092   0.44428
      1093   0.44652
      1094   0.45026
      1095   0.45400
      1096   0.45699
      1097   0.46148
      1098   0.46522
      1099   0.46821
      1100   0.47270
      1101   0.47719
      1102   0.48168
      1103   0.48616
      1104   0.49215
      1105   0.49888
      1106   0.50785
      1107   0.56619
      1108   0.57218
      1109   0.57741
      1110   0.58190
      1111   0.58639
      1112   0.58863
      1113   0.59237
      1114   0.59611
      1115   0.59910
      1116   0.60135
      1117   0.60359
      1118   0.60733
      1119   0.60883
      1120   0.61182
      1121   0.61406
      1122   0.61631
      1123   0.61855
      1124   0.62079
      1125   0.62304
      1126   0.62453
      1127   0.62678
      1128   0.62902
      1129   0.63052
      1130   0.63351
      1131   0.63575
      1132   0.63650
      1133   0.63874
      1134   0.64099
      1135   0.64248
      1136   0.64398
      1137   0.64622
      1138   0.64697
      1139   0.64996
      1140   0.65221
      1141   0.65295
      1142   0.65520
      1143   0.65669
      1144   0.65819
      1145   0.65969
      1146   0.66043
      1147   0.66268
      1148   0.66417
      1149   0.66567
      1150   0.66717
      1151   0.66866
      1152   0.67016
      1153   0.67165
      1154   0.67315
      1155   0.67390
      1156   0.67988
      1157   0.69708
      1158   0.70755
      1159   0.71429
      1160   0.72102
      1161   0.72775
      1162   0.73224
      1163   0.73747
      1164   0.74121
      1165   0.74720
      1166   0.75168
      1167   0.75393
      1168   0.75916
      1169   0.76215
      1170   0.76664
      1171   0.76963
      1172   0.77337
      1173   0.77711
      1174   0.77936
      1175   0.78310
      1176   0.78534
      1177   0.78908
      1178   0.79058
      1179   0.79357
      1180   0.79581
      1181   0.79880
      1182   0.80030
      1183   0.80404
      1184   0.80703
      1185   0.80778
      1186   0.81077
      1187   0.81227
      1188   0.81451
      1189   0.81601
      1190   0.81825
      1191   0.81900
      1192   0.82049
      1193   0.82199
      1194   0.82349
      1195   0.82349
      1196   0.82199
      1197   0.82049
      1198   0.81975
      1199   0.81675
      1200   0.81376
      1201   0.81002
      1202   0.80628
      1203   0.80105
      1204   0.79581
      1205   0.78758
      1206   0.78085
      1207   0.76889
      1208   0.75692
      1209   0.74196
      1210   0.73149
      1211   0.72625
      1212   0.72251
      1213   0.71877
      1214   0.71578
      1215   0.71204
      1216   0.70905
      1217   0.70606
      1218   0.70307
      1219   0.70007
      1220   0.69783
      1221   0.69484
      1222   0.69334
      1223   0.69035
      1224   0.68811
      1225   0.68512
      1226   0.68362
      1227   0.68212
      1228   0.67913
      1229   0.67689
      1230   0.67315
      1231   0.67165
      1232   0.66941
      1233   0.66791
      1234   0.66642
      1235   0.66343
      1236   0.66118
      1237   0.65819
      1238   0.65445
      1239   0.65146
      1240   0.64921
      1241   0.64622
      1242   0.64398
      1243   0.63949
      1244   0.63725
      1245   0.63426
      1246   0.63201
      1247   0.62902
      1248   0.62528
      1249   0.62229
      1250   0.62004
      1251   0.61705
      1252   0.61331
      1253   0.61107
      1254   0.60883
      1255   0.60509
      1256   0.60209
      1257   0.59910
      1258   0.59611
      1259   0.59312
      1260   0.59013
      1261   0.58714
      1262   0.58489
      1263   0.58115
      1264   0.57741
      1265   0.57517
      1266   0.57218
      1267   0.56844
      1268   0.56545
      1269   0.56320
      1270   0.55946
      1271   0.55647
      1272   0.55423
      1273   0.54974
      1274   0.54675
      1275   0.54375
      1276   0.54001
      1277   0.53702
      1278   0.53478
      1279   0.53029
      1280   0.52805
      1281   0.52356
      1282   0.52132
      1283   0.51758
      1284   0.51384
      1285   0.51085
      1286   0.50711
      1287   0.50411
      1288   0.50037
      1289   0.49738
      1290   0.49364
      1291   0.48990
      1292   0.48691
      1293   0.48242
      1294   0.48018
      1295   0.47644
      1296   0.47270
      1297   0.46896
      1298   0.46597
      1299   0.46148
      1300   0.45699
      1301   0.45475
      1302   0.45026
      1303   0.44652
      1304   0.44203
      1305   0.43979
      1306   0.43530
      1307   0.43156
      1308   0.42782
      1309   0.42408
      1310   0.41960
      1311   0.41586
      1312   0.41137
      1313   0.40763
      1314   0.40389
      1315   0.40015
      1316   0.39566
      1317   0.39117
      1318   0.38743
      1319   0.38295
      1320   0.37921
      1321   0.37472
      1322   0.37023
      1323   0.36574
      1324   0.36200
      1325   0.35752
      1326   0.35378
      1327   0.34854
      1328   0.34405
      1329   0.33957
      1330   0.33508
      1331   0.32984
      1332   0.32536
      1333   0.32087
      1334   0.31638
      1335   0.31114
      1336   0.30591
      1337   0.30142
