         1   0.05172
         2   0.05329
         3   0.05408
         4   0.05564
         5   0.05721
         6   0.05799
         7   0.05956
         8   0.06113
         9   0.06191
        10   0.06348
        11   0.06505
        12   0.06661
        13   0.06818
        14   0.06897
        15   0.07053
        16   0.07210
        17   0.07367
        18   0.07524
        19   0.07680
        20   0.07837
        21   0.07994
        22   0.08150
        23   0.08307
        24   0.08464
        25   0.08621
        26   0.08777
        27   0.08934
        28   0.09091
        29   0.09248
        30   0.09404
        31   0.09561
        32   0.09718
        33   0.09875
        34   0.10031
        35   0.10188
        36   0.10345
        37   0.10580
        38   0.10737
        39   0.10893
        40   0.11050
        41   0.11207
        42   0.11364
        43   0.11520
        44   0.11677
        45   0.11834
        46   0.11991
        47   0.12147
        48   0.12226
        49   0.12382
        50   0.12539
        51   0.12696
        52   0.12774
        53   0.12931
        54   0.13009
        55   0.13166
        56   0.13323
        57   0.13401
        58   0.13480
        59   0.13636
        60   0.13715
        61   0.13793
        62   0.13950
        63   0.14028
        64   0.14107
        65   0.14185
        66   0.14263
        67   0.14342
        68   0.14342
        69   0.14420
        70   0.14420
        71   0.14420
        72   0.14498
        73   0.14498
        74   0.14577
        75   0.14577
        76   0.14577
        77   0.14577
        78   0.14577
        79   0.14655
        80   0.14655
        81   0.14577
        82   0.14655
        83   0.14655
        84   0.14734
        85   0.14655
        86   0.14734
        87   0.14734
        88   0.14734
        89   0.14734
        90   0.14655
        91   0.14734
        92   0.14734
        93   0.14734
        94   0.14734
        95   0.14734
        96   0.14734
        97   0.14734
        98   0.14734
        99   0.14812
       100   0.14734
       101   0.14812
       102   0.14734
       103   0.14812
       104   0.14734
       105   0.14812
       106   0.14734
       107   0.14812
       108   0.14734
       109   0.14812
       110   0.14734
       111   0.14812
       112   0.14734
       113   0.14812
       114   0.14734
       115   0.14812
       116   0.14734
       117   0.14812
       118   0.14734
       119   0.14812
       120   0.14734
       121   0.14812
       122   0.14734
       123   0.14734
       124   0.14734
       125   0.14734
       126   0.14734
       127   0.14734
       128   0.14734
       129   0.14734
       130   0.14734
       131   0.14734
       132   0.14734
       133   0.14734
       134   0.14734
       135   0.14734
       136   0.14812
       137   0.14734
       138   0.14812
       139   0.14734
       140   0.14812
       141   0.14734
       142   0.14812
       143   0.14734
       144   0.14812
       145   0.14734
       146   0.14812
       147   0.14734
       148   0.14812
       149   0.14734
       150   0.14812
       151   0.14734
       152   0.14812
       153   0.14734
       154   0.14812
       155   0.14734
       156   0.14812
       157   0.14734
       158   0.14734
       159   0.14734
       160   0.14734
       161   0.14734
       162   0.14734
       163   0.14734
       164   0.14734
       165   0.14734
       166   0.14734
       167   0.14734
       168   0.14655
       169   0.14734
       170   0.14655
       171   0.14734
       172   0.14655
       173   0.14655
       174   0.14655
       175   0.14655
       176   0.14655
       177   0.14577
       178   0.14577
       179   0.14577
       180   0.14577
       181   0.14577
       182   0.14498
       183   0.14969
       184   0.15204
       185   0.15282
       186   0.15361
       187   0.15439
       188   0.15517
       189   0.15596
       190   0.15596
       191   0.15596
       192   0.15674
       193   0.15674
       194   0.15596
       195   0.15596
       196   0.15596
       197   0.15517
       198   0.15517
       199   0.15517
       200   0.15439
       201   0.15439
       202   0.15361
       203   0.15282
       204   0.15204
       205   0.15125
       206   0.15047
       207   0.14969
       208   0.14890
       209   0.14812
       210   0.14734
       211   0.14577
       212   0.14498
       213   0.14420
       214   0.14263
       215   0.14185
       216   0.14107
       217   0.13950
       218   0.13871
       219   0.13715
       220   0.13558
       221   0.13401
       222   0.13323
       223   0.13166
       224   0.13088
       225   0.12931
       226   0.12774
       227   0.12696
       228   0.12539
       229   0.12382
       230   0.12304
       231   0.12147
       232   0.11991
       233   0.11912
       234   0.11755
       235   0.11599
       236   0.11520
       237   0.11364
       238   0.11207
       239   0.11050
       240   0.10893
       241   0.10815
       242   0.10737
       243   0.10580
       244   0.10423
       245   0.10266
       246   0.10188
       247   0.10031
       248   0.09875
       249   0.09718
       250   0.09639
       251   0.09483
       252   0.09561
       253   0.09718
       254   0.09796
       255   0.09875
       256   0.10031
       257   0.10110
       258   0.10188
       259   0.10266
       260   0.10423
       261   0.10502
       262   0.10580
       263   0.10658
       264   0.10658
       265   0.10815
       266   0.10815
       267   0.10972
       268   0.10972
       269   0.11129
       270   0.11207
       271   0.11285
       272   0.11364
       273   0.11364
       274   0.11442
       275   0.11520
       276   0.11599
       277   0.11677
       278   0.11677
       279   0.11755
       280   0.11755
       281   0.11834
       282   0.11912
       283   0.11991
       284   0.11991
       285   0.12069
       286   0.12147
       287   0.12147
       288   0.12147
       289   0.12226
       290   0.12226
       291   0.12304
       292   0.12304
       293   0.12304
       294   0.12304
       295   0.12382
       296   0.12382
       297   0.12382
       298   0.12382
       299   0.12382
       300   0.12304
       301   0.12226
       302   0.12226
       303   0.12147
       304   0.11834
       305   0.11207
       306   0.11285
       307   0.11442
       308   0.11599
       309   0.11677
       310   0.11755
       311   0.11991
       312   0.12069
       313   0.12226
       314   0.12382
       315   0.12539
       316   0.12618
       317   0.12853
       318   0.12931
       319   0.13088
       320   0.13245
       321   0.13401
       322   0.13480
       323   0.13636
       324   0.13793
       325   0.13871
       326   0.14028
       327   0.14185
       328   0.14263
       329   0.14420
       330   0.14577
       331   0.14655
       332   0.14812
       333   0.14890
       334   0.14969
       335   0.15047
       336   0.15125
       337   0.15204
       338   0.15282
       339   0.15361
       340   0.15361
       341   0.15517
       342   0.15517
       343   0.15596
       344   0.15596
       345   0.15674
       346   0.15752
       347   0.15752
       348   0.15752
       349   0.15831
       350   0.15831
       351   0.15909
       352   0.15909
       353   0.15909
       354   0.15909
       355   0.15909
       356   0.15987
       357   0.15987
       358   0.15987
       359   0.15987
       360   0.16066
       361   0.15987
       362   0.15987
       363   0.16066
       364   0.15987
       365   0.16066
       366   0.16066
       367   0.16066
       368   0.16066
       369   0.16066
       370   0.16066
       371   0.15987
       372   0.16066
       373   0.15987
       374   0.16066
       375   0.15987
       376   0.16066
       377   0.15987
       378   0.16066
       379   0.15987
       380   0.16066
       381   0.15987
       382   0.16066
       383   0.15987
       384   0.15987
       385   0.15987
       386   0.15987
       387   0.15987
       388   0.15987
       389   0.16066
       390   0.15987
       391   0.15987
       392   0.15987
       393   0.15987
       394   0.15987
       395   0.15987
       396   0.15909
       397   0.15987
       398   0.15909
       399   0.15987
       400   0.15909
       401   0.15909
       402   0.15987
       403   0.15909
       404   0.15987
       405   0.15909
       406   0.15909
       407   0.15909
       408   0.15909
       409   0.15987
       410   0.15909
       411   0.15909
       412   0.15909
       413   0.15909
       414   0.15987
       415   0.15909
       416   0.15909
       417   0.15909
       418   0.15909
       419   0.15987
       420   0.15909
       421   0.15909
       422   0.15909
       423   0.15909
       424   0.15987
       425   0.15909
       426   0.15987
       427   0.15909
       428   0.15909
       429   0.15987
       430   0.15909
       431   0.15987
       432   0.15909
       433   0.15987
       434   0.15987
       435   0.15987
       436   0.15987
       437   0.15909
       438   0.15987
       439   0.15987
       440   0.15987
       441   0.15987
       442   0.15987
       443   0.15987
       444   0.15987
       445   0.15987
       446   0.16066
       447   0.15987
       448   0.16066
       449   0.15987
       450   0.16066
       451   0.15987
       452   0.16066
       453   0.16066
       454   0.16066
       455   0.16066
       456   0.16066
       457   0.16066
       458   0.16066
       459   0.16066
       460   0.16066
       461   0.16066
       462   0.16066
       463   0.16066
       464   0.16066
       465   0.15987
       466   0.16066
       467   0.15987
       468   0.16066
       469   0.16066
       470   0.17320
       471   0.18103
       472   0.18495
       473   0.18809
       474   0.19201
       475   0.19357
       476   0.19436
       477   0.19436
       478   0.19514
       479   0.19671
       480   0.19671
       481   0.19671
       482   0.19749
       483   0.19749
       484   0.19749
       485   0.19749
       486   0.19749
       487   0.19671
       488   0.19671
       489   0.19671
       490   0.19671
       491   0.19592
       492   0.19592
       493   0.19514
       494   0.19436
       495   0.19357
       496   0.19357
       497   0.19201
       498   0.19122
       499   0.19044
       500   0.18887
       501   0.18809
       502   0.18652
       503   0.18574
       504   0.18417
       505   0.18260
       506   0.18103
       507   0.17947
       508   0.17790
       509   0.17633
       510   0.17398
       511   0.17320
       512   0.17085
       513   0.16928
       514   0.16693
       515   0.16536
       516   0.16379
       517   0.16223
       518   0.15987
       519   0.15831
       520   0.15596
       521   0.15439
       522   0.15282
       523   0.15047
       524   0.14890
       525   0.14734
       526   0.14577
       527   0.14263
       528   0.14107
       529   0.13950
       530   0.13793
       531   0.13636
       532   0.13401
       533   0.13245
       534   0.13088
       535   0.12931
       536   0.12696
       537   0.12539
       538   0.12304
       539   0.12147
       540   0.11991
       541   0.11755
       542   0.11599
       543   0.11442
       544   0.11285
       545   0.11050
       546   0.10815
       547   0.11050
       548   0.11129
       549   0.11364
       550   0.11442
       551   0.11677
       552   0.11755
       553   0.11912
       554   0.12147
       555   0.12226
       556   0.12382
       557   0.12461
       558   0.12696
       559   0.12774
       560   0.12931
       561   0.13088
       562   0.13166
       563   0.13323
       564   0.13401
       565   0.13558
       566   0.13715
       567   0.13793
       568   0.13950
       569   0.14107
       570   0.14185
       571   0.14342
       572   0.14498
       573   0.14577
       574   0.14734
       575   0.14812
       576   0.14969
       577   0.15047
       578   0.15204
       579   0.15361
       580   0.15439
       581   0.15596
       582   0.15674
       583   0.15752
       584   0.15909
       585   0.15987
       586   0.16144
       587   0.16301
       588   0.16379
       589   0.16458
       590   0.16536
       591   0.16693
       592   0.16771
       593   0.16850
       594   0.17006
       595   0.17085
       596   0.17241
       597   0.17320
       598   0.17398
       599   0.17476
       600   0.17633
       601   0.17712
       602   0.17790
       603   0.17868
       604   0.17947
       605   0.17947
       606   0.18025
       607   0.18103
       608   0.18182
       609   0.18260
       610   0.18339
       611   0.18417
       612   0.18417
       613   0.18417
       614   0.18339
       615   0.18339
       616   0.18103
       617   0.17790
       618   0.17555
       619   0.17241
       620   0.16693
       621   0.16066
       622   0.15204
       623   0.15282
       624   0.15439
       625   0.15439
       626   0.15517
       627   0.15596
       628   0.15596
       629   0.15752
       630   0.15752
       631   0.15752
       632   0.15831
       633   0.15909
       634   0.15909
       635   0.15987
       636   0.15987
       637   0.16066
       638   0.16066
       639   0.16144
       640   0.16223
       641   0.16223
       642   0.16223
       643   0.16301
       644   0.16301
       645   0.16379
       646   0.16301
       647   0.16301
       648   0.16379
       649   0.16379
       650   0.16458
       651   0.16458
       652   0.16458
       653   0.16458
       654   0.16458
       655   0.16536
       656   0.16536
       657   0.16536
       658   0.16536
       659   0.16536
       660   0.16614
       661   0.16536
       662   0.16614
       663   0.16614
       664   0.16614
       665   0.16614
       666   0.16614
       667   0.16614
       668   0.16614
       669   0.16693
       670   0.16614
       671   0.16693
       672   0.16693
       673   0.16614
       674   0.16693
       675   0.16614
       676   0.16693
       677   0.16693
       678   0.16693
       679   0.16693
       680   0.16693
       681   0.16693
       682   0.16693
       683   0.16693
       684   0.16771
       685   0.16693
       686   0.16693
       687   0.16693
       688   0.16693
       689   0.16693
       690   0.16693
       691   0.16693
       692   0.16693
       693   0.16693
       694   0.16693
       695   0.16693
       696   0.16693
       697   0.16693
       698   0.16693
       699   0.16771
       700   0.16693
       701   0.16771
       702   0.16693
       703   0.16771
       704   0.16693
       705   0.16771
       706   0.16693
       707   0.16771
       708   0.16693
       709   0.16771
       710   0.16693
       711   0.16771
       712   0.16693
       713   0.16771
       714   0.16693
       715   0.16771
       716   0.16693
       717   0.16693
       718   0.16693
       719   0.16693
       720   0.16693
       721   0.16693
       722   0.16693
       723   0.16693
       724   0.16693
       725   0.16693
       726   0.16693
       727   0.16693
       728   0.16771
       729   0.16693
       730   0.16771
       731   0.16693
       732   0.16693
       733   0.16693
       734   0.16693
       735   0.16693
       736   0.16693
       737   0.16693
       738   0.16693
       739   0.16614
       740   0.16693
       741   0.16614
       742   0.16693
       743   0.16693
       744   0.16614
       745   0.16693
       746   0.16614
       747   0.16614
       748   0.16614
       749   0.16614
       750   0.16614
       751   0.16614
       752   0.16614
       753   0.16536
       754   0.16614
       755   0.16536
       756   0.16536
       757   0.16536
       758   0.16536
       759   0.16536
       760   0.16458
       761   0.16458
       762   0.16458
       763   0.16458
       764   0.16458
       765   0.16379
       766   0.16379
       767   0.16301
       768   0.16301
       769   0.16379
       770   0.16301
       771   0.16301
       772   0.16223
       773   0.16223
       774   0.16223
       775   0.16144
       776   0.16066
       777   0.16066
       778   0.15987
       779   0.15987
       780   0.15909
       781   0.15909
       782   0.15831
       783   0.15752
       784   0.15752
       785   0.15752
       786   0.15596
       787   0.15596
       788   0.15517
       789   0.15439
       790   0.15439
       791   0.15282
       792   0.15204
       793   0.15204
       794   0.15047
       795   0.15047
       796   0.14969
       797   0.14812
       798   0.14812
       799   0.14734
       800   0.14577
       801   0.14498
       802   0.14498
       803   0.14342
       804   0.14263
       805   0.14185
       806   0.14107
       807   0.13950
       808   0.13871
       809   0.13793
       810   0.13715
       811   0.13636
       812   0.13558
       813   0.13401
       814   0.13323
       815   0.13245
       816   0.13166
       817   0.13009
       818   0.12931
       819   0.12853
       820   0.12696
       821   0.12618
       822   0.12539
       823   0.12461
       824   0.12304
       825   0.12304
       826   0.12226
       827   0.12069
       828   0.11991
       829   0.11912
       830   0.11834
       831   0.13245
       832   0.13950
       833   0.14498
       834   0.14890
       835   0.15204
       836   0.15439
       837   0.15752
       838   0.16066
       839   0.16223
       840   0.16379
       841   0.16536
       842   0.16771
       843   0.16928
       844   0.17006
       845   0.17241
       846   0.17398
       847   0.17398
       848   0.17633
       849   0.17712
       850   0.17790
       851   0.17947
       852   0.18025
       853   0.18182
       854   0.18260
       855   0.18260
       856   0.18417
       857   0.18495
       858   0.18574
       859   0.18417
       860   0.18339
       861   0.18182
       862   0.18025
       863   0.17868
       864   0.17712
       865   0.17633
       866   0.17476
       867   0.17398
       868   0.17163
       869   0.17085
       870   0.16928
       871   0.16771
       872   0.16693
       873   0.16458
       874   0.16379
       875   0.16223
       876   0.16066
       877   0.15909
       878   0.15752
       879   0.15674
       880   0.15439
       881   0.15361
       882   0.15125
       883   0.14969
       884   0.14890
       885   0.14655
       886   0.14577
       887   0.14342
       888   0.14185
       889   0.14028
       890   0.13871
       891   0.13715
       892   0.13558
       893   0.13323
       894   0.13245
       895   0.13088
       896   0.12853
       897   0.12696
       898   0.12539
       899   0.12304
       900   0.12147
       901   0.11991
       902   0.11755
       903   0.11599
       904   0.11442
       905   0.11207
       906   0.11050
       907   0.10893
       908   0.10658
       909   0.10502
       910   0.10345
       911   0.10423
       912   0.10580
       913   0.10658
       914   0.10815
       915   0.10893
       916   0.11050
       917   0.11129
       918   0.11285
       919   0.11364
       920   0.11520
       921   0.11599
       922   0.11755
       923   0.11834
       924   0.11991
       925   0.12069
       926   0.12226
       927   0.12304
       928   0.12461
       929   0.12539
       930   0.12696
       931   0.12774
       932   0.12931
       933   0.13009
       934   0.13166
       935   0.13245
       936   0.13323
       937   0.13480
       938   0.13558
       939   0.13715
       940   0.13793
       941   0.13950
       942   0.14028
       943   0.14107
       944   0.14263
       945   0.14342
       946   0.14498
       947   0.14577
       948   0.14655
       949   0.14812
       950   0.14890
       951   0.15047
       952   0.15125
       953   0.15204
       954   0.15361
       955   0.15439
       956   0.15517
       957   0.15674
       958   0.15752
       959   0.15831
       960   0.15987
       961   0.16066
       962   0.16144
       963   0.16301
       964   0.16379
       965   0.16458
       966   0.16536
       967   0.16693
       968   0.16771
       969   0.16850
       970   0.16928
       971   0.17085
       972   0.17163
       973   0.17241
       974   0.17320
       975   0.17476
       976   0.17555
       977   0.17633
       978   0.17712
       979   0.17790
       980   0.17868
       981   0.18025
       982   0.18103
       983   0.18182
       984   0.18260
       985   0.18339
       986   0.18417
       987   0.18495
       988   0.18574
       989   0.18652
       990   0.18730
       991   0.18730
       992   0.18652
       993   0.18574
       994   0.18495
       995   0.18417
       996   0.18339
       997   0.18260
       998   0.18182
       999   0.18103
      1000   0.18025
      1001   0.17868
      1002   0.17790
      1003   0.17712
      1004   0.17633
      1005   0.17476
      1006   0.17398
      1007   0.17241
      1008   0.17085
      1009   0.17006
      1010   0.16771
      1011   0.16693
      1012   0.16536
      1013   0.16301
      1014   0.16144
      1015   0.15987
      1016   0.15752
      1017   0.15517
      1018   0.15204
      1019   0.14890
      1020   0.14577
      1021   0.14107
      1022   0.13480
      1023   0.12539
      1024   0.12539
      1025   0.12539
      1026   0.12539
      1027   0.12539
      1028   0.12539
      1029   0.12539
      1030   0.12539
      1031   0.12539
      1032   0.12539
      1033   0.12539
      1034   0.12539
      1035   0.12539
      1036   0.12539
      1037   0.12539
      1038   0.12539
      1039   0.12539
      1040   0.12539
      1041   0.12539
      1042   0.12539
      1043   0.12539
      1044   0.12539
      1045   0.12539
      1046   0.12539
      1047   0.12539
      1048   0.12539
      1049   0.12539
      1050   0.12539
      1051   0.12539
      1052   0.12539
      1053   0.12539
      1054   0.12539
      1055   0.12539
      1056   0.12539
      1057   0.12539
      1058   0.12539
      1059   0.12539
      1060   0.12539
      1061   0.12539
      1062   0.12539
      1063   0.12539
      1064   0.12539
      1065   0.12539
      1066   0.12539
      1067   0.12539
      1068   0.12539
      1069   0.12539
      1070   0.12539
      1071   0.12539
      1072   0.12539
      1073   0.12539
      1074   0.12539
      1075   0.12539
      1076   0.12539
      1077   0.12539
      1078   0.12539
      1079   0.12539
      1080   0.12539
      1081   0.12539
      1082   0.12539
      1083   0.12539
      1084   0.12539
      1085   0.12539
      1086   0.12539
      1087   0.12539
      1088   0.12539
      1089   0.12539
      1090   0.12539
      1091   0.12539
      1092   0.12539
      1093   0.12539
      1094   0.12539
      1095   0.12539
      1096   0.12539
      1097   0.12539
      1098   0.12539
      1099   0.12539
      1100   0.12539
      1101   0.12539
      1102   0.12539
      1103   0.12539
      1104   0.12539
      1105   0.12539
      1106   0.12539
      1107   0.12539
      1108   0.12539
      1109   0.12539
      1110   0.12539
      1111   0.12539
      1112   0.12539
      1113   0.12539
      1114   0.12539
      1115   0.12539
      1116   0.12539
      1117   0.12539
      1118   0.12539
      1119   0.12539
      1120   0.12539
      1121   0.12539
      1122   0.12539
      1123   0.12539
      1124   0.12539
      1125   0.12539
      1126   0.12539
      1127   0.12539
      1128   0.12539
      1129   0.12539
      1130   0.12539
      1131   0.12539
      1132   0.12539
      1133   0.12539
      1134   0.12539
      1135   0.12539
      1136   0.12539
      1137   0.12539
      1138   0.12539
      1139   0.12539
      1140   0.12539
      1141   0.12539
      1142   0.12539
      1143   0.12539
      1144   0.12539
      1145   0.12539
      1146   0.12539
      1147   0.12539
      1148   0.12539
      1149   0.12539
      1150   0.12539
      1151   0.12539
      1152   0.12539
      1153   0.12539
      1154   0.12539
      1155   0.12539
      1156   0.12539
      1157   0.12539
      1158   0.12539
      1159   0.12539
      1160   0.12539
      1161   0.12539
      1162   0.12539
      1163   0.12539
      1164   0.12539
      1165   0.12539
      1166   0.12539
      1167   0.12539
      1168   0.12539
      1169   0.12539
      1170   0.12539
      1171   0.12539
      1172   0.12539
      1173   0.12539
      1174   0.12539
      1175   0.12539
      1176   0.12539
      1177   0.12539
      1178   0.12539
      1179   0.12539
      1180   0.12539
      1181   0.12539
      1182   0.12539
      1183   0.12539
      1184   0.12539
      1185   0.12539
      1186   0.12539
      1187   0.12539
      1188   0.12539
      1189   0.12539
      1190   0.12539
      1191   0.12539
      1192   0.12539
      1193   0.12539
      1194   0.12539
      1195   0.12539
      1196   0.12539
      1197   0.12461
      1198   0.12382
      1199   0.12304
      1200   0.12226
      1201   0.12147
      1202   0.12069
      1203   0.11991
      1204   0.11912
      1205   0.11834
      1206   0.11755
      1207   0.11677
      1208   0.11599
      1209   0.11520
      1210   0.11442
      1211   0.11364
      1212   0.11285
      1213   0.11207
      1214   0.11129
      1215   0.11050
      1216   0.10972
      1217   0.10893
      1218   0.10815
      1219   0.10737
      1220   0.10658
      1221   0.10580
      1222   0.10502
      1223   0.10423
      1224   0.10345
      1225   0.10266
      1226   0.10188
      1227   0.10110
      1228   0.10031
      1229   0.09953
      1230   0.09875
      1231   0.09796
      1232   0.09718
      1233   0.09639
      1234   0.09561
      1235   0.09483
      1236   0.09404
      1237   0.09326
      1238   0.09248
      1239   0.09169
      1240   0.09091
      1241   0.09013
      1242   0.08934
      1243   0.08856
      1244   0.08777
      1245   0.08699
      1246   0.08621
      1247   0.08542
      1248   0.08464
      1249   0.08386
      1250   0.08307
      1251   0.08229
      1252   0.08150
      1253   0.08072
      1254   0.07994
      1255   0.07915
      1256   0.07837
      1257   0.07759
      1258   0.07680
      1259   0.07602
      1260   0.07524
      1261   0.07445
      1262   0.07367
      1263   0.07288
      1264   0.07210
      1265   0.07132
      1266   0.07053
      1267   0.06975
      1268   0.06897
      1269   0.06818
      1270   0.06740
      1271   0.06661
      1272   0.06583
      1273   0.06505
      1274   0.06426
      1275   0.06348
      1276   0.06270
