         1   0.03605
         2   0.03683
         3   0.03840
         4   0.03918
         5   0.03997
         6   0.04154
         7   0.04232
         8   0.04389
         9   0.04467
        10   0.04624
        11   0.04702
        12   0.04859
        13   0.04937
        14   0.05016
        15   0.05172
        16   0.05251
        17   0.05408
        18   0.05486
        19   0.05643
        20   0.05799
        21   0.05878
        22   0.06034
        23   0.06113
        24   0.06270
        25   0.06348
        26   0.06505
        27   0.06583
        28   0.06740
        29   0.06897
        30   0.06975
        31   0.07132
        32   0.07288
        33   0.07367
        34   0.07524
        35   0.07680
        36   0.07759
        37   0.07915
        38   0.08072
        39   0.08150
        40   0.08307
        41   0.08464
        42   0.08542
        43   0.08699
        44   0.08856
        45   0.09013
        46   0.09091
        47   0.09248
        48   0.09326
        49   0.09326
        50   0.09483
        51   0.09561
        52   0.09639
        53   0.09639
        54   0.09796
        55   0.09875
        56   0.09875
        57   0.10031
        58   0.10110
        59   0.10110
        60   0.10266
        61   0.10266
        62   0.10345
        63   0.10502
        64   0.10502
        65   0.10580
        66   0.10580
        67   0.10658
        68   0.10737
        69   0.10737
        70   0.10893
        71   0.10893
        72   0.10893
        73   0.11050
        74   0.11050
        75   0.11129
        76   0.11129
        77   0.11129
        78   0.11207
        79   0.11285
        80   0.11285
        81   0.11364
        82   0.11364
        83   0.11364
        84   0.11442
        85   0.11442
        86   0.11442
        87   0.11520
        88   0.11520
        89   0.11599
        90   0.11520
        91   0.11520
        92   0.11599
        93   0.11599
        94   0.11677
        95   0.11677
        96   0.11599
        97   0.11677
        98   0.11677
        99   0.11755
       100   0.11677
       101   0.11677
       102   0.11755
       103   0.11755
       104   0.11755
       105   0.11755
       106   0.11755
       107   0.11755
       108   0.11755
       109   0.11834
       110   0.11755
       111   0.11755
       112   0.11834
       113   0.11755
       114   0.11834
       115   0.11755
       116   0.11834
       117   0.11834
       118   0.11755
       119   0.11834
       120   0.11755
       121   0.11834
       122   0.11834
       123   0.11755
       124   0.11834
       125   0.11755
       126   0.11834
       127   0.11834
       128   0.11834
       129   0.11834
       130   0.11755
       131   0.11834
       132   0.11834
       133   0.11834
       134   0.11834
       135   0.11755
       136   0.11834
       137   0.11755
       138   0.11834
       139   0.11834
       140   0.11755
       141   0.11834
       142   0.11755
       143   0.11755
       144   0.11834
       145   0.11755
       146   0.11834
       147   0.11755
       148   0.11755
       149   0.11755
       150   0.11755
       151   0.11755
       152   0.11677
       153   0.11755
       154   0.11677
       155   0.11677
       156   0.11755
       157   0.11677
       158   0.11677
       159   0.11599
       160   0.11677
       161   0.11677
       162   0.11599
       163   0.11599
       164   0.11520
       165   0.11520
       166   0.11520
       167   0.11520
       168   0.11520
       169   0.11520
       170   0.11442
       171   0.11442
       172   0.11364
       173   0.11364
       174   0.11364
       175   0.11285
       176   0.11285
       177   0.11285
       178   0.11129
       179   0.11129
       180   0.11129
       181   0.11050
       182   0.11050
       183   0.10972
       184   0.10893
       185   0.10893
       186   0.10815
       187   0.10737
       188   0.10737
       189   0.10658
       190   0.10580
       191   0.10502
       192   0.10502
       193   0.10345
       194   0.10345
       195   0.10266
       196   0.10110
       197   0.10110
       198   0.10031
       199   0.09875
       200   0.09875
       201   0.09796
       202   0.09718
       203   0.09639
       204   0.09953
       205   0.10110
       206   0.10188
       207   0.10188
       208   0.10188
       209   0.10110
       210   0.10188
       211   0.10110
       212   0.10031
       213   0.10031
       214   0.09953
       215   0.09875
       216   0.09796
       217   0.09796
       218   0.09718
       219   0.09639
       220   0.09561
       221   0.09483
       222   0.09404
       223   0.09326
       224   0.09248
       225   0.09169
       226   0.09091
       227   0.09013
       228   0.08934
       229   0.08856
       230   0.08699
       231   0.08699
       232   0.08542
       233   0.08542
       234   0.08386
       235   0.08307
       236   0.08229
       237   0.08150
       238   0.07994
       239   0.07915
       240   0.07837
       241   0.07759
       242   0.07602
       243   0.07524
       244   0.07367
       245   0.07367
       246   0.07210
       247   0.07132
       248   0.06975
       249   0.06897
       250   0.06818
       251   0.06661
       252   0.06740
       253   0.06818
       254   0.06975
       255   0.07053
       256   0.07132
       257   0.07132
       258   0.07288
       259   0.07367
       260   0.07445
       261   0.07445
       262   0.07602
       263   0.07602
       264   0.07680
       265   0.07759
       266   0.07837
       267   0.07837
       268   0.07915
       269   0.07994
       270   0.07994
       271   0.08072
       272   0.08072
       273   0.08072
       274   0.08150
       275   0.08150
       276   0.08150
       277   0.08229
       278   0.08229
       279   0.08150
       280   0.08229
       281   0.08150
       282   0.08229
       283   0.08150
       284   0.08150
       285   0.08072
       286   0.07994
       287   0.07915
       288   0.07680
       289   0.07445
       290   0.06975
       291   0.07053
       292   0.07053
       293   0.07210
       294   0.07210
       295   0.07288
       296   0.07288
       297   0.07367
       298   0.07445
       299   0.07524
       300   0.07524
       301   0.07602
       302   0.07680
       303   0.07759
       304   0.07837
       305   0.07837
       306   0.07915
       307   0.08072
       308   0.08072
       309   0.08150
       310   0.08229
       311   0.08307
       312   0.08386
       313   0.08464
       314   0.08542
       315   0.08621
       316   0.08699
       317   0.08777
       318   0.08856
       319   0.09013
       320   0.09013
       321   0.09091
       322   0.09169
       323   0.09326
       324   0.09404
       325   0.09483
       326   0.09561
       327   0.09718
       328   0.09796
       329   0.09796
       330   0.09953
       331   0.10031
       332   0.10110
       333   0.10266
       334   0.10345
       335   0.10423
       336   0.10502
       337   0.10658
       338   0.10737
       339   0.10815
       340   0.10972
       341   0.11050
       342   0.11129
       343   0.11207
       344   0.11285
       345   0.11364
       346   0.11520
       347   0.11520
       348   0.11599
       349   0.11755
       350   0.11755
       351   0.11834
       352   0.11912
       353   0.11991
       354   0.11991
       355   0.12069
       356   0.12147
       357   0.12147
       358   0.12226
       359   0.12304
       360   0.12382
       361   0.12382
       362   0.12382
       363   0.12461
       364   0.12461
       365   0.12461
       366   0.12539
       367   0.12539
       368   0.12618
       369   0.12618
       370   0.12618
       371   0.12696
       372   0.12696
       373   0.12696
       374   0.12696
       375   0.12696
       376   0.12774
       377   0.12774
       378   0.12774
       379   0.12774
       380   0.12853
       381   0.12774
       382   0.12774
       383   0.12853
       384   0.12774
       385   0.12853
       386   0.12853
       387   0.12853
       388   0.12853
       389   0.12931
       390   0.12853
       391   0.12853
       392   0.12853
       393   0.12853
       394   0.12931
       395   0.12853
       396   0.12931
       397   0.12853
       398   0.12931
       399   0.12853
       400   0.12931
       401   0.12853
       402   0.12931
       403   0.12853
       404   0.12931
       405   0.12853
       406   0.12931
       407   0.12931
       408   0.12853
       409   0.12931
       410   0.12853
       411   0.12931
       412   0.12853
       413   0.12931
       414   0.12853
       415   0.12931
       416   0.12853
       417   0.12931
       418   0.12853
       419   0.12931
       420   0.12853
       421   0.12931
       422   0.12853
       423   0.12931
       424   0.12853
       425   0.12931
       426   0.12853
       427   0.12931
       428   0.12853
       429   0.12931
       430   0.12853
       431   0.12931
       432   0.12853
       433   0.12931
       434   0.12853
       435   0.12853
       436   0.12931
       437   0.12853
       438   0.12931
       439   0.12853
       440   0.12931
       441   0.12853
       442   0.12853
       443   0.12853
       444   0.12853
       445   0.12853
       446   0.12853
       447   0.12853
       448   0.12853
       449   0.12853
       450   0.12774
       451   0.12853
       452   0.12774
       453   0.12774
       454   0.12696
       455   0.12774
       456   0.12774
       457   0.12696
       458   0.12696
       459   0.12696
       460   0.12696
       461   0.12696
       462   0.12618
       463   0.12618
       464   0.12539
       465   0.12539
       466   0.12539
       467   0.12461
       468   0.12461
       469   0.12382
       470   0.12382
       471   0.12382
       472   0.12304
       473   0.12226
       474   0.12226
       475   0.12147
       476   0.12147
       477   0.12069
       478   0.11991
       479   0.11912
       480   0.11834
       481   0.11755
       482   0.11755
       483   0.11599
       484   0.11599
       485   0.11520
       486   0.11364
       487   0.11364
       488   0.11285
       489   0.11129
       490   0.11050
       491   0.10972
       492   0.10815
       493   0.10737
       494   0.12069
       495   0.12539
       496   0.12774
       497   0.12931
       498   0.12853
       499   0.12853
       500   0.12853
       501   0.12774
       502   0.12696
       503   0.12618
       504   0.12539
       505   0.12461
       506   0.12382
       507   0.12304
       508   0.12226
       509   0.12226
       510   0.12069
       511   0.11991
       512   0.11912
       513   0.11755
       514   0.11677
       515   0.11599
       516   0.11442
       517   0.11364
       518   0.11207
       519   0.11129
       520   0.11050
       521   0.10893
       522   0.10737
       523   0.10737
       524   0.10580
       525   0.10423
       526   0.10345
       527   0.10188
       528   0.10031
       529   0.09953
       530   0.09796
       531   0.09718
       532   0.09561
       533   0.09483
       534   0.09326
       535   0.09091
       536   0.09013
       537   0.08856
       538   0.08777
       539   0.08542
       540   0.08464
       541   0.08307
       542   0.08150
       543   0.07994
       544   0.07915
       545   0.07759
       546   0.07602
       547   0.07759
       548   0.07837
       549   0.07994
       550   0.08150
       551   0.08229
       552   0.08386
       553   0.08542
       554   0.08621
       555   0.08777
       556   0.08856
       557   0.08934
       558   0.09091
       559   0.09169
       560   0.09248
       561   0.09404
       562   0.09483
       563   0.09639
       564   0.09718
       565   0.09796
       566   0.09953
       567   0.10031
       568   0.10110
       569   0.10266
       570   0.10266
       571   0.10423
       572   0.10502
       573   0.10658
       574   0.10658
       575   0.10737
       576   0.10815
       577   0.10893
       578   0.11050
       579   0.11050
       580   0.11129
       581   0.11207
       582   0.11285
       583   0.11364
       584   0.11442
       585   0.11442
       586   0.11520
       587   0.11520
       588   0.11599
       589   0.11599
       590   0.11677
       591   0.11677
       592   0.11755
       593   0.11755
       594   0.11755
       595   0.11599
       596   0.11129
       597   0.10815
       598   0.10266
       599   0.09404
       600   0.09483
       601   0.09483
       602   0.09639
       603   0.09639
       604   0.09718
       605   0.09796
       606   0.09875
       607   0.09953
       608   0.10031
       609   0.10031
       610   0.10188
       611   0.10188
       612   0.10266
       613   0.10345
       614   0.10423
       615   0.10502
       616   0.10580
       617   0.10658
       618   0.10737
       619   0.10737
       620   0.10815
       621   0.10972
       622   0.10972
       623   0.11050
       624   0.11050
       625   0.11207
       626   0.11285
       627   0.11285
       628   0.11442
       629   0.11442
       630   0.11520
       631   0.11599
       632   0.11677
       633   0.11677
       634   0.11755
       635   0.11834
       636   0.11912
       637   0.11912
       638   0.11991
       639   0.12069
       640   0.12069
       641   0.12147
       642   0.12226
       643   0.12226
       644   0.12304
       645   0.12382
       646   0.12382
       647   0.12461
       648   0.12461
       649   0.12461
       650   0.12618
       651   0.12618
       652   0.12618
       653   0.12696
       654   0.12696
       655   0.12696
       656   0.12774
       657   0.12774
       658   0.12774
       659   0.12853
       660   0.12853
       661   0.12931
       662   0.12931
       663   0.12931
       664   0.13009
       665   0.13009
       666   0.13009
       667   0.13088
       668   0.13009
       669   0.13009
       670   0.13088
       671   0.13088
       672   0.13166
       673   0.13166
       674   0.13088
       675   0.13166
       676   0.13166
       677   0.13166
       678   0.13166
       679   0.13166
       680   0.13245
       681   0.13245
       682   0.13166
       683   0.13245
       684   0.13245
       685   0.13323
       686   0.13245
       687   0.13245
       688   0.13323
       689   0.13245
       690   0.13245
       691   0.13323
       692   0.13245
       693   0.13323
       694   0.13323
       695   0.13245
       696   0.13323
       697   0.13323
       698   0.13323
       699   0.13323
       700   0.13323
       701   0.13323
       702   0.13323
       703   0.13323
       704   0.13323
       705   0.13323
       706   0.13323
       707   0.13323
       708   0.13323
       709   0.13323
       710   0.13323
       711   0.13245
       712   0.13323
       713   0.13323
       714   0.13323
       715   0.13323
       716   0.13323
       717   0.13323
       718   0.13323
       719   0.13245
       720   0.13323
       721   0.13323
       722   0.13245
       723   0.13323
       724   0.13245
       725   0.13245
       726   0.13323
       727   0.13245
       728   0.13245
       729   0.13323
       730   0.13245
       731   0.13245
       732   0.13166
       733   0.13245
       734   0.13245
       735   0.13166
       736   0.13166
       737   0.13166
       738   0.13166
       739   0.13166
       740   0.13088
       741   0.13166
       742   0.13166
       743   0.13088
       744   0.13088
       745   0.13009
       746   0.13009
       747   0.13088
       748   0.13009
       749   0.13009
       750   0.13009
       751   0.12931
       752   0.12931
       753   0.12931
       754   0.12853
       755   0.12853
       756   0.12774
       757   0.12774
       758   0.12774
       759   0.12696
       760   0.12696
       761   0.12696
       762   0.12618
       763   0.12618
       764   0.12618
       765   0.12461
       766   0.12461
       767   0.12461
       768   0.12382
       769   0.12382
       770   0.12304
       771   0.12226
       772   0.12226
       773   0.12147
       774   0.12069
       775   0.12069
       776   0.11991
       777   0.11912
       778   0.11912
       779   0.11834
       780   0.11755
       781   0.11677
       782   0.11677
       783   0.11599
       784   0.11520
       785   0.11442
       786   0.11442
       787   0.11285
       788   0.11285
       789   0.11207
       790   0.11129
       791   0.11050
       792   0.10972
       793   0.10972
       794   0.10815
       795   0.10737
       796   0.10737
       797   0.10658
       798   0.10580
       799   0.10502
       800   0.10423
       801   0.10345
       802   0.10266
       803   0.10188
       804   0.10188
       805   0.10031
       806   0.10031
       807   0.09953
       808   0.09875
       809   0.09796
       810   0.09718
       811   0.09639
       812   0.09639
       813   0.09483
       814   0.09483
       815   0.09404
       816   0.09326
       817   0.09248
       818   0.09169
       819   0.09169
       820   0.09091
       821   0.09013
       822   0.08934
       823   0.08856
       824   0.08856
       825   0.08699
       826   0.08699
       827   0.08621
       828   0.08621
       829   0.08542
       830   0.08464
       831   0.08386
       832   0.08386
       833   0.08307
       834   0.08307
       835   0.08150
       836   0.08150
       837   0.08072
       838   0.08072
       839   0.07915
       840   0.07915
       841   0.07915
       842   0.07837
       843   0.07837
       844   0.07680
       845   0.07680
       846   0.07602
       847   0.07602
       848   0.07602
       849   0.07524
       850   0.07445
       851   0.07445
       852   0.07367
       853   0.07367
       854   0.07288
       855   0.08621
       856   0.09404
       857   0.09875
       858   0.10266
       859   0.10658
       860   0.10893
       861   0.11129
       862   0.11442
       863   0.11677
       864   0.11834
       865   0.12147
       866   0.12147
       867   0.12461
       868   0.12618
       869   0.12696
       870   0.12853
       871   0.13009
       872   0.13009
       873   0.13009
       874   0.12931
       875   0.12853
       876   0.12696
       877   0.12618
       878   0.12539
       879   0.12382
       880   0.12226
       881   0.12147
       882   0.11991
       883   0.11834
       884   0.11755
       885   0.11599
       886   0.11520
       887   0.11285
       888   0.11207
       889   0.11050
       890   0.10893
       891   0.10815
       892   0.10580
       893   0.10423
       894   0.10345
       895   0.10188
       896   0.09953
       897   0.09796
       898   0.09718
       899   0.09561
       900   0.09404
       901   0.09169
       902   0.09013
       903   0.08856
       904   0.08699
       905   0.08464
       906   0.08307
       907   0.08150
       908   0.07994
       909   0.07837
       910   0.07602
       911   0.07759
       912   0.07837
       913   0.07994
       914   0.08072
       915   0.08229
       916   0.08307
       917   0.08464
       918   0.08542
       919   0.08699
       920   0.08777
       921   0.08934
       922   0.09013
       923   0.09091
       924   0.09248
       925   0.09326
       926   0.09483
       927   0.09561
       928   0.09639
       929   0.09796
       930   0.09875
       931   0.10031
       932   0.10110
       933   0.10188
       934   0.10345
       935   0.10423
       936   0.10502
       937   0.10658
       938   0.10737
       939   0.10815
       940   0.10972
       941   0.11050
       942   0.11129
       943   0.11285
       944   0.11364
       945   0.11442
       946   0.11599
       947   0.11677
       948   0.11755
       949   0.11834
       950   0.11991
       951   0.12069
       952   0.12147
       953   0.12226
       954   0.12382
       955   0.12461
       956   0.12539
       957   0.12618
       958   0.12696
       959   0.12774
       960   0.12931
       961   0.13009
       962   0.13088
       963   0.13166
       964   0.13245
       965   0.13323
       966   0.13401
       967   0.13480
       968   0.13558
       969   0.13636
       970   0.13715
       971   0.13715
       972   0.13636
       973   0.13558
       974   0.13480
       975   0.13401
       976   0.13323
       977   0.13245
       978   0.13088
       979   0.13009
       980   0.12931
       981   0.12853
       982   0.12696
       983   0.12539
       984   0.12461
       985   0.12304
       986   0.12069
       987   0.11991
       988   0.11755
       989   0.11599
       990   0.11364
       991   0.11129
       992   0.10737
       993   0.10345
       994   0.09404
       995   0.09404
       996   0.09404
       997   0.09404
       998   0.09404
       999   0.09404
      1000   0.09404
      1001   0.09404
      1002   0.09404
      1003   0.09404
      1004   0.09404
      1005   0.09404
      1006   0.09404
      1007   0.09404
      1008   0.09404
      1009   0.09404
      1010   0.09404
      1011   0.09404
      1012   0.09404
      1013   0.09404
      1014   0.09404
      1015   0.09404
      1016   0.09404
      1017   0.09404
      1018   0.09404
      1019   0.09404
      1020   0.09404
      1021   0.09404
      1022   0.09404
      1023   0.09404
      1024   0.09404
      1025   0.09404
      1026   0.09404
      1027   0.09404
      1028   0.09404
      1029   0.09404
      1030   0.09404
      1031   0.09404
      1032   0.09404
      1033   0.09404
      1034   0.09404
      1035   0.09404
      1036   0.09404
      1037   0.09404
      1038   0.09404
      1039   0.09404
      1040   0.09404
      1041   0.09404
      1042   0.09404
      1043   0.09404
      1044   0.09404
      1045   0.09404
      1046   0.09404
      1047   0.09404
      1048   0.09404
      1049   0.09404
      1050   0.09404
      1051   0.09404
      1052   0.09404
      1053   0.09404
      1054   0.09404
      1055   0.09404
      1056   0.09404
      1057   0.09404
      1058   0.09404
      1059   0.09404
      1060   0.09404
      1061   0.09404
      1062   0.09404
      1063   0.09404
      1064   0.09404
      1065   0.09404
      1066   0.09404
      1067   0.09404
      1068   0.09404
      1069   0.09404
      1070   0.09404
      1071   0.09404
      1072   0.09404
      1073   0.09404
      1074   0.09404
      1075   0.09404
      1076   0.09404
      1077   0.09404
      1078   0.09404
      1079   0.09404
      1080   0.09404
      1081   0.09404
      1082   0.09404
      1083   0.09404
      1084   0.09404
      1085   0.09404
      1086   0.09404
      1087   0.09404
      1088   0.09404
      1089   0.09404
      1090   0.09404
      1091   0.09404
      1092   0.09404
      1093   0.09404
      1094   0.09404
      1095   0.09404
      1096   0.09404
      1097   0.09404
      1098   0.09404
      1099   0.09404
      1100   0.09404
      1101   0.09404
      1102   0.09404
      1103   0.09404
      1104   0.09404
      1105   0.09404
      1106   0.09404
      1107   0.09404
      1108   0.09404
      1109   0.09404
      1110   0.09404
      1111   0.09404
      1112   0.09404
      1113   0.09404
      1114   0.09404
      1115   0.09404
      1116   0.09404
      1117   0.09404
      1118   0.09404
      1119   0.09404
      1120   0.09404
      1121   0.09404
      1122   0.09404
      1123   0.09404
      1124   0.09404
      1125   0.09404
      1126   0.09404
      1127   0.09404
      1128   0.09404
      1129   0.09404
      1130   0.09404
      1131   0.09404
      1132   0.09404
      1133   0.09404
      1134   0.09404
      1135   0.09404
      1136   0.09404
      1137   0.09404
      1138   0.09404
      1139   0.09404
      1140   0.09404
      1141   0.09404
      1142   0.09404
      1143   0.09404
      1144   0.09404
      1145   0.09404
      1146   0.09404
      1147   0.09404
      1148   0.09404
      1149   0.09404
      1150   0.09404
      1151   0.09404
      1152   0.09404
      1153   0.09404
      1154   0.09404
      1155   0.09404
      1156   0.09404
      1157   0.09404
      1158   0.09404
      1159   0.09404
      1160   0.09404
      1161   0.09404
      1162   0.09404
      1163   0.09404
      1164   0.09404
      1165   0.09404
      1166   0.09404
      1167   0.09404
      1168   0.09404
      1169   0.09404
      1170   0.09404
      1171   0.09404
      1172   0.09404
      1173   0.09404
      1174   0.09404
      1175   0.09404
      1176   0.09404
      1177   0.09404
      1178   0.09404
      1179   0.09404
      1180   0.09404
      1181   0.09404
      1182   0.09404
      1183   0.09404
      1184   0.09404
      1185   0.09404
      1186   0.09404
      1187   0.09404
      1188   0.09404
      1189   0.09404
      1190   0.09404
      1191   0.09404
      1192   0.09404
      1193   0.09404
      1194   0.09404
      1195   0.09404
      1196   0.09404
      1197   0.09404
      1198   0.09404
      1199   0.09404
      1200   0.09404
      1201   0.09404
      1202   0.09404
      1203   0.09404
      1204   0.09404
      1205   0.09404
      1206   0.09404
      1207   0.09404
      1208   0.09404
      1209   0.09404
      1210   0.09404
      1211   0.09404
      1212   0.09404
      1213   0.09404
      1214   0.09404
      1215   0.09404
      1216   0.09404
      1217   0.09326
      1218   0.09248
      1219   0.09169
      1220   0.09091
      1221   0.09013
      1222   0.08934
      1223   0.08856
      1224   0.08777
      1225   0.08699
      1226   0.08621
      1227   0.08542
      1228   0.08464
      1229   0.08386
      1230   0.08307
      1231   0.08229
      1232   0.08150
      1233   0.08072
      1234   0.07994
      1235   0.07915
      1236   0.07837
      1237   0.07759
      1238   0.07680
      1239   0.07602
      1240   0.07524
      1241   0.07445
      1242   0.07367
      1243   0.07288
      1244   0.07210
      1245   0.07132
      1246   0.07053
      1247   0.06975
      1248   0.06897
      1249   0.06818
      1250   0.06740
      1251   0.06661
      1252   0.06583
      1253   0.06505
      1254   0.06426
      1255   0.06348
      1256   0.06270
      1257   0.06191
      1258   0.06113
      1259   0.06034
      1260   0.05956
      1261   0.05878
      1262   0.05799
      1263   0.05721
      1264   0.05643
      1265   0.05564
      1266   0.05486
      1267   0.05408
      1268   0.05329
      1269   0.05251
      1270   0.05172
      1271   0.05094
      1272   0.05016
      1273   0.04937
      1274   0.04859
      1275   0.04781
      1276   0.04702
