         1   0.99922
         2   0.99922
         3   0.99922
         4   0.99922
         5   0.99922
         6   0.99922
         7   0.99922
         8   0.99922
         9   0.99922
        10   0.99922
        11   0.99922
        12   0.99922
        13   0.99922
        14   0.99922
        15   0.99922
        16   0.99922
        17   0.99922
        18   0.99922
        19   0.99922
        20   0.99922
        21   0.99922
        22   0.99922
        23   0.99922
        24   0.99922
        25   0.99922
        26   0.99922
        27   0.99922
        28   0.99922
        29   0.99922
        30   0.99922
        31   0.99922
        32   0.99922
        33   0.99922
        34   0.99922
        35   0.99922
        36   0.99922
        37   0.99922
        38   0.99922
        39   0.99922
        40   0.99922
        41   0.99922
        42   0.99922
        43   0.99922
        44   0.99922
        45   0.99922
        46   0.99922
        47   0.99922
        48   0.99922
        49   0.99922
        50   0.99922
        51   0.99922
        52   0.99922
        53   0.99922
        54   0.99922
        55   0.99922
        56   0.99922
        57   0.99922
        58   0.99922
        59   0.99922
        60   0.99922
        61   0.99922
        62   0.99922
        63   0.99922
        64   0.99922
        65   0.99922
        66   0.99922
        67   0.99922
        68   0.99922
        69   0.99922
        70   0.99922
        71   0.99922
        72   0.99922
        73   0.99922
        74   0.99922
        75   0.99922
        76   0.99922
        77   0.99922
        78   0.99922
        79   0.99922
        80   0.99922
        81   0.99922
        82   0.99922
        83   0.99922
        84   0.99922
        85   0.99922
        86   0.99922
        87   0.99922
        88   0.99922
        89   0.99922
        90   0.99922
        91   0.99922
        92   0.99922
        93   0.99922
        94   0.99922
        95   0.99922
        96   0.99922
        97   0.99922
        98   0.99922
        99   0.99922
       100   0.99922
       101   0.99922
       102   0.99922
       103   0.99922
       104   0.99922
       105   0.99922
       106   0.99922
       107   0.99922
       108   0.99922
       109   0.99922
       110   0.99922
       111   0.99922
       112   0.99922
       113   0.99922
       114   0.99922
       115   0.99922
       116   0.99922
       117   0.99922
       118   0.99922
       119   0.99922
       120   0.99922
       121   0.99922
       122   0.99922
       123   0.99922
       124   0.99922
       125   0.99922
       126   0.99922
       127   0.99922
       128   0.99922
       129   0.99922
       130   0.99922
       131   0.99922
       132   0.99922
       133   0.99922
       134   0.99922
       135   0.99922
       136   0.99922
       137   0.99922
       138   0.99922
       139   0.99922
       140   0.99922
       141   0.99922
       142   0.99922
       143   0.99922
       144   0.99922
       145   0.99922
       146   0.99922
       147   0.99922
       148   0.99922
       149   0.99922
       150   0.99922
       151   0.99922
       152   0.99922
       153   0.99922
       154   0.99922
       155   0.99922
       156   0.99922
       157   0.99922
       158   0.99922
       159   0.99922
       160   0.99922
       161   0.99922
       162   0.99922
       163   0.99922
       164   0.99922
       165   0.99922
       166   0.99922
       167   0.99922
       168   0.99922
       169   0.99922
       170   0.99922
       171   0.99922
       172   0.99922
       173   0.99922
       174   0.99922
       175   0.99922
       176   0.99922
       177   0.99922
       178   0.99922
       179   0.99922
       180   0.99922
       181   0.99922
       182   0.99922
       183   0.99922
       184   0.99922
       185   0.99922
       186   0.99922
       187   0.99922
       188   0.99922
       189   0.99922
       190   0.99922
       191   0.99922
       192   0.99922
       193   0.99922
       194   0.99922
       195   0.99922
       196   0.99922
       197   0.99922
       198   0.99922
       199   0.99922
       200   0.99922
       201   0.99922
       202   0.99922
       203   0.99922
       204   0.99922
       205   0.99922
       206   0.99922
       207   0.99922
       208   0.99922
       209   0.99922
       210   0.99922
       211   0.99922
       212   0.99922
       213   0.99922
       214   0.99922
       215   0.99922
       216   0.99922
       217   0.99922
       218   0.99922
       219   0.99922
       220   0.99922
       221   0.99922
       222   0.99922
       223   0.99922
       224   0.99922
       225   0.99922
       226   0.99922
       227   0.99922
       228   0.99922
       229   0.99922
       230   0.99922
       231   0.99922
       232   0.99922
       233   0.99922
       234   0.99922
       235   0.99922
       236   0.99922
       237   0.99922
       238   0.99922
       239   0.99922
       240   0.99922
       241   0.99922
       242   0.99922
       243   0.99922
       244   0.99922
       245   0.99922
       246   0.99922
       247   0.99922
       248   0.99922
       249   0.99922
       250   0.99922
       251   0.99843
       252   0.99843
       253   0.99843
       254   0.99843
       255   0.99765
       256   0.99765
       257   0.99765
       258   0.99765
       259   0.99765
       260   0.99687
       261   0.99687
       262   0.99687
       263   0.99687
       264   0.99608
       265   0.99608
       266   0.99608
       267   0.99530
       268   0.99530
       269   0.99530
       270   0.99530
       271   0.99451
       272   0.99451
       273   0.99451
       274   0.99373
       275   0.99373
       276   0.99373
       277   0.99373
       278   0.99295
       279   0.99295
       280   0.99295
       281   0.99216
       282   0.99216
       283   0.99216
       284   0.99138
       285   0.99138
       286   0.99138
       287   0.99060
       288   0.99060
       289   0.99060
       290   0.98981
       291   0.98981
       292   0.98981
       293   0.98903
       294   0.98903
       295   0.98903
       296   0.98903
       297   0.98824
       298   0.98824
       299   0.98824
       300   0.98746
       301   0.98746
       302   0.98746
       303   0.98668
       304   0.98668
       305   0.98668
       306   0.98589
       307   0.98589
       308   0.98589
       309   0.98511
       310   0.98511
       311   0.98511
       312   0.98433
       313   0.98433
       314   0.98433
       315   0.98354
       316   0.98354
       317   0.98354
       318   0.98354
       319   0.98276
       320   0.98276
       321   0.98276
       322   0.98197
       323   0.98197
       324   0.98197
       325   0.98119
       326   0.98119
       327   0.98119
       328   0.98119
       329   0.98041
       330   0.98041
       331   0.98041
       332   0.97962
       333   0.97962
       334   0.97962
       335   0.97962
       336   0.97884
       337   0.97884
       338   0.97884
       339   0.97884
       340   0.97806
       341   0.97806
       342   0.97806
       343   0.97806
       344   0.97727
       345   0.97727
       346   0.97727
       347   0.97727
       348   0.97727
       349   0.97649
       350   0.97649
       351   0.97649
       352   0.97649
       353   0.97649
       354   0.97571
       355   0.97571
       356   0.97571
       357   0.97571
       358   0.97571
       359   0.97571
       360   0.97492
       361   0.97492
       362   0.97492
       363   0.97492
       364   0.97492
       365   0.97492
       366   0.97492
       367   0.97414
       368   0.97414
       369   0.97414
       370   0.97414
       371   0.97414
       372   0.97414
       373   0.97414
       374   0.97414
       375   0.97414
       376   0.97335
       377   0.97335
       378   0.97335
       379   0.97335
       380   0.97335
       381   0.97335
       382   0.97335
       383   0.97335
       384   0.97335
       385   0.97335
       386   0.97335
       387   0.97335
       388   0.97335
       389   0.97335
       390   0.97335
       391   0.97335
       392   0.97335
       393   0.97335
       394   0.97335
       395   0.97335
       396   0.97335
       397   0.97335
       398   0.97335
       399   0.97335
       400   0.97335
       401   0.97335
       402   0.97414
       403   0.97414
       404   0.97414
       405   0.97414
       406   0.97414
       407   0.97414
       408   0.97414
       409   0.97414
       410   0.97414
       411   0.97492
       412   0.97492
       413   0.97492
       414   0.97492
       415   0.97492
       416   0.97492
       417   0.97571
       418   0.97571
       419   0.97571
       420   0.97571
       421   0.97571
       422   0.97649
       423   0.97649
       424   0.97649
       425   0.97649
       426   0.97727
       427   0.97727
       428   0.97727
       429   0.97806
       430   0.97806
       431   0.97806
       432   0.97806
       433   0.97884
       434   0.97884
       435   0.97884
       436   0.97962
       437   0.97962
       438   0.97962
       439   0.98041
       440   0.98041
       441   0.98041
       442   0.98119
       443   0.98119
       444   0.98197
       445   0.98197
       446   0.98197
       447   0.98276
       448   0.98276
       449   0.98354
       450   0.98354
       451   0.98433
       452   0.98433
       453   0.98511
       454   0.98511
       455   0.98511
       456   0.98589
       457   0.98589
       458   0.98668
       459   0.98668
       460   0.98746
       461   0.98824
       462   0.98824
       463   0.98903
       464   0.98903
       465   0.98981
       466   0.98981
       467   0.99060
       468   0.99060
       469   0.99138
       470   0.99216
       471   0.99216
       472   0.99295
       473   0.99373
       474   0.99373
       475   0.99451
       476   0.99451
       477   0.99530
       478   0.99608
       479   0.99608
       480   0.99687
       481   0.99765
       482   0.99765
       483   0.99843
       484   0.99922
       485   0.99922
       486   0.99922
       487   0.99922
       488   0.99922
       489   0.99922
       490   0.99922
       491   0.99922
       492   0.99922
       493   0.99922
       494   0.99922
       495   0.99922
       496   0.99922
       497   0.99922
       498   0.99922
       499   0.99922
       500   0.99922
       501   0.99922
       502   0.99922
       503   0.99922
       504   0.99922
       505   0.99922
       506   0.99922
       507   0.99922
       508   0.99922
       509   0.99922
       510   0.99922
       511   0.99922
       512   0.99922
       513   0.99922
       514   0.99922
       515   0.99922
       516   0.99922
       517   0.99922
       518   0.99922
       519   0.99922
       520   0.99922
       521   0.99922
       522   0.99922
       523   0.99922
       524   0.99922
       525   0.99922
       526   0.99922
       527   0.99922
       528   0.99922
       529   0.99922
       530   0.99922
       531   0.99922
       532   0.99922
       533   0.99922
       534   0.99922
       535   0.99922
       536   0.99922
       537   0.99922
       538   0.99922
       539   0.99922
       540   0.99922
       541   0.99922
       542   0.99922
       543   0.99922
       544   0.99922
       545   0.99922
       546   0.99922
       547   0.99922
       548   0.99922
       549   0.99922
       550   0.99922
       551   0.99922
       552   0.99922
       553   0.99922
       554   0.99922
       555   0.99922
       556   0.99922
       557   0.99922
       558   0.99922
       559   0.99922
       560   0.99922
       561   0.99922
       562   0.99922
       563   0.99922
       564   0.99922
       565   0.99922
       566   0.99922
       567   0.99922
       568   0.99922
       569   0.99922
       570   0.99922
       571   0.99922
       572   0.99922
       573   0.99922
       574   0.99922
       575   0.99922
       576   0.99922
       577   0.99922
       578   0.99922
       579   0.99922
       580   0.99922
       581   0.99922
       582   0.99922
       583   0.99922
       584   0.99922
       585   0.99922
       586   0.99922
       587   0.99922
       588   0.99922
       589   0.99922
       590   0.99922
       591   0.99922
       592   0.99922
       593   0.99922
       594   0.99922
       595   0.99922
       596   0.99922
       597   0.99922
       598   0.99922
       599   0.99922
       600   0.99922
       601   0.99922
       602   0.99922
       603   0.99922
       604   0.99922
       605   0.99922
       606   0.99922
       607   0.99922
       608   0.99922
       609   0.99922
       610   0.99922
       611   0.99922
       612   0.99922
       613   0.99922
       614   0.99922
       615   0.99922
       616   0.99922
       617   0.99922
       618   0.99922
       619   0.99922
       620   0.99922
       621   0.99922
       622   0.99922
       623   0.99922
       624   0.99922
       625   0.99922
       626   0.99922
       627   0.99922
       628   0.99922
       629   0.99922
       630   0.99922
       631   0.99922
       632   0.99922
       633   0.99922
       634   0.99922
       635   0.99922
       636   0.99922
       637   0.99922
       638   0.99922
       639   0.99922
       640   0.99922
       641   0.99922
       642   0.99922
       643   0.99922
       644   0.99922
       645   0.99922
       646   0.99922
       647   0.99922
       648   0.99922
       649   0.99922
       650   0.99922
       651   0.99922
       652   0.99922
       653   0.99922
       654   0.99922
       655   0.99922
       656   0.99922
       657   0.99922
       658   0.99922
       659   0.99922
       660   0.99922
       661   0.99922
       662   0.99922
       663   0.99922
       664   0.99922
       665   0.99922
       666   0.99922
       667   0.99922
       668   0.99922
       669   0.99922
       670   0.99922
       671   0.99922
       672   0.99922
       673   0.99922
       674   0.99922
       675   0.99922
       676   0.99922
       677   0.99922
       678   0.99922
       679   0.99922
       680   0.99922
       681   0.99922
       682   0.99922
       683   0.99922
       684   0.99922
       685   0.99922
       686   0.99922
       687   0.99922
       688   0.99922
       689   0.99922
       690   0.99922
       691   0.99922
       692   0.99922
       693   0.99922
       694   0.99922
       695   0.99922
       696   0.99922
       697   0.99922
       698   0.99922
       699   0.99922
       700   0.99922
       701   0.99922
       702   0.99922
       703   0.99922
       704   0.99922
       705   0.99922
       706   0.99922
       707   0.99922
       708   0.99922
       709   0.99922
       710   0.99922
       711   0.99922
       712   0.99922
       713   0.99922
       714   0.99922
       715   0.99922
       716   0.99922
       717   0.99922
       718   0.99922
       719   0.99922
       720   0.99922
       721   0.99922
       722   0.99922
       723   0.99922
       724   0.99922
       725   0.99922
       726   0.99922
       727   0.99922
       728   0.99922
       729   0.99922
       730   0.99922
       731   0.99922
       732   0.99922
       733   0.99922
       734   0.99922
       735   0.99922
       736   0.99922
       737   0.99922
       738   0.99922
       739   0.99922
       740   0.99922
       741   0.99922
       742   0.99922
       743   0.99922
       744   0.99922
       745   0.99922
       746   0.99922
       747   0.99922
       748   0.99922
       749   0.99922
       750   0.99922
       751   0.99922
       752   0.99922
       753   0.99922
       754   0.99922
       755   0.99922
       756   0.99922
       757   0.99922
       758   0.99922
       759   0.99922
       760   0.99922
       761   0.99922
       762   0.99922
       763   0.99922
       764   0.99922
       765   0.99922
       766   0.99922
       767   0.99922
       768   0.99922
       769   0.99922
       770   0.99922
       771   0.99922
       772   0.99922
       773   0.99922
       774   0.99922
       775   0.99922
       776   0.99922
       777   0.99922
       778   0.99922
       779   0.99922
       780   0.99922
       781   0.99922
       782   0.99922
       783   0.99922
       784   0.99922
       785   0.99922
       786   0.99922
       787   0.99922
       788   0.99922
       789   0.99922
       790   0.99922
       791   0.99922
       792   0.99922
       793   0.99922
       794   0.99922
       795   0.99922
       796   0.99922
       797   0.99922
       798   0.99922
       799   0.99922
       800   0.99922
       801   0.99922
       802   0.99922
       803   0.99922
       804   0.99922
       805   0.99922
       806   0.99922
       807   0.99922
       808   0.99922
       809   0.99922
       810   0.99922
       811   0.99922
       812   0.99922
       813   0.99922
       814   0.99922
       815   0.99922
       816   0.99922
       817   0.99922
       818   0.99922
       819   0.99922
       820   0.99922
       821   0.99922
       822   0.99922
       823   0.99922
       824   0.99922
       825   0.99922
       826   0.99922
       827   0.99922
       828   0.99922
       829   0.99922
       830   0.99922
       831   0.99922
       832   0.99922
       833   0.99922
       834   0.99922
       835   0.99922
       836   0.99922
       837   0.99922
       838   0.99922
       839   0.99922
       840   0.99922
       841   0.99922
       842   0.99922
       843   0.99922
       844   0.99922
       845   0.99922
       846   0.99922
       847   0.99922
       848   0.99922
       849   0.99922
       850   0.99922
       851   0.99922
       852   0.99843
       853   0.99765
       854   0.99687
       855   0.99687
       856   0.99608
       857   0.99530
       858   0.99451
       859   0.99373
       860   0.99373
       861   0.99295
       862   0.99216
       863   0.99138
       864   0.99060
       865   0.98981
       866   0.98981
       867   0.98903
       868   0.98824
       869   0.98746
       870   0.98668
       871   0.98589
       872   0.98511
       873   0.98511
       874   0.98433
       875   0.98354
       876   0.98276
       877   0.98197
       878   0.98119
       879   0.98041
       880   0.97962
       881   0.97884
       882   0.97806
       883   0.97727
       884   0.97649
       885   0.97571
       886   0.97492
       887   0.97414
       888   0.97335
       889   0.97257
       890   0.97179
       891   0.97100
       892   0.97022
       893   0.96944
       894   0.96865
       895   0.96787
       896   0.96708
       897   0.96630
       898   0.96552
       899   0.96473
       900   0.96395
       901   0.96317
       902   0.96238
       903   0.96160
       904   0.96003
       905   0.95925
       906   0.95846
       907   0.95768
       908   0.95690
       909   0.95611
       910   0.95533
       911   0.95611
       912   0.95690
       913   0.95768
       914   0.95846
       915   0.95925
       916   0.96003
       917   0.96082
       918   0.96160
       919   0.96238
       920   0.96317
       921   0.96395
       922   0.96473
       923   0.96552
       924   0.96630
       925   0.96708
       926   0.96787
       927   0.96865
       928   0.96944
       929   0.97022
       930   0.97100
       931   0.97179
       932   0.97257
       933   0.97335
       934   0.97414
       935   0.97492
       936   0.97571
       937   0.97649
       938   0.97727
       939   0.97806
       940   0.97884
       941   0.97962
       942   0.98041
       943   0.98119
       944   0.98197
       945   0.98276
       946   0.98354
       947   0.98433
       948   0.98511
       949   0.98589
       950   0.98668
       951   0.98746
       952   0.98824
       953   0.98903
       954   0.98981
       955   0.99060
       956   0.99138
       957   0.99216
       958   0.99295
       959   0.99373
       960   0.99451
       961   0.99530
       962   0.99608
       963   0.99687
       964   0.99765
       965   0.99843
       966   0.99922
       967   0.99922
       968   0.99922
       969   0.99922
       970   0.99922
       971   0.99922
       972   0.99922
       973   0.99922
       974   0.99922
       975   0.99922
       976   0.99922
       977   0.99922
       978   0.99922
       979   0.99922
       980   0.99922
       981   0.99922
       982   0.99922
       983   0.99922
       984   0.99922
       985   0.99922
       986   0.99922
       987   0.99922
       988   0.99922
       989   0.99922
       990   0.99922
       991   0.99922
       992   0.99922
       993   0.99922
       994   0.99922
       995   0.99922
       996   0.99922
       997   0.99922
       998   0.99922
       999   0.99922
      1000   0.99922
      1001   0.99922
      1002   0.99922
      1003   0.99922
      1004   0.99922
      1005   0.99922
      1006   0.99922
      1007   0.99922
      1008   0.99922
      1009   0.99922
      1010   0.99922
      1011   0.99922
      1012   0.99922
      1013   0.99922
      1014   0.99922
      1015   0.99922
      1016   0.99922
      1017   0.99922
      1018   0.99922
      1019   0.99922
      1020   0.99922
      1021   0.99922
      1022   0.99922
      1023   0.99922
      1024   0.99922
      1025   0.99922
      1026   0.99922
      1027   0.99922
      1028   0.99922
      1029   0.99922
      1030   0.99922
      1031   0.99922
      1032   0.99922
      1033   0.99922
      1034   0.99922
      1035   0.99922
      1036   0.99922
      1037   0.99922
      1038   0.99922
      1039   0.99922
      1040   0.99922
      1041   0.99922
      1042   0.99922
      1043   0.99922
      1044   0.99922
      1045   0.99922
      1046   0.99922
      1047   0.99922
      1048   0.99922
      1049   0.99922
      1050   0.99922
      1051   0.99922
      1052   0.99922
      1053   0.99922
      1054   0.99922
      1055   0.99922
      1056   0.99922
      1057   0.99922
      1058   0.99922
      1059   0.99922
      1060   0.99922
      1061   0.99922
      1062   0.99922
      1063   0.99922
      1064   0.99922
      1065   0.99922
      1066   0.99922
      1067   0.99922
      1068   0.99922
      1069   0.99922
      1070   0.99922
      1071   0.99922
      1072   0.99922
      1073   0.99922
      1074   0.99922
      1075   0.99922
      1076   0.99922
      1077   0.99922
      1078   0.99922
      1079   0.99922
      1080   0.99922
      1081   0.99922
      1082   0.99922
      1083   0.99922
      1084   0.99922
      1085   0.99922
      1086   0.99922
      1087   0.99922
      1088   0.99922
      1089   0.99922
      1090   0.99922
      1091   0.99922
      1092   0.99922
      1093   0.99922
      1094   0.99922
      1095   0.99922
      1096   0.99922
      1097   0.99922
      1098   0.99922
      1099   0.99922
      1100   0.99922
      1101   0.99922
      1102   0.99922
      1103   0.99922
      1104   0.99922
      1105   0.99922
      1106   0.99922
      1107   0.99922
      1108   0.99922
      1109   0.99922
      1110   0.99922
      1111   0.99922
      1112   0.99922
      1113   0.99922
      1114   0.99922
      1115   0.99922
      1116   0.99922
      1117   0.99922
      1118   0.99922
      1119   0.99922
      1120   0.99922
      1121   0.99922
      1122   0.99922
      1123   0.99922
      1124   0.99922
      1125   0.99922
      1126   0.99922
      1127   0.99922
      1128   0.99922
      1129   0.99922
      1130   0.99922
      1131   0.99922
      1132   0.99922
      1133   0.99922
      1134   0.99922
      1135   0.99922
      1136   0.99922
      1137   0.99922
      1138   0.99922
      1139   0.99922
      1140   0.99922
      1141   0.99922
      1142   0.99922
      1143   0.99922
      1144   0.99922
      1145   0.99922
      1146   0.99922
      1147   0.99922
      1148   0.99922
      1149   0.99922
      1150   0.99922
      1151   0.99922
      1152   0.99922
      1153   0.99922
      1154   0.99922
      1155   0.99922
      1156   0.99922
      1157   0.99922
      1158   0.99922
      1159   0.99922
      1160   0.99922
      1161   0.99922
      1162   0.99922
      1163   0.99922
      1164   0.99922
      1165   0.99922
      1166   0.99922
      1167   0.99922
      1168   0.99922
      1169   0.99922
      1170   0.99922
      1171   0.99922
      1172   0.99922
      1173   0.99922
      1174   0.99922
      1175   0.99922
      1176   0.99922
      1177   0.99922
      1178   0.99922
      1179   0.99922
      1180   0.99922
      1181   0.99922
      1182   0.99922
      1183   0.99922
      1184   0.99922
      1185   0.99922
      1186   0.99922
      1187   0.99922
      1188   0.99922
      1189   0.99922
      1190   0.99922
      1191   0.99922
      1192   0.99922
      1193   0.99922
      1194   0.99922
      1195   0.99922
      1196   0.99922
      1197   0.99922
      1198   0.99922
      1199   0.99922
      1200   0.99922
      1201   0.99922
      1202   0.99922
      1203   0.99922
      1204   0.99922
      1205   0.99922
      1206   0.99922
      1207   0.99922
      1208   0.99922
      1209   0.99922
      1210   0.99922
      1211   0.99922
      1212   0.99922
      1213   0.99922
      1214   0.99922
      1215   0.99922
      1216   0.99922
      1217   0.99922
      1218   0.99922
      1219   0.99922
      1220   0.99922
      1221   0.99843
      1222   0.99687
      1223   0.99530
      1224   0.99373
      1225   0.99216
      1226   0.99060
      1227   0.98903
      1228   0.98824
      1229   0.98668
      1230   0.98511
      1231   0.98354
      1232   0.98197
      1233   0.98041
      1234   0.97884
      1235   0.97727
      1236   0.97571
      1237   0.97414
      1238   0.97257
      1239   0.97100
      1240   0.96944
      1241   0.96787
      1242   0.96630
      1243   0.96473
      1244   0.94279
      1245   0.92712
      1246   0.91536
      1247   0.90517
      1248   0.89655
      1249   0.88871
      1250   0.88088
      1251   0.87382
      1252   0.86677
      1253   0.86050
      1254   0.85423
      1255   0.84796
      1256   0.84248
      1257   0.83621
      1258   0.83072
      1259   0.82367
      1260   0.81818
      1261   0.81270
      1262   0.80799
      1263   0.80251
      1264   0.79624
      1265   0.78997
      1266   0.78448
      1267   0.77978
      1268   0.77429
      1269   0.76959
      1270   0.76254
      1271   0.75705
      1272   0.75157
      1273   0.74608
      1274   0.73981
      1275   0.73276
      1276   0.72727
