         1   0.01794
         2   0.01849
         3   0.01903
         4   0.02012
         5   0.02066
         6   0.02121
         7   0.02175
         8   0.02229
         9   0.02338
        10   0.02393
        11   0.02447
        12   0.02501
        13   0.02556
        14   0.02664
        15   0.02719
        16   0.02773
        17   0.02828
        18   0.02882
        19   0.02991
        20   0.03045
        21   0.03100
        22   0.03154
        23   0.03263
        24   0.03317
        25   0.03371
        26   0.03426
        27   0.03535
        28   0.03589
        29   0.03643
        30   0.03698
        31   0.03752
        32   0.03861
        33   0.03915
        34   0.03970
        35   0.04024
        36   0.04024
        37   0.04024
        38   0.04078
        39   0.04133
        40   0.04133
        41   0.04133
        42   0.04133
        43   0.04187
        44   0.04241
        45   0.04241
        46   0.04296
        47   0.04296
        48   0.04296
        49   0.04296
        50   0.04405
        51   0.04405
        52   0.04405
        53   0.04459
        54   0.04459
        55   0.04459
        56   0.04568
        57   0.04568
        58   0.04568
        59   0.04622
        60   0.04622
        61   0.04676
        62   0.04731
        63   0.04731
        64   0.04785
        65   0.04785
        66   0.04840
        67   0.04894
        68   0.04894
        69   0.04894
        70   0.04948
        71   0.04948
        72   0.05057
        73   0.05057
        74   0.05057
        75   0.05111
        76   0.05166
        77   0.05220
        78   0.05220
        79   0.05220
        80   0.05275
        81   0.05329
        82   0.05383
        83   0.05383
        84   0.05383
        85   0.05438
        86   0.05492
        87   0.05546
        88   0.05546
        89   0.05601
        90   0.05655
        91   0.05710
        92   0.05710
        93   0.05710
        94   0.05764
        95   0.05818
        96   0.05873
        97   0.05873
        98   0.05927
        99   0.05982
       100   0.05982
       101   0.06036
       102   0.06036
       103   0.06145
       104   0.06145
       105   0.06199
       106   0.06199
       107   0.06253
       108   0.06308
       109   0.06308
       110   0.06362
       111   0.06417
       112   0.06417
       113   0.06471
       114   0.06525
       115   0.06525
       116   0.06580
       117   0.06580
       118   0.06634
       119   0.06688
       120   0.06688
       121   0.06688
       122   0.06797
       123   0.06797
       124   0.06797
       125   0.06852
       126   0.06906
       127   0.06906
       128   0.06906
       129   0.06960
       130   0.06960
       131   0.06960
       132   0.07069
       133   0.07069
       134   0.07069
       135   0.07069
       136   0.07123
       137   0.07123
       138   0.07123
       139   0.07178
       140   0.07178
       141   0.07178
       142   0.07178
       143   0.07232
       144   0.07232
       145   0.07232
       146   0.07287
       147   0.07287
       148   0.07287
       149   0.07341
       150   0.07341
       151   0.07341
       152   0.07395
       153   0.07395
       154   0.07395
       155   0.07395
       156   0.07395
       157   0.07395
       158   0.07395
       159   0.07450
       160   0.07450
       161   0.07450
       162   0.07504
       163   0.07450
       164   0.07450
       165   0.07450
       166   0.07504
       167   0.07504
       168   0.07450
       169   0.07504
       170   0.07504
       171   0.07504
       172   0.07504
       173   0.07504
       174   0.07504
       175   0.07504
       176   0.07504
       177   0.07504
       178   0.07504
       179   0.07558
       180   0.07504
       181   0.07504
       182   0.07504
       183   0.07558
       184   0.07504
       185   0.07504
       186   0.07504
       187   0.07504
       188   0.07504
       189   0.07504
       190   0.07504
       191   0.07504
       192   0.07504
       193   0.07504
       194   0.07450
       195   0.07504
       196   0.07504
       197   0.07504
       198   0.07450
       199   0.07450
       200   0.07504
       201   0.07450
       202   0.07450
       203   0.07450
       204   0.07395
       205   0.07395
       206   0.07395
       207   0.07395
       208   0.07395
       209   0.07395
       210   0.07395
       211   0.07341
       212   0.07341
       213   0.07341
       214   0.07287
       215   0.07287
       216   0.07287
       217   0.07232
       218   0.07232
       219   0.07232
       220   0.07232
       221   0.07178
       222   0.07178
       223   0.07178
       224   0.07123
       225   0.07123
       226   0.07123
       227   0.07069
       228   0.07069
       229   0.07069
       230   0.07069
       231   0.06960
       232   0.06960
       233   0.06960
       234   0.06906
       235   0.06906
       236   0.06906
       237   0.06852
       238   0.06797
       239   0.06797
       240   0.06797
       241   0.06688
       242   0.06688
       243   0.06688
       244   0.06634
       245   0.06580
       246   0.06580
       247   0.06525
       248   0.06525
       249   0.06471
       250   0.07069
       251   0.07395
       252   0.07667
       253   0.07830
       254   0.08048
       255   0.08157
       256   0.08211
       257   0.08374
       258   0.08428
       259   0.08592
       260   0.08592
       261   0.08755
       262   0.08809
       263   0.08864
       264   0.08918
       265   0.08918
       266   0.09027
       267   0.09027
       268   0.09135
       269   0.09081
       270   0.09190
       271   0.09244
       272   0.09299
       273   0.09244
       274   0.09299
       275   0.09353
       276   0.09407
       277   0.09353
       278   0.09407
       279   0.09462
       280   0.09462
       281   0.09516
       282   0.09516
       283   0.09462
       284   0.09570
       285   0.09570
       286   0.09570
       287   0.09570
       288   0.09570
       289   0.09570
       290   0.09679
       291   0.09625
       292   0.09570
       293   0.09625
       294   0.09625
       295   0.09679
       296   0.09570
       297   0.09462
       298   0.09407
       299   0.09244
       300   0.09135
       301   0.08972
       302   0.08918
       303   0.08809
       304   0.08646
       305   0.08537
       306   0.08428
       307   0.08320
       308   0.08211
       309   0.08102
       310   0.07939
       311   0.07830
       312   0.07722
       313   0.07613
       314   0.07450
       315   0.07341
       316   0.07232
       317   0.07069
       318   0.06960
       319   0.06852
       320   0.06688
       321   0.06580
       322   0.06471
       323   0.06362
       324   0.06199
       325   0.06090
       326   0.05982
       327   0.05873
       328   0.05655
       329   0.05546
       330   0.05438
       331   0.05329
       332   0.05166
       333   0.05003
       334   0.04894
       335   0.04840
       336   0.04948
       337   0.05057
       338   0.05166
       339   0.05220
       340   0.05329
       341   0.05438
       342   0.05546
       343   0.05601
       344   0.05710
       345   0.05818
       346   0.05927
       347   0.05982
       348   0.06090
       349   0.06199
       350   0.06308
       351   0.06362
       352   0.06471
       353   0.06580
       354   0.06688
       355   0.06743
       356   0.06852
       357   0.06960
       358   0.07015
       359   0.07123
       360   0.07232
       361   0.07341
       362   0.07395
       363   0.07504
       364   0.07613
       365   0.07667
       366   0.07776
       367   0.07885
       368   0.07939
       369   0.08048
       370   0.08157
       371   0.08211
       372   0.08320
       373   0.08428
       374   0.08483
       375   0.08592
       376   0.08700
       377   0.08755
       378   0.08864
       379   0.08972
       380   0.09027
       381   0.09135
       382   0.09190
       383   0.09299
       384   0.09407
       385   0.09462
       386   0.09462
       387   0.09407
       388   0.09462
       389   0.09407
       390   0.09407
       391   0.09353
       392   0.09353
       393   0.09299
       394   0.09353
       395   0.09299
       396   0.09299
       397   0.09244
       398   0.09244
       399   0.09190
       400   0.09135
       401   0.09135
       402   0.09081
       403   0.09081
       404   0.09027
       405   0.08972
       406   0.08918
       407   0.08918
       408   0.08864
       409   0.08809
       410   0.08755
       411   0.08755
       412   0.08700
       413   0.08646
       414   0.08592
       415   0.08483
       416   0.08428
       417   0.08374
       418   0.08320
       419   0.08211
       420   0.08157
       421   0.08102
       422   0.07993
       423   0.07885
       424   0.07776
       425   0.07613
       426   0.07558
       427   0.07395
       428   0.07287
       429   0.07123
       430   0.06960
       431   0.06688
       432   0.06362
       433   0.06090
       434   0.05492
       435   0.05492
       436   0.05546
       437   0.05601
       438   0.05601
       439   0.05601
       440   0.05655
       441   0.05655
       442   0.05710
       443   0.05710
       444   0.05710
       445   0.05710
       446   0.05710
       447   0.05764
       448   0.05764
       449   0.05764
       450   0.05764
       451   0.05764
       452   0.05764
       453   0.05764
       454   0.05764
       455   0.05764
       456   0.05764
       457   0.05764
       458   0.05764
       459   0.05764
       460   0.05764
       461   0.05710
       462   0.05710
       463   0.05710
       464   0.05710
       465   0.05710
       466   0.05655
       467   0.05655
       468   0.05655
       469   0.05655
       470   0.05601
       471   0.05601
       472   0.05601
       473   0.05546
       474   0.05546
       475   0.05546
       476   0.05492
       477   0.05492
       478   0.05438
       479   0.05438
       480   0.05383
       481   0.05383
       482   0.05383
       483   0.05438
       484   0.05438
       485   0.05492
       486   0.05492
       487   0.05492
       488   0.05546
       489   0.05546
       490   0.05601
       491   0.05601
       492   0.05601
       493   0.05601
       494   0.05655
       495   0.05655
       496   0.05655
       497   0.05710
       498   0.05710
       499   0.05710
       500   0.05710
       501   0.05710
       502   0.05710
       503   0.05764
       504   0.05764
       505   0.05764
       506   0.05764
       507   0.05764
       508   0.05764
       509   0.05764
       510   0.05764
       511   0.05764
       512   0.05764
       513   0.05764
       514   0.05764
       515   0.05764
       516   0.05764
       517   0.05710
       518   0.05710
       519   0.05710
       520   0.05710
       521   0.05655
       522   0.05655
       523   0.05655
       524   0.05601
       525   0.05601
       526   0.05546
       527   0.05546
       528   0.05492
       529   0.05438
       530   0.05383
       531   0.05383
       532   0.05438
       533   0.05438
       534   0.05438
       535   0.05438
       536   0.05438
       537   0.05438
       538   0.05438
       539   0.05438
       540   0.05438
       541   0.05438
       542   0.05438
       543   0.05438
       544   0.05438
       545   0.05438
       546   0.05438
       547   0.05438
       548   0.05438
       549   0.05438
       550   0.05438
       551   0.05438
       552   0.05438
       553   0.05438
       554   0.05438
       555   0.05438
       556   0.05438
       557   0.05438
       558   0.05438
       559   0.05438
       560   0.05438
       561   0.05438
       562   0.05438
       563   0.05438
       564   0.05438
       565   0.05438
       566   0.05438
       567   0.05438
       568   0.05438
       569   0.05438
       570   0.05438
       571   0.05438
       572   0.05438
       573   0.05438
       574   0.05438
       575   0.05438
       576   0.05438
       577   0.05438
       578   0.05438
       579   0.05438
       580   0.05438
       581   0.05438
       582   0.05438
       583   0.05438
       584   0.05438
       585   0.05438
       586   0.05438
       587   0.05438
       588   0.05438
       589   0.05438
       590   0.05438
       591   0.05438
       592   0.05438
       593   0.05438
       594   0.05438
       595   0.05438
       596   0.05438
       597   0.05438
       598   0.05438
       599   0.05764
       600   0.06199
       601   0.06471
       602   0.06634
       603   0.06797
       604   0.06906
       605   0.07069
       606   0.07178
       607   0.07287
       608   0.07395
       609   0.07450
       610   0.07558
       611   0.07613
       612   0.07722
       613   0.07776
       614   0.07830
       615   0.07885
       616   0.07939
       617   0.08048
       618   0.08048
       619   0.08102
       620   0.08157
       621   0.08211
       622   0.08211
       623   0.08265
       624   0.08320
       625   0.08320
       626   0.08374
       627   0.08428
       628   0.08428
       629   0.08428
       630   0.08483
       631   0.08483
       632   0.08537
       633   0.08592
       634   0.08592
       635   0.08592
       636   0.08592
       637   0.08646
       638   0.08646
       639   0.08700
       640   0.08646
       641   0.08700
       642   0.08755
       643   0.08646
       644   0.08592
       645   0.08483
       646   0.08428
       647   0.08320
       648   0.08265
       649   0.08157
       650   0.08102
       651   0.07993
       652   0.07939
       653   0.07830
       654   0.07776
       655   0.07667
       656   0.07613
       657   0.07504
       658   0.07395
       659   0.07341
       660   0.07232
       661   0.07178
       662   0.07069
       663   0.07015
       664   0.06906
       665   0.06852
       666   0.06743
       667   0.06688
       668   0.06580
       669   0.06471
       670   0.06417
       671   0.06308
       672   0.06253
       673   0.06145
       674   0.06090
       675   0.05982
       676   0.05873
       677   0.05818
       678   0.05710
       679   0.05655
       680   0.05546
       681   0.05438
       682   0.05383
       683   0.05275
       684   0.05220
       685   0.05111
       686   0.05057
       687   0.04948
       688   0.04840
       689   0.04785
       690   0.04676
       691   0.04622
       692   0.04513
       693   0.04568
       694   0.04676
       695   0.04840
       696   0.04948
       697   0.05057
       698   0.05220
       699   0.05383
       700   0.05492
       701   0.05601
       702   0.05764
       703   0.05873
       704   0.06036
       705   0.06145
       706   0.06308
       707   0.06417
       708   0.06525
       709   0.06634
       710   0.06797
       711   0.06906
       712   0.07015
       713   0.07178
       714   0.07287
       715   0.07395
       716   0.07450
       717   0.07613
       718   0.07722
       719   0.07830
       720   0.07993
       721   0.08102
       722   0.08157
       723   0.08320
       724   0.08428
       725   0.08483
       726   0.08592
       727   0.08537
       728   0.08428
       729   0.08483
       730   0.08428
       731   0.08320
       732   0.08374
       733   0.08320
       734   0.08320
       735   0.08211
       736   0.08211
       737   0.08211
       738   0.08157
       739   0.08102
       740   0.08102
       741   0.08048
       742   0.07993
       743   0.07939
       744   0.07885
       745   0.07776
       746   0.07776
       747   0.07722
       748   0.07722
       749   0.07613
       750   0.07558
       751   0.07504
       752   0.07450
       753   0.07341
       754   0.07178
       755   0.07123
       756   0.07069
       757   0.06960
       758   0.06797
       759   0.06634
       760   0.06471
       761   0.06253
       762   0.05982
       763   0.05383
       764   0.05492
       765   0.05492
       766   0.05546
       767   0.05601
       768   0.05655
       769   0.05710
       770   0.05764
       771   0.05764
       772   0.05873
       773   0.05873
       774   0.05927
       775   0.05982
       776   0.06036
       777   0.06090
       778   0.06145
       779   0.06199
       780   0.06253
       781   0.06253
       782   0.06308
       783   0.06417
       784   0.06417
       785   0.06471
       786   0.06525
       787   0.06580
       788   0.06580
       789   0.06688
       790   0.06688
       791   0.06688
       792   0.06743
       793   0.06797
       794   0.06852
       795   0.06852
       796   0.06906
       797   0.06960
       798   0.06960
       799   0.07015
       800   0.07015
       801   0.07015
       802   0.07123
       803   0.07123
       804   0.07123
       805   0.07178
       806   0.07178
       807   0.07178
       808   0.07232
       809   0.07232
       810   0.07287
       811   0.07287
       812   0.07287
       813   0.07341
       814   0.07341
       815   0.07341
       816   0.07395
       817   0.07395
       818   0.07341
       819   0.07395
       820   0.07395
       821   0.07450
       822   0.07450
       823   0.07450
       824   0.07450
       825   0.07450
       826   0.07450
       827   0.07504
       828   0.07450
       829   0.07504
       830   0.07504
       831   0.07450
       832   0.07504
       833   0.07504
       834   0.07558
       835   0.07504
       836   0.07504
       837   0.07558
       838   0.07504
       839   0.07504
       840   0.07558
       841   0.07504
       842   0.07558
       843   0.07504
       844   0.07504
       845   0.07558
       846   0.07504
       847   0.07558
       848   0.07558
       849   0.07504
       850   0.07558
       851   0.07558
       852   0.07504
       853   0.07558
       854   0.07504
       855   0.07558
       856   0.07558
       857   0.07504
       858   0.07558
       859   0.07504
       860   0.07504
       861   0.07558
       862   0.07504
       863   0.07504
       864   0.07504
       865   0.07504
       866   0.07504
       867   0.07450
       868   0.07504
       869   0.07504
       870   0.07450
       871   0.07504
       872   0.07450
       873   0.07450
       874   0.07450
       875   0.07450
       876   0.07450
       877   0.07450
       878   0.07395
       879   0.07395
       880   0.07341
       881   0.07395
       882   0.07395
       883   0.07341
       884   0.07341
       885   0.07341
       886   0.07287
       887   0.07287
       888   0.07232
       889   0.07232
       890   0.07232
       891   0.07178
       892   0.07178
       893   0.07178
       894   0.07123
       895   0.07123
       896   0.07123
       897   0.07015
       898   0.07015
       899   0.07015
       900   0.06960
       901   0.06960
       902   0.06906
       903   0.06852
       904   0.06852
       905   0.06797
       906   0.06743
       907   0.06688
       908   0.06688
       909   0.06688
       910   0.06580
       911   0.06580
       912   0.06525
       913   0.06471
       914   0.06417
       915   0.06362
       916   0.06308
       917   0.06253
       918   0.06253
       919   0.06199
       920   0.06145
       921   0.06090
       922   0.06036
       923   0.05982
       924   0.05927
       925   0.05873
       926   0.05873
       927   0.05764
       928   0.05710
       929   0.05710
       930   0.05655
       931   0.05601
       932   0.05546
       933   0.05492
       934   0.05927
       935   0.06090
       936   0.06308
       937   0.06417
       938   0.06471
       939   0.06580
       940   0.06634
       941   0.06688
       942   0.06580
       943   0.06525
       944   0.06471
       945   0.06417
       946   0.06362
       947   0.06308
       948   0.06253
       949   0.06145
       950   0.06145
       951   0.06036
       952   0.05982
       953   0.05873
       954   0.05818
       955   0.05710
       956   0.05710
       957   0.05655
       958   0.05546
       959   0.05492
       960   0.05383
       961   0.05329
       962   0.05220
       963   0.05166
       964   0.05057
       965   0.04948
       966   0.04894
       967   0.04785
       968   0.04731
       969   0.04676
       970   0.04513
       971   0.04459
       972   0.04405
       973   0.04296
       974   0.04187
       975   0.04133
       976   0.04024
       977   0.03915
       978   0.03861
       979   0.03752
       980   0.03643
       981   0.03752
       982   0.03915
       983   0.03970
       984   0.04078
       985   0.04187
       986   0.04241
       987   0.04405
       988   0.04459
       989   0.04568
       990   0.04622
       991   0.04731
       992   0.04840
       993   0.04894
       994   0.04948
       995   0.05057
       996   0.05111
       997   0.05166
       998   0.05220
       999   0.05329
      1000   0.05329
      1001   0.05383
      1002   0.05438
      1003   0.05492
      1004   0.05492
      1005   0.05492
      1006   0.05546
      1007   0.05546
      1008   0.05546
      1009   0.05492
      1010   0.05220
      1011   0.05003
      1012   0.04676
      1013   0.04024
      1014   0.03643
      1015   0.03643
      1016   0.03643
      1017   0.03752
      1018   0.03752
      1019   0.03806
      1020   0.03806
      1021   0.03806
      1022   0.03915
      1023   0.03915
      1024   0.03970
      1025   0.03970
      1026   0.04024
      1027   0.04078
      1028   0.04133
      1029   0.04133
      1030   0.04187
      1031   0.04187
      1032   0.04296
      1033   0.04350
      1034   0.04350
      1035   0.04405
      1036   0.04459
      1037   0.04513
      1038   0.04568
      1039   0.04568
      1040   0.04622
      1041   0.04731
      1042   0.04785
      1043   0.04785
      1044   0.04840
      1045   0.04948
      1046   0.05003
      1047   0.05057
      1048   0.05111
      1049   0.05220
      1050   0.05275
      1051   0.05329
      1052   0.05438
      1053   0.05492
      1054   0.05546
      1055   0.05655
      1056   0.05764
      1057   0.05818
      1058   0.05873
      1059   0.06036
      1060   0.06090
      1061   0.06199
      1062   0.06253
      1063   0.06417
      1064   0.06471
      1065   0.06580
      1066   0.06688
      1067   0.06797
      1068   0.06852
      1069   0.07015
      1070   0.07069
      1071   0.07178
      1072   0.07287
      1073   0.07341
      1074   0.07395
      1075   0.07504
      1076   0.07558
      1077   0.07613
      1078   0.07667
      1079   0.07722
      1080   0.07776
      1081   0.07830
      1082   0.07830
      1083   0.07885
      1084   0.07885
      1085   0.07885
      1086   0.07939
      1087   0.07939
      1088   0.07993
      1089   0.07993
      1090   0.07993
      1091   0.08048
      1092   0.08048
      1093   0.08048
      1094   0.08048
      1095   0.08102
      1096   0.08102
      1097   0.08048
      1098   0.08102
      1099   0.08048
      1100   0.08102
      1101   0.08048
      1102   0.08102
      1103   0.08102
      1104   0.08102
      1105   0.08102
      1106   0.08102
      1107   0.08048
      1108   0.08102
      1109   0.08048
      1110   0.08102
      1111   0.08048
      1112   0.08102
      1113   0.08048
      1114   0.08102
      1115   0.08048
      1116   0.08048
      1117   0.08048
      1118   0.08048
      1119   0.08048
      1120   0.08048
      1121   0.08048
      1122   0.08048
      1123   0.08048
      1124   0.08048
      1125   0.08048
      1126   0.07993
      1127   0.08048
      1128   0.07993
      1129   0.08048
      1130   0.08048
      1131   0.07993
      1132   0.08048
      1133   0.07993
      1134   0.08048
      1135   0.08048
      1136   0.07993
      1137   0.08048
      1138   0.07993
      1139   0.08048
      1140   0.08048
      1141   0.07993
      1142   0.08048
      1143   0.07993
      1144   0.08048
      1145   0.08048
      1146   0.08048
      1147   0.08048
      1148   0.07993
      1149   0.08048
      1150   0.08048
      1151   0.08048
      1152   0.08048
      1153   0.08048
      1154   0.08048
      1155   0.08102
      1156   0.08048
      1157   0.08102
      1158   0.08048
      1159   0.08048
      1160   0.08102
      1161   0.08048
      1162   0.08102
      1163   0.08048
      1164   0.08102
      1165   0.08102
      1166   0.08102
      1167   0.08102
      1168   0.08102
      1169   0.08102
      1170   0.08102
      1171   0.08102
      1172   0.08102
      1173   0.08102
      1174   0.08048
      1175   0.08102
      1176   0.08048
      1177   0.08048
      1178   0.08102
      1179   0.08048
      1180   0.08048
      1181   0.07993
      1182   0.07993
      1183   0.07939
      1184   0.07939
      1185   0.07939
      1186   0.07885
      1187   0.08537
      1188   0.08972
      1189   0.09190
      1190   0.09407
      1191   0.09570
      1192   0.09734
      1193   0.09897
      1194   0.09897
      1195   0.10005
      1196   0.10169
      1197   0.10169
      1198   0.10169
      1199   0.10277
      1200   0.10223
      1201   0.10332
      1202   0.10277
      1203   0.10223
      1204   0.10060
      1205   0.09951
      1206   0.09788
      1207   0.09734
      1208   0.09570
      1209   0.09462
      1210   0.09299
      1211   0.09190
      1212   0.09027
      1213   0.08918
      1214   0.08809
      1215   0.08646
      1216   0.08537
      1217   0.08428
      1218   0.08320
      1219   0.08211
      1220   0.08048
      1221   0.07885
      1222   0.07776
      1223   0.07722
      1224   0.07613
      1225   0.07450
      1226   0.07341
      1227   0.07232
      1228   0.07069
      1229   0.06960
      1230   0.06852
      1231   0.06743
      1232   0.06634
      1233   0.06471
      1234   0.06362
      1235   0.06253
      1236   0.06145
      1237   0.06036
      1238   0.05873
      1239   0.05764
      1240   0.05655
      1241   0.05546
      1242   0.05383
      1243   0.05275
      1244   0.05166
      1245   0.05057
      1246   0.05111
      1247   0.05220
      1248   0.05275
      1249   0.05383
      1250   0.05492
      1251   0.05546
      1252   0.05655
      1253   0.05710
      1254   0.05818
      1255   0.05927
      1256   0.05982
      1257   0.06090
      1258   0.06145
      1259   0.06253
      1260   0.06308
      1261   0.06417
      1262   0.06471
      1263   0.06580
      1264   0.06634
      1265   0.06743
      1266   0.06797
      1267   0.06852
      1268   0.06960
      1269   0.07015
      1270   0.07069
      1271   0.07178
      1272   0.07232
      1273   0.07287
      1274   0.07395
      1275   0.07450
      1276   0.08211
      1277   0.08428
      1278   0.08537
      1279   0.08646
      1280   0.08700
      1281   0.08809
      1282   0.08864
      1283   0.08918
      1284   0.08972
      1285   0.08972
      1286   0.09027
      1287   0.09081
      1288   0.09081
      1289   0.09135
      1290   0.09135
      1291   0.09135
      1292   0.09190
      1293   0.09190
      1294   0.09135
      1295   0.09190
      1296   0.09081
      1297   0.08972
      1298   0.08809
      1299   0.08646
      1300   0.08428
      1301   0.08374
      1302   0.08102
      1303   0.07885
      1304   0.07722
      1305   0.07395
      1306   0.07123
      1307   0.06797
      1308   0.06362
      1309   0.05546
      1310   0.05492
      1311   0.05438
      1312   0.05383
      1313   0.05329
      1314   0.05275
      1315   0.05220
      1316   0.05166
      1317   0.05111
      1318   0.05003
      1319   0.04948
      1320   0.04894
      1321   0.04840
      1322   0.04785
      1323   0.04731
      1324   0.04676
      1325   0.04568
      1326   0.04513
      1327   0.04513
      1328   0.04676
      1329   0.04731
      1330   0.04785
      1331   0.04894
      1332   0.04948
      1333   0.05003
      1334   0.05057
      1335   0.05166
      1336   0.05220
      1337   0.05275
      1338   0.05383
      1339   0.05438
      1340   0.05492
      1341   0.05546
      1342   0.05601
      1343   0.05710
      1344   0.05710
      1345   0.05710
      1346   0.05818
      1347   0.05818
      1348   0.05873
      1349   0.05927
      1350   0.05927
      1351   0.05982
      1352   0.05982
      1353   0.05982
      1354   0.05982
      1355   0.05982
      1356   0.05982
      1357   0.05982
      1358   0.05873
      1359   0.05873
      1360   0.05601
      1361   0.04894
      1362   0.04459
      1363   0.04459
      1364   0.04513
      1365   0.04513
      1366   0.04622
      1367   0.04676
      1368   0.04676
      1369   0.04731
      1370   0.04785
      1371   0.04894
      1372   0.04894
      1373   0.04948
      1374   0.05003
      1375   0.05111
      1376   0.05166
      1377   0.05220
      1378   0.05275
      1379   0.05383
      1380   0.05438
      1381   0.05492
      1382   0.05601
      1383   0.05655
      1384   0.05710
      1385   0.05764
      1386   0.05873
      1387   0.05982
      1388   0.06036
      1389   0.06145
      1390   0.06253
      1391   0.06308
      1392   0.06362
      1393   0.06525
      1394   0.06580
      1395   0.06634
      1396   0.06797
      1397   0.06852
      1398   0.06906
      1399   0.07069
      1400   0.07123
      1401   0.07178
      1402   0.07287
      1403   0.07341
      1404   0.07395
      1405   0.07504
      1406   0.07504
      1407   0.07558
      1408   0.07667
      1409   0.07667
      1410   0.07722
      1411   0.07776
      1412   0.07776
      1413   0.07830
      1414   0.07885
      1415   0.07885
      1416   0.07939
      1417   0.07939
      1418   0.07993
      1419   0.07993
      1420   0.07939
      1421   0.07993
      1422   0.07993
      1423   0.08048
      1424   0.08048
      1425   0.08048
      1426   0.08048
      1427   0.08048
      1428   0.08048
      1429   0.08048
      1430   0.08102
      1431   0.08048
      1432   0.08102
      1433   0.08048
      1434   0.08102
      1435   0.08048
      1436   0.08102
      1437   0.08048
      1438   0.08102
      1439   0.08048
      1440   0.08102
      1441   0.08048
      1442   0.08102
      1443   0.08048
      1444   0.08102
      1445   0.08048
      1446   0.08102
      1447   0.08048
      1448   0.08102
      1449   0.08048
      1450   0.08048
      1451   0.08048
      1452   0.08048
      1453   0.08048
      1454   0.08048
      1455   0.08048
      1456   0.08048
      1457   0.08048
      1458   0.08048
      1459   0.08048
      1460   0.08048
      1461   0.08048
      1462   0.07993
      1463   0.08048
      1464   0.08048
      1465   0.08048
      1466   0.08048
      1467   0.08048
      1468   0.08048
      1469   0.07993
      1470   0.08048
      1471   0.08048
      1472   0.08048
      1473   0.08048
      1474   0.08048
      1475   0.08048
      1476   0.08048
      1477   0.08048
      1478   0.08102
      1479   0.08048
      1480   0.08048
      1481   0.08048
      1482   0.08048
      1483   0.08048
      1484   0.08048
      1485   0.08102
      1486   0.08048
      1487   0.08102
      1488   0.08048
      1489   0.08102
      1490   0.08048
      1491   0.08102
      1492   0.08048
      1493   0.08102
      1494   0.08048
      1495   0.08102
      1496   0.08048
      1497   0.08102
      1498   0.08048
      1499   0.08048
      1500   0.08102
      1501   0.08048
      1502   0.08102
      1503   0.08048
      1504   0.08048
      1505   0.07993
      1506   0.08048
      1507   0.08048
      1508   0.07993
      1509   0.07993
      1510   0.07993
      1511   0.07993
      1512   0.07939
      1513   0.07939
      1514   0.07939
      1515   0.07885
      1516   0.07830
      1517   0.07776
      1518   0.07776
      1519   0.07776
      1520   0.07667
      1521   0.07667
      1522   0.07613
      1523   0.07558
      1524   0.07504
      1525   0.07450
      1526   0.07341
      1527   0.07287
      1528   0.07232
      1529   0.07123
      1530   0.07069
      1531   0.07015
      1532   0.06906
      1533   0.06797
      1534   0.06743
      1535   0.06634
      1536   0.06525
      1537   0.06471
      1538   0.06308
      1539   0.06253
      1540   0.06199
      1541   0.06036
      1542   0.05982
      1543   0.05927
      1544   0.05873
      1545   0.05764
      1546   0.05655
      1547   0.05601
      1548   0.05492
      1549   0.05438
      1550   0.05383
      1551   0.05329
      1552   0.05220
      1553   0.05166
      1554   0.05111
      1555   0.05057
      1556   0.05003
      1557   0.04948
      1558   0.04894
      1559   0.04840
      1560   0.04785
      1561   0.04731
      1562   0.04676
      1563   0.04622
      1564   0.04568
      1565   0.04513
      1566   0.04459
      1567   0.04459
      1568   0.04350
      1569   0.05383
      1570   0.05873
      1571   0.06253
      1572   0.06471
      1573   0.06688
      1574   0.06743
      1575   0.06743
      1576   0.06688
      1577   0.06688
      1578   0.06634
      1579   0.06634
      1580   0.06580
      1581   0.06525
      1582   0.06471
      1583   0.06417
      1584   0.06417
      1585   0.06308
      1586   0.06253
      1587   0.06199
      1588   0.06145
      1589   0.06090
      1590   0.05982
      1591   0.05927
      1592   0.05818
      1593   0.05710
      1594   0.05655
      1595   0.05601
      1596   0.05492
      1597   0.05383
      1598   0.05329
      1599   0.05166
      1600   0.05111
      1601   0.05003
      1602   0.04894
      1603   0.04785
      1604   0.04676
      1605   0.04568
      1606   0.04459
      1607   0.04568
      1608   0.04622
      1609   0.04676
      1610   0.04785
      1611   0.04840
      1612   0.04894
      1613   0.05003
      1614   0.05057
      1615   0.05111
      1616   0.05166
      1617   0.05275
      1618   0.05329
      1619   0.05383
      1620   0.05438
      1621   0.05492
      1622   0.05546
      1623   0.05655
      1624   0.05710
      1625   0.05764
      1626   0.05818
      1627   0.05873
      1628   0.05927
      1629   0.05982
      1630   0.06036
      1631   0.06090
      1632   0.06145
      1633   0.06199
      1634   0.06253
      1635   0.06308
      1636   0.06362
      1637   0.06417
      1638   0.06471
      1639   0.06525
      1640   0.06580
      1641   0.06634
      1642   0.06634
      1643   0.06688
      1644   0.06743
      1645   0.06797
      1646   0.06797
      1647   0.06852
      1648   0.06906
      1649   0.06906
      1650   0.06960
      1651   0.06960
      1652   0.07015
      1653   0.07015
      1654   0.07069
      1655   0.07069
      1656   0.07069
      1657   0.06960
      1658   0.06852
      1659   0.06743
      1660   0.06580
      1661   0.06362
      1662   0.06145
      1663   0.05710
      1664   0.05438
      1665   0.05438
      1666   0.05438
      1667   0.05438
      1668   0.05438
      1669   0.05438
      1670   0.05438
      1671   0.05438
      1672   0.05438
      1673   0.05438
      1674   0.05438
      1675   0.05438
      1676   0.05438
      1677   0.05438
      1678   0.05438
      1679   0.05438
      1680   0.05438
      1681   0.05438
      1682   0.05438
      1683   0.05438
      1684   0.05438
      1685   0.05438
      1686   0.05438
      1687   0.05438
      1688   0.05438
      1689   0.05438
      1690   0.05438
      1691   0.05438
      1692   0.05438
      1693   0.05438
      1694   0.05438
      1695   0.05438
      1696   0.05438
      1697   0.05438
      1698   0.05438
      1699   0.05438
      1700   0.05438
      1701   0.05438
      1702   0.05438
      1703   0.05438
      1704   0.05438
      1705   0.05438
      1706   0.05438
      1707   0.05438
      1708   0.05438
      1709   0.05438
      1710   0.05438
      1711   0.05438
      1712   0.05438
      1713   0.05438
      1714   0.05438
      1715   0.05438
      1716   0.05438
      1717   0.05438
      1718   0.05438
      1719   0.05438
      1720   0.05438
      1721   0.05438
      1722   0.05438
      1723   0.05438
      1724   0.05438
      1725   0.05438
      1726   0.05438
      1727   0.05438
      1728   0.05438
      1729   0.05438
      1730   0.05438
      1731   0.05438
      1732   0.05438
      1733   0.05438
      1734   0.05438
      1735   0.05438
      1736   0.05438
      1737   0.05438
      1738   0.05438
      1739   0.05438
      1740   0.05438
      1741   0.05438
      1742   0.05438
      1743   0.05438
      1744   0.05438
      1745   0.05438
      1746   0.05438
      1747   0.05438
      1748   0.05438
      1749   0.05438
      1750   0.05438
      1751   0.05438
      1752   0.05438
      1753   0.05438
      1754   0.05438
      1755   0.05438
      1756   0.05438
      1757   0.05438
      1758   0.05438
      1759   0.05438
      1760   0.05438
      1761   0.05438
      1762   0.05438
      1763   0.05438
      1764   0.05438
      1765   0.05438
      1766   0.05438
      1767   0.05438
      1768   0.05438
      1769   0.05438
      1770   0.05438
      1771   0.05438
      1772   0.05438
      1773   0.05438
      1774   0.05438
      1775   0.05438
      1776   0.05438
      1777   0.05438
      1778   0.05438
      1779   0.05438
      1780   0.05438
      1781   0.05438
      1782   0.05438
      1783   0.05438
      1784   0.05438
      1785   0.05438
      1786   0.05438
      1787   0.05438
      1788   0.05438
      1789   0.05438
      1790   0.05383
      1791   0.05329
      1792   0.05275
      1793   0.05220
      1794   0.05166
      1795   0.05111
      1796   0.05057
      1797   0.05003
      1798   0.04948
      1799   0.04894
      1800   0.04840
      1801   0.04785
      1802   0.04731
      1803   0.04676
      1804   0.04622
      1805   0.04568
      1806   0.04513
      1807   0.04459
      1808   0.04405
      1809   0.04350
      1810   0.04296
      1811   0.04241
      1812   0.04187
      1813   0.04133
      1814   0.04078
      1815   0.04024
      1816   0.03970
      1817   0.03915
      1818   0.03861
      1819   0.03806
      1820   0.03752
      1821   0.03698
      1822   0.03643
      1823   0.03589
      1824   0.03535
      1825   0.03480
      1826   0.03426
      1827   0.03371
      1828   0.03317
      1829   0.03263
      1830   0.03208
      1831   0.03154
      1832   0.03100
      1833   0.03045
      1834   0.02991
      1835   0.02936
      1836   0.02882
      1837   0.02828
      1838   0.02773
      1839   0.02719
