         1   0.03100
         2   0.03154
         3   0.03208
         4   0.03317
         5   0.03371
         6   0.03426
         7   0.03535
         8   0.03589
         9   0.03643
        10   0.03752
        11   0.03806
        12   0.03915
        13   0.03970
        14   0.04024
        15   0.04133
        16   0.04187
        17   0.04296
        18   0.04350
        19   0.04405
        20   0.04513
        21   0.04568
        22   0.04676
        23   0.04731
        24   0.04840
        25   0.04894
        26   0.05003
        27   0.05057
        28   0.05166
        29   0.05220
        30   0.05329
        31   0.05383
        32   0.05492
        33   0.05546
        34   0.05655
        35   0.05710
        36   0.05818
        37   0.05873
        38   0.05982
        39   0.06036
        40   0.06145
        41   0.06253
        42   0.06308
        43   0.06417
        44   0.06471
        45   0.06580
        46   0.06688
        47   0.06743
        48   0.06852
        49   0.06960
        50   0.07015
        51   0.07123
        52   0.07232
        53   0.07287
        54   0.07395
        55   0.07504
        56   0.07558
        57   0.07667
        58   0.07776
        59   0.07776
        60   0.07830
        61   0.07885
        62   0.07993
        63   0.07993
        64   0.08048
        65   0.08102
        66   0.08211
        67   0.08265
        68   0.08265
        69   0.08320
        70   0.08428
        71   0.08483
        72   0.08537
        73   0.08592
        74   0.08646
        75   0.08700
        76   0.08755
        77   0.08864
        78   0.08864
        79   0.08918
        80   0.09027
        81   0.09081
        82   0.09135
        83   0.09135
        84   0.09244
        85   0.09299
        86   0.09353
        87   0.09407
        88   0.09462
        89   0.09516
        90   0.09625
        91   0.09625
        92   0.09679
        93   0.09788
        94   0.09788
        95   0.09842
        96   0.09897
        97   0.09951
        98   0.09951
        99   0.10060
       100   0.10060
       101   0.10114
       102   0.10169
       103   0.10223
       104   0.10223
       105   0.10277
       106   0.10332
       107   0.10332
       108   0.10386
       109   0.10440
       110   0.10440
       111   0.10495
       112   0.10495
       113   0.10495
       114   0.10549
       115   0.10604
       116   0.10658
       117   0.10658
       118   0.10658
       119   0.10712
       120   0.10712
       121   0.10712
       122   0.10767
       123   0.10767
       124   0.10821
       125   0.10821
       126   0.10821
       127   0.10821
       128   0.10821
       129   0.10875
       130   0.10875
       131   0.10875
       132   0.10930
       133   0.10930
       134   0.10930
       135   0.10930
       136   0.10930
       137   0.10984
       138   0.10930
       139   0.10984
       140   0.10984
       141   0.10984
       142   0.10984
       143   0.10984
       144   0.11039
       145   0.10984
       146   0.10984
       147   0.11039
       148   0.10984
       149   0.11039
       150   0.11039
       151   0.11039
       152   0.11039
       153   0.11039
       154   0.11039
       155   0.11039
       156   0.11093
       157   0.11039
       158   0.11093
       159   0.11039
       160   0.11093
       161   0.11093
       162   0.11039
       163   0.11093
       164   0.11039
       165   0.11093
       166   0.11093
       167   0.11093
       168   0.11093
       169   0.11093
       170   0.11093
       171   0.11039
       172   0.11093
       173   0.11093
       174   0.11093
       175   0.11093
       176   0.11093
       177   0.11093
       178   0.11093
       179   0.11093
       180   0.11039
       181   0.11093
       182   0.11093
       183   0.11093
       184   0.11093
       185   0.11093
       186   0.11093
       187   0.11093
       188   0.11093
       189   0.11039
       190   0.11093
       191   0.11093
       192   0.11093
       193   0.11093
       194   0.11093
       195   0.11909
       196   0.12344
       197   0.12779
       198   0.12996
       199   0.13268
       200   0.13486
       201   0.13703
       202   0.13921
       203   0.14029
       204   0.14247
       205   0.14301
       206   0.14519
       207   0.14628
       208   0.14736
       209   0.14954
       210   0.15008
       211   0.15117
       212   0.15226
       213   0.15280
       214   0.15389
       215   0.15552
       216   0.15606
       217   0.15715
       218   0.15824
       219   0.15824
       220   0.15933
       221   0.16041
       222   0.16096
       223   0.16204
       224   0.16204
       225   0.16368
       226   0.16368
       227   0.16476
       228   0.16531
       229   0.16585
       230   0.16639
       231   0.16639
       232   0.16748
       233   0.16803
       234   0.16803
       235   0.16857
       236   0.16911
       237   0.16966
       238   0.17020
       239   0.17020
       240   0.17129
       241   0.17129
       242   0.17183
       243   0.17238
       244   0.17238
       245   0.17292
       246   0.17346
       247   0.17292
       248   0.17292
       249   0.17292
       250   0.17401
       251   0.17455
       252   0.17401
       253   0.17455
       254   0.17455
       255   0.17401
       256   0.17455
       257   0.17455
       258   0.17455
       259   0.17455
       260   0.17455
       261   0.17455
       262   0.17455
       263   0.17510
       264   0.17401
       265   0.17455
       266   0.17401
       267   0.17401
       268   0.17238
       269   0.17183
       270   0.17074
       271   0.16911
       272   0.16857
       273   0.16694
       274   0.16531
       275   0.16476
       276   0.16313
       277   0.16204
       278   0.16041
       279   0.15987
       280   0.15824
       281   0.15661
       282   0.15552
       283   0.15389
       284   0.15280
       285   0.15171
       286   0.15008
       287   0.14845
       288   0.14736
       289   0.14628
       290   0.14464
       291   0.14301
       292   0.14192
       293   0.14029
       294   0.13866
       295   0.13757
       296   0.13649
       297   0.13486
       298   0.13322
       299   0.13214
       300   0.13051
       301   0.12887
       302   0.12724
       303   0.12670
       304   0.12507
       305   0.12344
       306   0.12181
       307   0.12072
       308   0.11909
       309   0.11746
       310   0.11637
       311   0.11474
       312   0.11310
       313   0.11202
       314   0.11039
       315   0.10875
       316   0.10767
       317   0.10604
       318   0.10440
       319   0.10332
       320   0.10169
       321   0.10060
       322   0.09897
       323   0.09679
       324   0.09570
       325   0.09407
       326   0.09299
       327   0.09135
       328   0.09027
       329   0.08809
       330   0.08700
       331   0.08537
       332   0.08428
       333   0.08265
       334   0.08102
       335   0.08048
       336   0.08157
       337   0.08265
       338   0.08374
       339   0.08483
       340   0.08592
       341   0.08700
       342   0.08755
       343   0.08864
       344   0.08972
       345   0.09081
       346   0.09190
       347   0.09299
       348   0.09407
       349   0.09516
       350   0.09625
       351   0.09734
       352   0.09842
       353   0.09951
       354   0.10005
       355   0.10114
       356   0.10223
       357   0.10332
       358   0.10440
       359   0.10549
       360   0.10658
       361   0.10767
       362   0.10875
       363   0.10984
       364   0.11093
       365   0.11147
       366   0.11256
       367   0.11365
       368   0.11474
       369   0.11582
       370   0.11691
       371   0.11800
       372   0.11909
       373   0.12017
       374   0.12072
       375   0.12181
       376   0.12289
       377   0.12398
       378   0.12507
       379   0.12616
       380   0.12724
       381   0.12833
       382   0.12887
       383   0.12996
       384   0.13105
       385   0.13214
       386   0.13322
       387   0.13377
       388   0.13486
       389   0.13594
       390   0.13703
       391   0.13812
       392   0.13866
       393   0.13975
       394   0.14084
       395   0.14192
       396   0.14247
       397   0.14356
       398   0.14464
       399   0.14573
       400   0.14628
       401   0.14736
       402   0.14791
       403   0.14899
       404   0.15063
       405   0.15226
       406   0.15334
       407   0.15443
       408   0.15552
       409   0.15933
       410   0.16694
       411   0.17074
       412   0.17455
       413   0.17727
       414   0.18053
       415   0.18271
       416   0.18434
       417   0.18651
       418   0.18760
       419   0.18869
       420   0.18978
       421   0.19086
       422   0.19141
       423   0.19304
       424   0.19413
       425   0.19413
       426   0.19521
       427   0.19576
       428   0.19576
       429   0.19630
       430   0.19739
       431   0.19793
       432   0.19793
       433   0.19848
       434   0.19956
       435   0.19956
       436   0.19956
       437   0.19956
       438   0.19956
       439   0.19956
       440   0.19956
       441   0.19956
       442   0.19956
       443   0.19956
       444   0.19956
       445   0.19956
       446   0.19956
       447   0.19956
       448   0.19956
       449   0.19848
       450   0.19793
       451   0.19739
       452   0.19685
       453   0.19685
       454   0.19576
       455   0.19576
       456   0.19467
       457   0.19413
       458   0.19358
       459   0.19141
       460   0.19141
       461   0.19086
       462   0.18923
       463   0.18869
       464   0.18760
       465   0.18597
       466   0.18488
       467   0.18380
       468   0.18216
       469   0.17999
       470   0.17890
       471   0.17727
       472   0.17564
       473   0.17346
       474   0.17129
       475   0.16857
       476   0.16585
       477   0.16422
       478   0.15933
       479   0.15606
       480   0.15171
       481   0.13975
       482   0.13975
       483   0.14138
       484   0.14138
       485   0.14247
       486   0.14247
       487   0.14301
       488   0.14356
       489   0.14410
       490   0.14464
       491   0.14464
       492   0.14519
       493   0.14573
       494   0.14573
       495   0.14628
       496   0.14682
       497   0.14628
       498   0.14682
       499   0.14736
       500   0.14736
       501   0.14736
       502   0.14736
       503   0.14791
       504   0.14736
       505   0.14791
       506   0.14791
       507   0.14736
       508   0.14791
       509   0.14791
       510   0.14736
       511   0.14736
       512   0.14682
       513   0.14736
       514   0.14736
       515   0.14682
       516   0.14628
       517   0.14628
       518   0.14573
       519   0.14519
       520   0.14464
       521   0.15606
       522   0.16259
       523   0.16694
       524   0.17074
       525   0.17455
       526   0.17727
       527   0.17945
       528   0.18216
       529   0.18380
       530   0.18597
       531   0.18760
       532   0.18923
       533   0.18978
       534   0.19141
       535   0.19250
       536   0.19358
       537   0.19413
       538   0.19521
       539   0.19521
       540   0.19576
       541   0.19576
       542   0.19576
       543   0.19576
       544   0.19630
       545   0.19576
       546   0.19521
       547   0.19521
       548   0.19521
       549   0.19304
       550   0.19304
       551   0.19141
       552   0.19086
       553   0.18869
       554   0.18869
       555   0.18651
       556   0.18434
       557   0.18271
       558   0.17945
       559   0.17564
       560   0.16694
       561   0.16639
       562   0.16748
       563   0.16694
       564   0.16748
       565   0.16748
       566   0.16694
       567   0.16694
       568   0.16694
       569   0.16694
       570   0.16639
       571   0.16639
       572   0.16585
       573   0.16585
       574   0.16531
       575   0.16531
       576   0.16476
       577   0.16422
       578   0.16368
       579   0.16368
       580   0.16313
       581   0.16259
       582   0.16259
       583   0.16204
       584   0.16150
       585   0.16150
       586   0.16096
       587   0.16096
       588   0.16041
       589   0.16041
       590   0.15987
       591   0.15987
       592   0.15933
       593   0.15933
       594   0.15824
       595   0.15824
       596   0.15824
       597   0.15769
       598   0.15769
       599   0.15769
       600   0.15715
       601   0.15661
       602   0.15661
       603   0.15661
       604   0.15606
       605   0.15606
       606   0.15552
       607   0.15552
       608   0.15552
       609   0.15552
       610   0.15498
       611   0.15443
       612   0.15443
       613   0.15334
       614   0.15226
       615   0.15117
       616   0.15008
       617   0.14899
       618   0.14791
       619   0.14682
       620   0.14573
       621   0.14464
       622   0.14356
       623   0.14247
       624   0.14138
       625   0.14029
       626   0.13921
       627   0.13812
       628   0.13703
       629   0.13594
       630   0.13486
       631   0.13377
       632   0.13268
       633   0.13214
       634   0.13105
       635   0.12996
       636   0.12887
       637   0.12779
       638   0.12670
       639   0.12561
       640   0.12452
       641   0.12344
       642   0.12289
       643   0.12181
       644   0.12072
       645   0.11963
       646   0.11854
       647   0.11746
       648   0.11691
       649   0.11582
       650   0.11474
       651   0.11365
       652   0.11256
       653   0.11147
       654   0.11093
       655   0.10984
       656   0.10875
       657   0.10767
       658   0.10658
       659   0.10604
       660   0.10495
       661   0.10386
       662   0.10277
       663   0.10169
       664   0.10114
       665   0.10005
       666   0.09897
       667   0.09788
       668   0.09679
       669   0.09625
       670   0.09516
       671   0.09407
       672   0.09299
       673   0.09244
       674   0.09135
       675   0.09027
       676   0.08918
       677   0.08864
       678   0.08755
       679   0.08646
       680   0.08537
       681   0.08483
       682   0.08374
       683   0.08265
       684   0.08157
       685   0.08102
       686   0.07993
       687   0.07885
       688   0.07830
       689   0.07722
       690   0.07613
       691   0.07504
       692   0.07450
       693   0.07450
       694   0.07613
       695   0.07776
       696   0.07939
       697   0.08048
       698   0.08265
       699   0.08374
       700   0.08537
       701   0.08646
       702   0.08864
       703   0.08972
       704   0.09135
       705   0.09244
       706   0.09407
       707   0.09516
       708   0.09734
       709   0.09842
       710   0.10005
       711   0.10114
       712   0.10277
       713   0.10440
       714   0.10549
       715   0.10712
       716   0.10875
       717   0.10984
       718   0.11147
       719   0.11310
       720   0.11419
       721   0.11582
       722   0.11746
       723   0.11909
       724   0.12017
       725   0.12181
       726   0.12344
       727   0.12507
       728   0.12670
       729   0.12724
       730   0.12887
       731   0.13051
       732   0.13214
       733   0.13377
       734   0.13540
       735   0.13649
       736   0.13812
       737   0.13975
       738   0.14138
       739   0.14301
       740   0.14410
       741   0.14573
       742   0.14736
       743   0.14899
       744   0.15063
       745   0.15226
       746   0.15389
       747   0.15498
       748   0.15715
       749   0.15878
       750   0.15824
       751   0.15933
       752   0.16041
       753   0.15987
       754   0.16096
       755   0.16041
       756   0.16150
       757   0.16259
       758   0.16204
       759   0.16259
       760   0.16313
       761   0.16313
       762   0.16313
       763   0.16422
       764   0.16422
       765   0.16422
       766   0.16531
       767   0.16476
       768   0.16531
       769   0.16585
       770   0.16585
       771   0.16531
       772   0.16639
       773   0.16585
       774   0.16639
       775   0.16585
       776   0.16531
       777   0.16585
       778   0.16585
       779   0.16531
       780   0.16531
       781   0.16585
       782   0.16531
       783   0.16585
       784   0.16476
       785   0.16476
       786   0.16476
       787   0.16422
       788   0.16422
       789   0.16368
       790   0.16368
       791   0.16313
       792   0.16259
       793   0.16259
       794   0.16259
       795   0.16259
       796   0.16150
       797   0.16150
       798   0.16096
       799   0.16041
       800   0.16041
       801   0.15987
       802   0.15933
       803   0.15933
       804   0.15933
       805   0.15824
       806   0.15878
       807   0.15824
       808   0.15715
       809   0.15769
       810   0.15661
       811   0.15661
       812   0.15552
       813   0.15606
       814   0.15498
       815   0.15498
       816   0.15389
       817   0.15443
       818   0.15334
       819   0.15389
       820   0.15280
       821   0.15334
       822   0.15226
       823   0.15226
       824   0.15117
       825   0.15171
       826   0.15063
       827   0.15117
       828   0.15008
       829   0.15063
       830   0.14954
       831   0.14954
       832   0.14899
       833   0.14845
       834   0.14845
       835   0.14791
       836   0.14845
       837   0.14736
       838   0.14736
       839   0.14682
       840   0.14736
       841   0.14628
       842   0.14573
       843   0.14573
       844   0.14519
       845   0.14519
       846   0.14519
       847   0.14519
       848   0.14410
       849   0.14464
       850   0.14356
       851   0.14301
       852   0.14301
       853   0.14301
       854   0.14247
       855   0.14247
       856   0.14247
       857   0.14192
       858   0.14192
       859   0.14084
       860   0.14138
       861   0.14029
       862   0.14029
       863   0.13975
       864   0.13921
       865   0.13975
       866   0.13866
       867   0.13921
       868   0.13812
       869   0.13866
       870   0.13757
       871   0.13757
       872   0.13703
       873   0.13703
       874   0.13649
       875   0.13594
       876   0.13540
       877   0.13540
       878   0.13431
       879   0.13486
       880   0.13322
       881   0.13322
       882   0.13268
       883   0.13214
       884   0.13105
       885   0.13159
       886   0.12996
       887   0.12996
       888   0.12833
       889   0.12887
       890   0.12724
       891   0.12670
       892   0.12616
       893   0.12452
       894   0.12398
       895   0.12181
       896   0.12779
       897   0.12779
       898   0.12779
       899   0.12724
       900   0.12289
       901   0.12344
       902   0.12507
       903   0.12670
       904   0.12724
       905   0.12833
       906   0.12887
       907   0.12942
       908   0.13105
       909   0.13159
       910   0.13214
       911   0.13159
       912   0.13159
       913   0.13105
       914   0.13105
       915   0.13051
       916   0.13051
       917   0.12996
       918   0.12942
       919   0.12887
       920   0.12887
       921   0.12833
       922   0.12779
       923   0.12724
       924   0.12670
       925   0.12616
       926   0.12507
       927   0.12452
       928   0.12398
       929   0.12344
       930   0.12235
       931   0.12126
       932   0.12072
       933   0.11963
       934   0.11854
       935   0.11746
       936   0.11637
       937   0.11582
       938   0.11474
       939   0.11365
       940   0.11256
       941   0.11147
       942   0.10984
       943   0.10875
       944   0.10767
       945   0.10658
       946   0.10495
       947   0.10386
       948   0.10277
       949   0.10169
       950   0.10005
       951   0.09897
       952   0.09788
       953   0.09679
       954   0.09570
       955   0.09407
       956   0.09299
       957   0.09190
       958   0.09081
       959   0.08918
       960   0.08809
       961   0.08700
       962   0.08592
       963   0.08483
       964   0.08320
       965   0.08211
       966   0.08102
       967   0.07993
       968   0.07830
       969   0.07722
       970   0.07667
       971   0.07504
       972   0.07395
       973   0.07287
       974   0.07123
       975   0.07015
       976   0.06906
       977   0.06797
       978   0.06688
       979   0.06580
       980   0.06471
       981   0.06580
       982   0.06688
       983   0.06852
       984   0.06960
       985   0.07123
       986   0.07232
       987   0.07395
       988   0.07504
       989   0.07613
       990   0.07722
       991   0.07885
       992   0.07993
       993   0.08102
       994   0.08211
       995   0.08320
       996   0.08428
       997   0.08537
       998   0.08592
       999   0.08755
      1000   0.08864
      1001   0.08918
      1002   0.09027
      1003   0.09135
      1004   0.09190
      1005   0.09299
      1006   0.09407
      1007   0.09516
      1008   0.09570
      1009   0.09679
      1010   0.09788
      1011   0.09842
      1012   0.09951
      1013   0.10005
      1014   0.10114
      1015   0.10169
      1016   0.10223
      1017   0.10332
      1018   0.11746
      1019   0.12289
      1020   0.13540
      1021   0.14682
      1022   0.15606
      1023   0.16313
      1024   0.16803
      1025   0.17346
      1026   0.17945
      1027   0.18325
      1028   0.18597
      1029   0.18760
      1030   0.18815
      1031   0.18706
      1032   0.18651
      1033   0.18597
      1034   0.18488
      1035   0.18271
      1036   0.17945
      1037   0.16966
      1038   0.17183
      1039   0.17455
      1040   0.17727
      1041   0.17945
      1042   0.18325
      1043   0.18543
      1044   0.18760
      1045   0.18978
      1046   0.19141
      1047   0.19195
      1048   0.19358
      1049   0.19413
      1050   0.19467
      1051   0.19521
      1052   0.19576
      1053   0.19521
      1054   0.19630
      1055   0.19576
      1056   0.19521
      1057   0.19576
      1058   0.19521
      1059   0.19521
      1060   0.19521
      1061   0.19413
      1062   0.19413
      1063   0.19358
      1064   0.19358
      1065   0.19250
      1066   0.19195
      1067   0.19141
      1068   0.19086
      1069   0.19032
      1070   0.18978
      1071   0.18923
      1072   0.18815
      1073   0.18760
      1074   0.18651
      1075   0.18597
      1076   0.18543
      1077   0.18434
      1078   0.18380
      1079   0.18325
      1080   0.18216
      1081   0.18053
      1082   0.18053
      1083   0.17945
      1084   0.17890
      1085   0.17727
      1086   0.17673
      1087   0.17564
      1088   0.17510
      1089   0.17346
      1090   0.17292
      1091   0.17183
      1092   0.17074
      1093   0.17020
      1094   0.16911
      1095   0.16748
      1096   0.16639
      1097   0.16531
      1098   0.16476
      1099   0.16313
      1100   0.16204
      1101   0.16150
      1102   0.15987
      1103   0.16422
      1104   0.16585
      1105   0.16694
      1106   0.16694
      1107   0.16748
      1108   0.16748
      1109   0.16748
      1110   0.16748
      1111   0.16748
      1112   0.16694
      1113   0.16639
      1114   0.16639
      1115   0.16476
      1116   0.16476
      1117   0.16313
      1118   0.16313
      1119   0.16204
      1120   0.16041
      1121   0.15933
      1122   0.15824
      1123   0.15606
      1124   0.15389
      1125   0.15063
      1126   0.14682
      1127   0.14029
      1128   0.14084
      1129   0.14084
      1130   0.14138
      1131   0.14192
      1132   0.14301
      1133   0.14301
      1134   0.14356
      1135   0.14410
      1136   0.14519
      1137   0.14519
      1138   0.14573
      1139   0.14628
      1140   0.14736
      1141   0.14736
      1142   0.14791
      1143   0.14845
      1144   0.14954
      1145   0.14954
      1146   0.15008
      1147   0.15117
      1148   0.15171
      1149   0.15171
      1150   0.15334
      1151   0.15334
      1152   0.15389
      1153   0.15498
      1154   0.15498
      1155   0.15606
      1156   0.15715
      1157   0.15715
      1158   0.15824
      1159   0.15878
      1160   0.15933
      1161   0.15987
      1162   0.15987
      1163   0.16041
      1164   0.16041
      1165   0.15987
      1166   0.15987
      1167   0.16041
      1168   0.16041
      1169   0.16041
      1170   0.15987
      1171   0.16041
      1172   0.16041
      1173   0.16041
      1174   0.16041
      1175   0.16096
      1176   0.16041
      1177   0.16041
      1178   0.16096
      1179   0.16096
      1180   0.16096
      1181   0.16041
      1182   0.16096
      1183   0.16096
      1184   0.16096
      1185   0.16150
      1186   0.16096
      1187   0.16096
      1188   0.16096
      1189   0.16150
      1190   0.16096
      1191   0.16096
      1192   0.16150
      1193   0.16150
      1194   0.16096
      1195   0.16150
      1196   0.16150
      1197   0.16096
      1198   0.16096
      1199   0.16150
      1200   0.16096
      1201   0.16096
      1202   0.16096
      1203   0.16096
      1204   0.16041
      1205   0.16096
      1206   0.16041
      1207   0.16041
      1208   0.16041
      1209   0.15987
      1210   0.15987
      1211   0.15933
      1212   0.15933
      1213   0.15878
      1214   0.15824
      1215   0.15824
      1216   0.15769
      1217   0.15715
      1218   0.15661
      1219   0.15606
      1220   0.15498
      1221   0.15389
      1222   0.15334
      1223   0.15171
      1224   0.15008
      1225   0.14845
      1226   0.14682
      1227   0.14410
      1228   0.14138
      1229   0.13866
      1230   0.13540
      1231   0.13757
      1232   0.13921
      1233   0.13921
      1234   0.13866
      1235   0.13812
      1236   0.13757
      1237   0.13757
      1238   0.13703
      1239   0.13649
      1240   0.13594
      1241   0.13594
      1242   0.13540
      1243   0.13486
      1244   0.13486
      1245   0.13159
      1246   0.13540
      1247   0.13703
      1248   0.13757
      1249   0.13812
      1250   0.13866
      1251   0.13866
      1252   0.13921
      1253   0.13921
      1254   0.13975
      1255   0.13921
      1256   0.13866
      1257   0.13757
      1258   0.13703
      1259   0.13486
      1260   0.13159
      1261   0.12670
      1262   0.12833
      1263   0.12942
      1264   0.12996
      1265   0.13159
      1266   0.13268
      1267   0.13377
      1268   0.13486
      1269   0.13594
      1270   0.13649
      1271   0.13812
      1272   0.13866
      1273   0.13975
      1274   0.14084
      1275   0.14192
      1276   0.14247
      1277   0.14356
      1278   0.14464
      1279   0.14573
      1280   0.14628
      1281   0.14682
      1282   0.14791
      1283   0.14899
      1284   0.14954
      1285   0.15008
      1286   0.15117
      1287   0.15171
      1288   0.15226
      1289   0.15280
      1290   0.15280
      1291   0.15334
      1292   0.15443
      1293   0.15443
      1294   0.15498
      1295   0.15498
      1296   0.15498
      1297   0.15552
      1298   0.15552
      1299   0.15552
      1300   0.15552
      1301   0.15552
      1302   0.15552
      1303   0.15552
      1304   0.15552
      1305   0.15552
      1306   0.15552
      1307   0.15498
      1308   0.15498
      1309   0.15389
      1310   0.15389
      1311   0.15334
      1312   0.15334
      1313   0.15280
      1314   0.15226
      1315   0.15171
      1316   0.15117
      1317   0.15063
      1318   0.15008
      1319   0.14954
      1320   0.14899
      1321   0.14791
      1322   0.14682
      1323   0.14628
      1324   0.14573
      1325   0.14410
      1326   0.14301
      1327   0.13921
      1328   0.13866
      1329   0.13757
      1330   0.13540
      1331   0.13431
      1332   0.13322
      1333   0.13105
      1334   0.12996
      1335   0.12887
      1336   0.12724
      1337   0.12616
      1338   0.12507
      1339   0.12452
      1340   0.12344
      1341   0.12289
      1342   0.12181
      1343   0.12126
      1344   0.12072
      1345   0.11963
      1346   0.11909
      1347   0.11854
      1348   0.11800
      1349   0.11691
      1350   0.11637
      1351   0.11582
      1352   0.11365
      1353   0.11256
      1354   0.10712
      1355   0.10604
      1356   0.10712
      1357   0.10821
      1358   0.10984
      1359   0.11093
      1360   0.11256
      1361   0.11365
      1362   0.11582
      1363   0.11691
      1364   0.11854
      1365   0.12072
      1366   0.12235
      1367   0.12398
      1368   0.12670
      1369   0.12833
      1370   0.13051
      1371   0.13268
      1372   0.13431
      1373   0.13649
      1374   0.13812
      1375   0.13921
      1376   0.14029
      1377   0.14138
      1378   0.14192
      1379   0.14247
      1380   0.14301
      1381   0.14301
      1382   0.14301
      1383   0.14247
      1384   0.14247
      1385   0.14192
      1386   0.14029
      1387   0.13594
      1388   0.13214
      1389   0.12507
      1390   0.11637
      1391   0.11637
      1392   0.11637
      1393   0.11691
      1394   0.11637
      1395   0.11691
      1396   0.11637
      1397   0.11637
      1398   0.11691
      1399   0.11637
      1400   0.11691
      1401   0.11637
      1402   0.11582
      1403   0.11637
      1404   0.11582
      1405   0.11637
      1406   0.11582
      1407   0.11582
      1408   0.11582
      1409   0.11582
      1410   0.11528
      1411   0.11582
      1412   0.11528
      1413   0.11528
      1414   0.11528
      1415   0.11528
      1416   0.11474
      1417   0.11474
      1418   0.11474
      1419   0.11474
      1420   0.11419
      1421   0.11419
      1422   0.11419
      1423   0.11419
      1424   0.11365
      1425   0.11365
      1426   0.11310
      1427   0.11365
      1428   0.11310
      1429   0.11310
      1430   0.11256
      1431   0.11310
      1432   0.11310
      1433   0.11256
      1434   0.11256
      1435   0.11202
      1436   0.11256
      1437   0.11256
      1438   0.11202
      1439   0.11202
      1440   0.11147
      1441   0.11202
      1442   0.11202
      1443   0.11147
      1444   0.11147
      1445   0.11147
      1446   0.11147
      1447   0.11147
      1448   0.11093
      1449   0.11093
      1450   0.11147
      1451   0.11093
      1452   0.11093
      1453   0.11093
      1454   0.11093
      1455   0.11093
      1456   0.11093
      1457   0.11039
      1458   0.11093
      1459   0.11093
      1460   0.11039
      1461   0.11039
      1462   0.11093
      1463   0.11093
      1464   0.11039
      1465   0.11093
      1466   0.11093
      1467   0.11039
      1468   0.11039
      1469   0.11093
      1470   0.11093
      1471   0.11039
      1472   0.11093
      1473   0.11093
      1474   0.11093
      1475   0.11093
      1476   0.11093
      1477   0.11093
      1478   0.11147
      1479   0.11093
      1480   0.11093
      1481   0.11147
      1482   0.11147
      1483   0.11093
      1484   0.11147
      1485   0.11147
      1486   0.11147
      1487   0.11202
      1488   0.11147
      1489   0.11202
      1490   0.11202
      1491   0.11202
      1492   0.11202
      1493   0.11202
      1494   0.11256
      1495   0.11256
      1496   0.11256
      1497   0.11256
      1498   0.11256
      1499   0.11310
      1500   0.11310
      1501   0.11365
      1502   0.11310
      1503   0.11365
      1504   0.11365
      1505   0.11365
      1506   0.11365
      1507   0.11365
      1508   0.11419
      1509   0.11419
      1510   0.11474
      1511   0.11419
      1512   0.11474
      1513   0.11474
      1514   0.11528
      1515   0.11474
      1516   0.11528
      1517   0.11528
      1518   0.11528
      1519   0.11528
      1520   0.11582
      1521   0.11528
      1522   0.11582
      1523   0.11582
      1524   0.11582
      1525   0.11637
      1526   0.11637
      1527   0.11637
      1528   0.11637
      1529   0.11637
      1530   0.11637
      1531   0.11637
      1532   0.11691
      1533   0.11637
      1534   0.11691
      1535   0.11637
      1536   0.11637
      1537   0.11637
      1538   0.11637
      1539   0.11637
      1540   0.12017
      1541   0.12996
      1542   0.13540
      1543   0.13921
      1544   0.14247
      1545   0.14464
      1546   0.14736
      1547   0.14954
      1548   0.15117
      1549   0.15226
      1550   0.15171
      1551   0.15117
      1552   0.15063
      1553   0.14954
      1554   0.14845
      1555   0.14736
      1556   0.14573
      1557   0.14410
      1558   0.14192
      1559   0.14029
      1560   0.13812
      1561   0.13649
      1562   0.13594
      1563   0.13431
      1564   0.13322
      1565   0.13214
      1566   0.13105
      1567   0.13051
      1568   0.12942
      1569   0.12887
      1570   0.12779
      1571   0.12670
      1572   0.12670
      1573   0.12507
      1574   0.12452
      1575   0.12344
      1576   0.12289
      1577   0.12181
      1578   0.12017
      1579   0.12017
      1580   0.11963
      1581   0.11854
      1582   0.11691
      1583   0.11637
      1584   0.11582
      1585   0.11474
      1586   0.11419
      1587   0.11310
      1588   0.11147
      1589   0.11039
      1590   0.10984
      1591   0.10875
      1592   0.10767
      1593   0.10658
      1594   0.10440
      1595   0.10386
      1596   0.10277
      1597   0.10169
      1598   0.09951
      1599   0.09842
      1600   0.09734
      1601   0.09516
      1602   0.09462
      1603   0.09244
      1604   0.09027
      1605   0.08864
      1606   0.08755
      1607   0.08755
      1608   0.08700
      1609   0.08700
      1610   0.08700
      1611   0.08646
      1612   0.08592
      1613   0.08592
      1614   0.08483
      1615   0.08483
      1616   0.08483
      1617   0.08428
      1618   0.08374
      1619   0.08428
      1620   0.08483
      1621   0.08537
      1622   0.08646
      1623   0.08700
      1624   0.08755
      1625   0.08809
      1626   0.08918
      1627   0.08972
      1628   0.09027
      1629   0.09081
      1630   0.09135
      1631   0.09190
      1632   0.09299
      1633   0.09353
      1634   0.09407
      1635   0.09462
      1636   0.09516
      1637   0.09570
      1638   0.09625
      1639   0.09679
      1640   0.09734
      1641   0.09842
      1642   0.09897
      1643   0.09951
      1644   0.10005
      1645   0.10060
      1646   0.10114
      1647   0.10169
      1648   0.10223
      1649   0.10223
      1650   0.10277
      1651   0.10332
      1652   0.10386
      1653   0.10440
      1654   0.10495
      1655   0.10549
      1656   0.10604
      1657   0.10658
      1658   0.10658
      1659   0.10712
      1660   0.10767
      1661   0.10821
      1662   0.10821
      1663   0.10875
      1664   0.10930
      1665   0.10984
      1666   0.10984
      1667   0.11039
      1668   0.11093
      1669   0.11093
      1670   0.11147
      1671   0.11147
      1672   0.11202
      1673   0.11202
      1674   0.11256
      1675   0.11256
      1676   0.11310
      1677   0.11310
      1678   0.11365
      1679   0.11365
      1680   0.11365
      1681   0.11419
      1682   0.11419
      1683   0.11419
      1684   0.11419
      1685   0.11419
      1686   0.11419
      1687   0.11310
      1688   0.11202
      1689   0.11093
      1690   0.10930
      1691   0.10767
      1692   0.10604
      1693   0.10386
      1694   0.10169
      1695   0.09951
      1696   0.09570
      1697   0.08755
      1698   0.08700
      1699   0.08700
      1700   0.08700
      1701   0.08700
      1702   0.08700
      1703   0.08700
      1704   0.08700
      1705   0.08700
      1706   0.08700
      1707   0.08700
      1708   0.08700
      1709   0.08700
      1710   0.08700
      1711   0.08700
      1712   0.08700
      1713   0.08700
      1714   0.08700
      1715   0.08700
      1716   0.08700
      1717   0.08700
      1718   0.08700
      1719   0.08700
      1720   0.08700
      1721   0.08700
      1722   0.08700
      1723   0.08700
      1724   0.08700
      1725   0.08700
      1726   0.08700
      1727   0.08700
      1728   0.08700
      1729   0.08700
      1730   0.08700
      1731   0.08700
      1732   0.08700
      1733   0.08700
      1734   0.08700
      1735   0.08700
      1736   0.08700
      1737   0.08700
      1738   0.08700
      1739   0.08700
      1740   0.08700
      1741   0.08700
      1742   0.08700
      1743   0.08700
      1744   0.08700
      1745   0.08700
      1746   0.08700
      1747   0.08700
      1748   0.08700
      1749   0.08700
      1750   0.08700
      1751   0.08700
      1752   0.08700
      1753   0.08700
      1754   0.08700
      1755   0.08700
      1756   0.08700
      1757   0.08700
      1758   0.08700
      1759   0.08700
      1760   0.08646
      1761   0.08592
      1762   0.08537
      1763   0.08483
      1764   0.08428
      1765   0.08374
      1766   0.08320
      1767   0.08265
      1768   0.08211
      1769   0.08157
      1770   0.08102
      1771   0.08048
      1772   0.07993
      1773   0.07939
      1774   0.07885
      1775   0.07830
      1776   0.07776
      1777   0.07722
      1778   0.07667
      1779   0.07613
      1780   0.07558
      1781   0.07504
      1782   0.07450
      1783   0.07395
      1784   0.07341
      1785   0.07287
      1786   0.07232
      1787   0.07178
      1788   0.07123
      1789   0.07069
      1790   0.07015
      1791   0.06960
      1792   0.06906
      1793   0.06852
      1794   0.06797
      1795   0.06743
      1796   0.06688
      1797   0.06634
      1798   0.06580
      1799   0.06525
      1800   0.06471
      1801   0.06417
      1802   0.06362
      1803   0.06308
      1804   0.06253
      1805   0.06199
      1806   0.06145
      1807   0.06090
      1808   0.06036
      1809   0.05982
      1810   0.05927
      1811   0.05873
      1812   0.05818
      1813   0.05764
      1814   0.05710
      1815   0.05655
      1816   0.05601
      1817   0.05546
      1818   0.05492
      1819   0.05438
      1820   0.05383
      1821   0.05329
      1822   0.05275
      1823   0.05220
      1824   0.05166
      1825   0.05111
      1826   0.05057
      1827   0.05003
      1828   0.04948
      1829   0.04894
      1830   0.04840
      1831   0.04785
      1832   0.04731
      1833   0.04676
      1834   0.04622
      1835   0.04568
      1836   0.04513
      1837   0.04459
      1838   0.04405
      1839   0.04350
