         1   0.40457
         2   0.40892
         3   0.41327
         4   0.41707
         5   0.42034
         6   0.42469
         7   0.42741
         8   0.43013
         9   0.43339
        10   0.43665
        11   0.43991
        12   0.44263
        13   0.44589
        14   0.44807
        15   0.45133
        16   0.45351
        17   0.45677
        18   0.45895
        19   0.46112
        20   0.46384
        21   0.46601
        22   0.46873
        23   0.47091
        24   0.47363
        25   0.47635
        26   0.47798
        27   0.48015
        28   0.48287
        29   0.48450
        30   0.48613
        31   0.48885
        32   0.49103
        33   0.49266
        34   0.49429
        35   0.49701
        36   0.49864
        37   0.49973
        38   0.50136
        39   0.50245
        40   0.50299
        41   0.50517
        42   0.50625
        43   0.50680
        44   0.50788
        45   0.50952
        46   0.51060
        47   0.51169
        48   0.51223
        49   0.51387
        50   0.51441
        51   0.51550
        52   0.51713
        53   0.51822
        54   0.51930
        55   0.51985
        56   0.52094
        57   0.52148
        58   0.52311
        59   0.52365
        60   0.52474
        61   0.52529
        62   0.52583
        63   0.52746
        64   0.52800
        65   0.52909
        66   0.52964
        67   0.53072
        68   0.53127
        69   0.53290
        70   0.53344
        71   0.53399
        72   0.53507
        73   0.53562
        74   0.53670
        75   0.53725
        76   0.53834
        77   0.53942
        78   0.53997
        79   0.54105
        80   0.54105
        81   0.54160
        82   0.54269
        83   0.54377
        84   0.54432
        85   0.56172
        86   0.56987
        87   0.57531
        88   0.58075
        89   0.58510
        90   0.58999
        91   0.59489
        92   0.59815
        93   0.60141
        94   0.60522
        95   0.60848
        96   0.61120
        97   0.61501
        98   0.61718
        99   0.62099
       100   0.62371
       101   0.62643
       102   0.62806
       103   0.63132
       104   0.63350
       105   0.63622
       106   0.63893
       107   0.64111
       108   0.64328
       109   0.64546
       110   0.64763
       111   0.64981
       112   0.65198
       113   0.65362
       114   0.65525
       115   0.65797
       116   0.65960
       117   0.66177
       118   0.66340
       119   0.66504
       120   0.66667
       121   0.66830
       122   0.66939
       123   0.67102
       124   0.67210
       125   0.67319
       126   0.67428
       127   0.67537
       128   0.67700
       129   0.67809
       130   0.67863
       131   0.67972
       132   0.68135
       133   0.68189
       134   0.68352
       135   0.68407
       136   0.68515
       137   0.68624
       138   0.68679
       139   0.68842
       140   0.68896
       141   0.69005
       142   0.69059
       143   0.69222
       144   0.69331
       145   0.69386
       146   0.69494
       147   0.69603
       148   0.69712
       149   0.69766
       150   0.69875
       151   0.70038
       152   0.70310
       153   0.70473
       154   0.70691
       155   0.70962
       156   0.71234
       157   0.71343
       158   0.71615
       159   0.71778
       160   0.71996
       161   0.72213
       162   0.72431
       163   0.72539
       164   0.72757
       165   0.72920
       166   0.73246
       167   0.73355
       168   0.73518
       169   0.73736
       170   0.73844
       171   0.74116
       172   0.74171
       173   0.74388
       174   0.74660
       175   0.74823
       176   0.75041
       177   0.75095
       178   0.75367
       179   0.75476
       180   0.75748
       181   0.75856
       182   0.76020
       183   0.76237
       184   0.76400
       185   0.76563
       186   0.76726
       187   0.76890
       188   0.77216
       189   0.77325
       190   0.77488
       191   0.77705
       192   0.77868
       193   0.78032
       194   0.78195
       195   0.78467
       196   0.78630
       197   0.78847
       198   0.79010
       199   0.79228
       200   0.79445
       201   0.79663
       202   0.79826
       203   0.80098
       204   0.80315
       205   0.80479
       206   0.80696
       207   0.80968
       208   0.81185
       209   0.81403
       210   0.81675
       211   0.81947
       212   0.82164
       213   0.82545
       214   0.82817
       215   0.83197
       216   0.83578
       217   0.84013
       218   0.84557
       219   0.85644
       220   0.85862
       221   0.85971
       222   0.86025
       223   0.86079
       224   0.86134
       225   0.86188
       226   0.86297
       227   0.86351
       228   0.86351
       229   0.86406
       230   0.86514
       231   0.86569
       232   0.86678
       233   0.86678
       234   0.86732
       235   0.86786
       236   0.86841
       237   0.86895
       238   0.86949
       239   0.87058
       240   0.87113
       241   0.87113
       242   0.87167
       243   0.87221
       244   0.87276
       245   0.87276
       246   0.87330
       247   0.87384
       248   0.87439
       249   0.87439
       250   0.87493
       251   0.87548
       252   0.87602
       253   0.87602
       254   0.87656
       255   0.87711
       256   0.87765
       257   0.87765
       258   0.87819
       259   0.87874
       260   0.87928
       261   0.87928
       262   0.87983
       263   0.88037
       264   0.88037
       265   0.88091
       266   0.88146
       267   0.88200
       268   0.88200
       269   0.88254
       270   0.88254
       271   0.88254
       272   0.88309
       273   0.88309
       274   0.88309
       275   0.88363
       276   0.88418
       277   0.88363
       278   0.88418
       279   0.88472
       280   0.88418
       281   0.88472
       282   0.88472
       283   0.88472
       284   0.88526
       285   0.88472
       286   0.88472
       287   0.88526
       288   0.88526
       289   0.88472
       290   0.88472
       291   0.88526
       292   0.88472
       293   0.88472
       294   0.88526
       295   0.88472
       296   0.88472
       297   0.88472
       298   0.88418
       299   0.88418
       300   0.88418
       301   0.88363
       302   0.88418
       303   0.88309
       304   0.88363
       305   0.88309
       306   0.88309
       307   0.88254
       308   0.88200
       309   0.88200
       310   0.88146
       311   0.88091
       312   0.88037
       313   0.88037
       314   0.87928
       315   0.87928
       316   0.87874
       317   0.87765
       318   0.87819
       319   0.87711
       320   0.87602
       321   0.87602
       322   0.87493
       323   0.87384
       324   0.87330
       325   0.87330
       326   0.87221
       327   0.87113
       328   0.87004
       329   0.86895
       330   0.86895
       331   0.86786
       332   0.86623
       333   0.86514
       334   0.86406
       335   0.86460
       336   0.86678
       337   0.86895
       338   0.87058
       339   0.87221
       340   0.87439
       341   0.87602
       342   0.87765
       343   0.87928
       344   0.88146
       345   0.88309
       346   0.88472
       347   0.88581
       348   0.88744
       349   0.88907
       350   0.89070
       351   0.89233
       352   0.89396
       353   0.89560
       354   0.89668
       355   0.89777
       356   0.89886
       357   0.90049
       358   0.90212
       359   0.90375
       360   0.90484
       361   0.90647
       362   0.90756
       363   0.90865
       364   0.91028
       365   0.91136
       366   0.91245
       367   0.91354
       368   0.91517
       369   0.91626
       370   0.91789
       371   0.91843
       372   0.92007
       373   0.92061
       374   0.92224
       375   0.92278
       376   0.92442
       377   0.92550
       378   0.92713
       379   0.92768
       380   0.92877
       381   0.92985
       382   0.93094
       383   0.93203
       384   0.93312
       385   0.93366
       386   0.93475
       387   0.93583
       388   0.93692
       389   0.93801
       390   0.93855
       391   0.93964
       392   0.94073
       393   0.94182
       394   0.94290
       395   0.94345
       396   0.94399
       397   0.94562
       398   0.94671
       399   0.94725
       400   0.94780
       401   0.94889
       402   0.94997
       403   0.95106
       404   0.95106
       405   0.95215
       406   0.95324
       407   0.95432
       408   0.95432
       409   0.95541
       410   0.95650
       411   0.95704
       412   0.95813
       413   0.95867
       414   0.95976
       415   0.95976
       416   0.96085
       417   0.96139
       418   0.96248
       419   0.96248
       420   0.96302
       421   0.96302
       422   0.96302
       423   0.96302
       424   0.96302
       425   0.96302
       426   0.96302
       427   0.96302
       428   0.96302
       429   0.96302
       430   0.96302
       431   0.96302
       432   0.96302
       433   0.96302
       434   0.96302
       435   0.96302
       436   0.96302
       437   0.96302
       438   0.96302
       439   0.96302
       440   0.96302
       441   0.96302
       442   0.96302
       443   0.96302
       444   0.96302
       445   0.96302
       446   0.96302
       447   0.96302
       448   0.96302
       449   0.96302
       450   0.96302
       451   0.96248
       452   0.96248
       453   0.96248
       454   0.96248
       455   0.96248
       456   0.96248
       457   0.96248
       458   0.96248
       459   0.96248
       460   0.96194
       461   0.96194
       462   0.96194
       463   0.96194
       464   0.96194
       465   0.96194
       466   0.96194
       467   0.96139
       468   0.96139
       469   0.96139
       470   0.96139
       471   0.96139
       472   0.96085
       473   0.96030
       474   0.96030
       475   0.95976
       476   0.95976
       477   0.95976
       478   0.95867
       479   0.95867
       480   0.95867
       481   0.95813
       482   0.95759
       483   0.95813
       484   0.95813
       485   0.95867
       486   0.95867
       487   0.95867
       488   0.95922
       489   0.95922
       490   0.95976
       491   0.95976
       492   0.95976
       493   0.96030
       494   0.96030
       495   0.96085
       496   0.96030
       497   0.96030
       498   0.96085
       499   0.96085
       500   0.96085
       501   0.96139
       502   0.96139
       503   0.96139
       504   0.96139
       505   0.96139
       506   0.96139
       507   0.96194
       508   0.96194
       509   0.96194
       510   0.96194
       511   0.96194
       512   0.96194
       513   0.96248
       514   0.96248
       515   0.96194
       516   0.96194
       517   0.96248
       518   0.96248
       519   0.96194
       520   0.96194
       521   0.96248
       522   0.96248
       523   0.96248
       524   0.96194
       525   0.96248
       526   0.96248
       527   0.96194
       528   0.96194
       529   0.96248
       530   0.96248
       531   0.96194
       532   0.96194
       533   0.96194
       534   0.96194
       535   0.96194
       536   0.96194
       537   0.96139
       538   0.96139
       539   0.96139
       540   0.96194
       541   0.96139
       542   0.96139
       543   0.96139
       544   0.96085
       545   0.96085
       546   0.96030
       547   0.96085
       548   0.96085
       549   0.96030
       550   0.96030
       551   0.96030
       552   0.95976
       553   0.95976
       554   0.95922
       555   0.95922
       556   0.95922
       557   0.95867
       558   0.95867
       559   0.95813
       560   0.95813
       561   0.95813
       562   0.95759
       563   0.95759
       564   0.95704
       565   0.95704
       566   0.95650
       567   0.95650
       568   0.95650
       569   0.95595
       570   0.95595
       571   0.95541
       572   0.95541
       573   0.95487
       574   0.95487
       575   0.95378
       576   0.95378
       577   0.95324
       578   0.95324
       579   0.95269
       580   0.95269
       581   0.95160
       582   0.95160
       583   0.95106
       584   0.95052
       585   0.94997
       586   0.94889
       587   0.94834
       588   0.94780
       589   0.94725
       590   0.94617
       591   0.94562
       592   0.94508
       593   0.94399
       594   0.94345
       595   0.94290
       596   0.94182
       597   0.94127
       598   0.94073
       599   0.93964
       600   0.93910
       601   0.93801
       602   0.93747
       603   0.93638
       604   0.93583
       605   0.93475
       606   0.93420
       607   0.93312
       608   0.93257
       609   0.93148
       610   0.93094
       611   0.92985
       612   0.92877
       613   0.92822
       614   0.92713
       615   0.92605
       616   0.92550
       617   0.92442
       618   0.92333
       619   0.92224
       620   0.92170
       621   0.92061
       622   0.91843
       623   0.91626
       624   0.91408
       625   0.91191
       626   0.90919
       627   0.90701
       628   0.90484
       629   0.90266
       630   0.89995
       631   0.89777
       632   0.89560
       633   0.89233
       634   0.89016
       635   0.88744
       636   0.88472
       637   0.88200
       638   0.87874
       639   0.87656
       640   0.87276
       641   0.86949
       642   0.86623
       643   0.86297
       644   0.85916
       645   0.85590
       646   0.85155
       647   0.84720
       648   0.84285
       649   0.83850
       650   0.83252
       651   0.82599
       652   0.81784
       653   0.79935
       654   0.79880
       655   0.79826
       656   0.79772
       657   0.79663
       658   0.79608
       659   0.79554
       660   0.79500
       661   0.79445
       662   0.79391
       663   0.79282
       664   0.79228
       665   0.79173
       666   0.79119
       667   0.79010
       668   0.78956
       669   0.78902
       670   0.78358
       671   0.76781
       672   0.75856
       673   0.75041
       674   0.74008
       675   0.72159
       676   0.71887
       677   0.71669
       678   0.71397
       679   0.71126
       680   0.70908
       681   0.70691
       682   0.70419
       683   0.70201
       684   0.70038
       685   0.69766
       686   0.69549
       687   0.69440
       688   0.69168
       689   0.69005
       690   0.68733
       691   0.68570
       692   0.68407
       693   0.68298
       694   0.68515
       695   0.68679
       696   0.68842
       697   0.69005
       698   0.69168
       699   0.69277
       700   0.69494
       701   0.69657
       702   0.69766
       703   0.69929
       704   0.70147
       705   0.70201
       706   0.70419
       707   0.70527
       708   0.70636
       709   0.70854
       710   0.70908
       711   0.71126
       712   0.71180
       713   0.71343
       714   0.71506
       715   0.71615
       716   0.71778
       717   0.71887
       718   0.71996
       719   0.72104
       720   0.72268
       721   0.72322
       722   0.72431
       723   0.73083
       724   0.73627
       725   0.75802
       726   0.76890
       727   0.77705
       728   0.78358
       729   0.78956
       730   0.79663
       731   0.80098
       732   0.80587
       733   0.81022
       734   0.81457
       735   0.81947
       736   0.82382
       737   0.82708
       738   0.83143
       739   0.83415
       740   0.83796
       741   0.84122
       742   0.84394
       743   0.84829
       744   0.85101
       745   0.85372
       746   0.85699
       747   0.85971
       748   0.86243
       749   0.86514
       750   0.86786
       751   0.87058
       752   0.87276
       753   0.87548
       754   0.87765
       755   0.87928
       756   0.88037
       757   0.88146
       758   0.88309
       759   0.88472
       760   0.88526
       761   0.88635
       762   0.88798
       763   0.88907
       764   0.89070
       765   0.89179
       766   0.89288
       767   0.89342
       768   0.89505
       769   0.89614
       770   0.89723
       771   0.89886
       772   0.89995
       773   0.90103
       774   0.90266
       775   0.90375
       776   0.90538
       777   0.90647
       778   0.90810
       779   0.90973
       780   0.91082
       781   0.91300
       782   0.91408
       783   0.91572
       784   0.91789
       785   0.92061
       786   0.92387
       787   0.92931
       788   0.93094
       789   0.93148
       790   0.93203
       791   0.93203
       792   0.93257
       793   0.93312
       794   0.93312
       795   0.93366
       796   0.93420
       797   0.93420
       798   0.93475
       799   0.93529
       800   0.93529
       801   0.93583
       802   0.93583
       803   0.93638
       804   0.93692
       805   0.93692
       806   0.93747
       807   0.93747
       808   0.93801
       809   0.93801
       810   0.93855
       811   0.93910
       812   0.93910
       813   0.93964
       814   0.93964
       815   0.94018
       816   0.94018
       817   0.94073
       818   0.94073
       819   0.94127
       820   0.94127
       821   0.94182
       822   0.94182
       823   0.94236
       824   0.94236
       825   0.94236
       826   0.94290
       827   0.94290
       828   0.94345
       829   0.94345
       830   0.94399
       831   0.94399
       832   0.94399
       833   0.94454
       834   0.94454
       835   0.94508
       836   0.94508
       837   0.94508
       838   0.94562
       839   0.94562
       840   0.94617
       841   0.94617
       842   0.94617
       843   0.94671
       844   0.94671
       845   0.94671
       846   0.94725
       847   0.94725
       848   0.94725
       849   0.94780
       850   0.94780
       851   0.94780
       852   0.94834
       853   0.94834
       854   0.94834
       855   0.94889
       856   0.94889
       857   0.94889
       858   0.94943
       859   0.94943
       860   0.94943
       861   0.94943
       862   0.94997
       863   0.94997
       864   0.94997
       865   0.95052
       866   0.95052
       867   0.95052
       868   0.95052
       869   0.95106
       870   0.95106
       871   0.95106
       872   0.95106
       873   0.95106
       874   0.95160
       875   0.95160
       876   0.95160
       877   0.95160
       878   0.95215
       879   0.95215
       880   0.95215
       881   0.95215
       882   0.95215
       883   0.95269
       884   0.95269
       885   0.95269
       886   0.95269
       887   0.95269
       888   0.95269
       889   0.95324
       890   0.95324
       891   0.95324
       892   0.95324
       893   0.95324
       894   0.95324
       895   0.95324
       896   0.95324
       897   0.95378
       898   0.95378
       899   0.95378
       900   0.95378
       901   0.95378
       902   0.95378
       903   0.95378
       904   0.95378
       905   0.95378
       906   0.95378
       907   0.95378
       908   0.95378
       909   0.95378
       910   0.95378
       911   0.95378
       912   0.95378
       913   0.95378
       914   0.95378
       915   0.95378
       916   0.95378
       917   0.95378
       918   0.95378
       919   0.95378
       920   0.95378
       921   0.95378
       922   0.95378
       923   0.95378
       924   0.95378
       925   0.95378
       926   0.95378
       927   0.95324
       928   0.95324
       929   0.95324
       930   0.95324
       931   0.95324
       932   0.95324
       933   0.95269
       934   0.95269
       935   0.95269
       936   0.95269
       937   0.95215
       938   0.95215
       939   0.95215
       940   0.95160
       941   0.95160
       942   0.95160
       943   0.95106
       944   0.95106
       945   0.95106
       946   0.95052
       947   0.95052
       948   0.94997
       949   0.94997
       950   0.94943
       951   0.94943
       952   0.94889
       953   0.94889
       954   0.94834
       955   0.94834
       956   0.94780
       957   0.94725
       958   0.94725
       959   0.94671
       960   0.94617
       961   0.94617
       962   0.94562
       963   0.94508
       964   0.94454
       965   0.94399
       966   0.94345
       967   0.94290
       968   0.94290
       969   0.94236
       970   0.94127
       971   0.94073
       972   0.94018
       973   0.93964
       974   0.93910
       975   0.93855
       976   0.93747
       977   0.93692
       978   0.93638
       979   0.93529
       980   0.93475
       981   0.93638
       982   0.93855
       983   0.94018
       984   0.94236
       985   0.94399
       986   0.94562
       987   0.94725
       988   0.94889
       989   0.95052
       990   0.95215
       991   0.95378
       992   0.95541
       993   0.95704
       994   0.95813
       995   0.95976
       996   0.96085
       997   0.96248
       998   0.96357
       999   0.96465
      1000   0.96574
      1001   0.96737
      1002   0.96846
      1003   0.96955
      1004   0.97064
      1005   0.97172
      1006   0.97227
      1007   0.97336
      1008   0.97444
      1009   0.97553
      1010   0.97607
      1011   0.97716
      1012   0.97771
      1013   0.97879
      1014   0.97934
      1015   0.98042
      1016   0.98097
      1017   0.98151
      1018   0.98260
      1019   0.98314
      1020   0.98369
      1021   0.98477
      1022   0.98532
      1023   0.98586
      1024   0.98641
      1025   0.98695
      1026   0.98749
      1027   0.98804
      1028   0.98858
      1029   0.98912
      1030   0.98967
      1031   0.99021
      1032   0.99021
      1033   0.99021
      1034   0.99021
      1035   0.98912
      1036   0.98912
      1037   0.98858
      1038   0.98858
      1039   0.98858
      1040   0.98749
      1041   0.98749
      1042   0.98749
      1043   0.98695
      1044   0.98641
      1045   0.98641
      1046   0.98641
      1047   0.98532
      1048   0.98532
      1049   0.98477
      1050   0.98477
      1051   0.98477
      1052   0.98369
      1053   0.98369
      1054   0.98314
      1055   0.98314
      1056   0.98260
      1057   0.98206
      1058   0.98151
      1059   0.98097
      1060   0.98042
      1061   0.97934
      1062   0.97879
      1063   0.97825
      1064   0.97771
      1065   0.97716
      1066   0.97662
      1067   0.97607
      1068   0.97553
      1069   0.97499
      1070   0.97499
      1071   0.97444
      1072   0.97390
      1073   0.97336
      1074   0.97281
      1075   0.97227
      1076   0.97172
      1077   0.97118
      1078   0.97064
      1079   0.97064
      1080   0.97009
      1081   0.96955
      1082   0.96900
      1083   0.96846
      1084   0.96846
      1085   0.96792
      1086   0.96737
      1087   0.96683
      1088   0.96683
      1089   0.96629
      1090   0.96574
      1091   0.96574
      1092   0.96520
      1093   0.96465
      1094   0.96465
      1095   0.96411
      1096   0.96411
      1097   0.96357
      1098   0.96302
      1099   0.96302
      1100   0.96248
      1101   0.96248
      1102   0.96194
      1103   0.96194
      1104   0.96139
      1105   0.96139
      1106   0.96085
      1107   0.96085
      1108   0.96030
      1109   0.96030
      1110   0.95976
      1111   0.95976
      1112   0.95922
      1113   0.95922
      1114   0.95922
      1115   0.95867
      1116   0.95867
      1117   0.95867
      1118   0.95813
      1119   0.95813
      1120   0.95813
      1121   0.95759
      1122   0.95759
      1123   0.95759
      1124   0.95759
      1125   0.95704
      1126   0.95704
      1127   0.95704
      1128   0.95704
      1129   0.95650
      1130   0.95650
      1131   0.95650
      1132   0.95650
      1133   0.95650
      1134   0.95650
      1135   0.95595
      1136   0.95595
      1137   0.95595
      1138   0.95595
      1139   0.95595
      1140   0.95595
      1141   0.95595
      1142   0.95595
      1143   0.95595
      1144   0.95595
      1145   0.95595
      1146   0.95595
      1147   0.95595
      1148   0.95595
      1149   0.95595
      1150   0.95595
      1151   0.95595
      1152   0.95595
      1153   0.95595
      1154   0.95595
      1155   0.95595
      1156   0.95595
      1157   0.95595
      1158   0.95595
      1159   0.95650
      1160   0.95650
      1161   0.95650
      1162   0.95650
      1163   0.95650
      1164   0.95650
      1165   0.95704
      1166   0.95704
      1167   0.95704
      1168   0.95704
      1169   0.95704
      1170   0.95759
      1171   0.95759
      1172   0.95759
      1173   0.95759
      1174   0.95813
      1175   0.95813
      1176   0.95813
      1177   0.95867
      1178   0.95867
      1179   0.95867
      1180   0.95922
      1181   0.95922
      1182   0.95922
      1183   0.95976
      1184   0.95976
      1185   0.95976
      1186   0.96030
      1187   0.96030
      1188   0.96085
      1189   0.96085
      1190   0.96085
      1191   0.96139
      1192   0.96139
      1193   0.96194
      1194   0.96194
      1195   0.96248
      1196   0.96248
      1197   0.96302
      1198   0.96302
      1199   0.96357
      1200   0.96357
      1201   0.96411
      1202   0.96411
      1203   0.96465
      1204   0.96465
      1205   0.96520
      1206   0.96520
      1207   0.96574
      1208   0.96629
      1209   0.96629
      1210   0.96683
      1211   0.96683
      1212   0.96683
      1213   0.96737
      1214   0.96683
      1215   0.96683
      1216   0.96683
      1217   0.96683
      1218   0.96683
      1219   0.96683
      1220   0.96683
      1221   0.96683
      1222   0.96629
      1223   0.96683
      1224   0.96683
      1225   0.96629
      1226   0.96629
      1227   0.96629
      1228   0.96574
      1229   0.96574
      1230   0.96574
      1231   0.96574
      1232   0.96520
      1233   0.96520
      1234   0.96520
      1235   0.96411
      1236   0.96411
      1237   0.96411
      1238   0.96411
      1239   0.96302
      1240   0.96302
      1241   0.96248
      1242   0.96248
      1243   0.96194
      1244   0.96085
      1245   0.96085
      1246   0.96139
      1247   0.96194
      1248   0.96248
      1249   0.96248
      1250   0.96357
      1251   0.96357
      1252   0.96465
      1253   0.96465
      1254   0.96520
      1255   0.96574
      1256   0.96629
      1257   0.96629
      1258   0.96737
      1259   0.96737
      1260   0.96792
      1261   0.96846
      1262   0.96900
      1263   0.96900
      1264   0.96900
      1265   0.96955
      1266   0.96955
      1267   0.97064
      1268   0.97064
      1269   0.97118
      1270   0.97118
      1271   0.97172
      1272   0.97172
      1273   0.97172
      1274   0.97172
      1275   0.97118
      1276   0.97118
      1277   0.97064
      1278   0.97009
      1279   0.97009
      1280   0.96955
      1281   0.96955
      1282   0.96900
      1283   0.96846
      1284   0.96846
      1285   0.96792
      1286   0.96737
      1287   0.96737
      1288   0.96683
      1289   0.96629
      1290   0.96629
      1291   0.96574
      1292   0.96520
      1293   0.96520
      1294   0.96465
      1295   0.96411
      1296   0.96411
      1297   0.96357
      1298   0.96302
      1299   0.96302
      1300   0.96248
      1301   0.96194
      1302   0.96194
      1303   0.96139
      1304   0.96085
      1305   0.96030
      1306   0.96030
      1307   0.95976
      1308   0.95922
      1309   0.95813
      1310   0.95704
      1311   0.95487
      1312   0.95324
      1313   0.95106
      1314   0.94997
      1315   0.94725
      1316   0.94562
      1317   0.94345
      1318   0.94182
      1319   0.94018
      1320   0.93801
      1321   0.93583
      1322   0.93420
      1323   0.93203
      1324   0.93040
      1325   0.92822
      1326   0.92605
      1327   0.92442
      1328   0.92550
      1329   0.92659
      1330   0.92768
      1331   0.92822
      1332   0.92877
      1333   0.92985
      1334   0.93040
      1335   0.93094
      1336   0.93148
      1337   0.93203
      1338   0.93203
      1339   0.93257
      1340   0.93312
      1341   0.93420
      1342   0.93475
      1343   0.93529
      1344   0.93583
      1345   0.93583
      1346   0.93638
      1347   0.93692
      1348   0.93747
      1349   0.93801
      1350   0.93801
      1351   0.93855
      1352   0.93910
      1353   0.93910
      1354   0.93964
      1355   0.94018
      1356   0.94018
      1357   0.94073
      1358   0.94018
      1359   0.94073
      1360   0.94127
      1361   0.94127
      1362   0.94182
      1363   0.94182
      1364   0.94236
      1365   0.94236
      1366   0.94290
      1367   0.94236
      1368   0.94236
      1369   0.94236
      1370   0.94236
      1371   0.94236
      1372   0.94290
      1373   0.94290
      1374   0.94290
      1375   0.94345
      1376   0.94290
      1377   0.94290
      1378   0.94290
      1379   0.94236
      1380   0.94236
      1381   0.94290
      1382   0.94236
      1383   0.94236
      1384   0.94236
      1385   0.94236
      1386   0.94236
      1387   0.94236
      1388   0.94182
      1389   0.94127
      1390   0.94018
      1391   0.93855
      1392   0.93747
      1393   0.93638
      1394   0.93529
      1395   0.93475
      1396   0.93366
      1397   0.93148
      1398   0.93040
      1399   0.92877
      1400   0.92768
      1401   0.92605
      1402   0.92442
      1403   0.92278
      1404   0.92007
      1405   0.91843
      1406   0.91680
      1407   0.91517
      1408   0.91245
      1409   0.91028
      1410   0.90810
      1411   0.90484
      1412   0.90212
      1413   0.89940
      1414   0.89560
      1415   0.89125
      1416   0.88690
      1417   0.88309
      1418   0.87819
      1419   0.87384
      1420   0.87004
      1421   0.86678
      1422   0.86351
      1423   0.86134
      1424   0.85862
      1425   0.85753
      1426   0.85590
      1427   0.85318
      1428   0.85155
      1429   0.84992
      1430   0.84829
      1431   0.84774
      1432   0.84557
      1433   0.84448
      1434   0.84339
      1435   0.84285
      1436   0.84176
      1437   0.84067
      1438   0.84013
      1439   0.84013
      1440   0.83904
      1441   0.83850
      1442   0.83850
      1443   0.83796
      1444   0.83796
      1445   0.83850
      1446   0.83796
      1447   0.83904
      1448   0.83904
      1449   0.83959
      1450   0.84067
      1451   0.84176
      1452   0.84339
      1453   0.84502
      1454   0.84774
      1455   0.85046
      1456   0.85372
      1457   0.85699
      1458   0.85971
      1459   0.86188
      1460   0.86460
      1461   0.86623
      1462   0.86786
      1463   0.86949
      1464   0.87058
      1465   0.87221
      1466   0.87384
      1467   0.87493
      1468   0.87602
      1469   0.87765
      1470   0.87819
      1471   0.87983
      1472   0.88091
      1473   0.88254
      1474   0.88309
      1475   0.88254
      1476   0.88254
      1477   0.88254
      1478   0.88200
      1479   0.88200
      1480   0.88200
      1481   0.88146
      1482   0.88146
      1483   0.88146
      1484   0.88146
      1485   0.88091
      1486   0.88091
      1487   0.88091
      1488   0.88091
      1489   0.88091
      1490   0.88091
      1491   0.88091
      1492   0.88091
      1493   0.88091
      1494   0.88037
      1495   0.88037
      1496   0.88037
      1497   0.88037
      1498   0.88091
      1499   0.88091
      1500   0.88091
      1501   0.88091
      1502   0.88091
      1503   0.88091
      1504   0.88091
      1505   0.88091
      1506   0.88091
      1507   0.88146
      1508   0.88146
      1509   0.88146
      1510   0.88146
      1511   0.88146
      1512   0.88200
      1513   0.88200
      1514   0.88200
      1515   0.88254
      1516   0.88254
      1517   0.88254
      1518   0.88309
      1519   0.88309
      1520   0.88309
      1521   0.88363
      1522   0.88363
      1523   0.88418
      1524   0.88418
      1525   0.88418
      1526   0.88472
      1527   0.88472
      1528   0.88526
      1529   0.88526
      1530   0.88581
      1531   0.88635
      1532   0.88635
      1533   0.88690
      1534   0.88690
      1535   0.88744
      1536   0.88798
      1537   0.88798
      1538   0.88853
      1539   0.88907
      1540   0.88907
      1541   0.88961
      1542   0.89016
      1543   0.89016
      1544   0.89070
      1545   0.89125
      1546   0.89179
      1547   0.89179
      1548   0.89233
      1549   0.89288
      1550   0.89342
      1551   0.89396
      1552   0.89396
      1553   0.89451
      1554   0.89505
      1555   0.89560
      1556   0.89614
      1557   0.89668
      1558   0.89723
      1559   0.89777
      1560   0.89777
      1561   0.89831
      1562   0.89886
      1563   0.89940
      1564   0.89995
      1565   0.90049
      1566   0.90103
      1567   0.90158
      1568   0.90212
      1569   0.90266
      1570   0.90321
      1571   0.90375
      1572   0.90430
      1573   0.90484
      1574   0.90538
      1575   0.90538
      1576   0.90593
      1577   0.90647
      1578   0.90701
      1579   0.90756
      1580   0.90810
      1581   0.90865
      1582   0.90919
      1583   0.90973
      1584   0.90973
      1585   0.91028
      1586   0.91082
      1587   0.91136
      1588   0.91191
      1589   0.91245
      1590   0.91245
      1591   0.91300
      1592   0.91354
      1593   0.91408
      1594   0.91408
      1595   0.91463
      1596   0.91517
      1597   0.91517
      1598   0.91572
      1599   0.91572
      1600   0.91626
      1601   0.91680
      1602   0.91680
      1603   0.91735
      1604   0.91735
      1605   0.91735
      1606   0.91789
      1607   0.91735
      1608   0.91626
      1609   0.91572
      1610   0.91517
      1611   0.91463
      1612   0.91354
      1613   0.91300
      1614   0.91245
      1615   0.91191
      1616   0.91082
      1617   0.91028
      1618   0.90973
      1619   0.90919
      1620   0.90810
      1621   0.90756
      1622   0.90701
      1623   0.90593
      1624   0.90538
      1625   0.90484
      1626   0.90430
      1627   0.90321
      1628   0.90266
      1629   0.90212
      1630   0.90103
      1631   0.90049
      1632   0.89995
      1633   0.89886
      1634   0.89831
      1635   0.89777
      1636   0.89723
      1637   0.89614
      1638   0.89560
      1639   0.89505
      1640   0.89396
      1641   0.89342
      1642   0.89288
      1643   0.89179
      1644   0.89125
      1645   0.89070
      1646   0.88961
      1647   0.88907
      1648   0.88853
      1649   0.88798
      1650   0.88690
      1651   0.88635
      1652   0.88581
      1653   0.88472
      1654   0.88418
      1655   0.88363
      1656   0.88254
      1657   0.88200
      1658   0.88146
      1659   0.88091
      1660   0.87983
      1661   0.87928
      1662   0.87874
      1663   0.87765
      1664   0.87711
      1665   0.87656
      1666   0.87548
      1667   0.87493
      1668   0.87439
      1669   0.87384
      1670   0.87276
      1671   0.87221
      1672   0.87167
      1673   0.87058
      1674   0.87004
      1675   0.86949
      1676   0.86841
      1677   0.86786
      1678   0.86732
      1679   0.86623
      1680   0.86569
      1681   0.86514
      1682   0.86406
      1683   0.86351
      1684   0.86297
      1685   0.86188
      1686   0.86134
      1687   0.86079
      1688   0.85971
      1689   0.85916
      1690   0.85862
      1691   0.85753
      1692   0.85699
      1693   0.85590
      1694   0.85536
      1695   0.85481
      1696   0.85372
      1697   0.85318
      1698   0.85209
      1699   0.85155
      1700   0.85046
      1701   0.84992
      1702   0.84883
      1703   0.84829
      1704   0.84720
      1705   0.84666
      1706   0.84557
      1707   0.84448
      1708   0.84394
      1709   0.84285
      1710   0.84176
      1711   0.84122
      1712   0.84013
      1713   0.83904
      1714   0.83796
      1715   0.83687
      1716   0.83578
      1717   0.83469
      1718   0.83361
      1719   0.83197
      1720   0.83034
      1721   0.82871
      1722   0.82708
      1723   0.82219
      1724   0.81729
      1725   0.81729
      1726   0.81675
      1727   0.81675
      1728   0.81620
      1729   0.81566
      1730   0.81512
      1731   0.81512
      1732   0.81457
      1733   0.81403
      1734   0.81349
      1735   0.81294
      1736   0.81294
      1737   0.81240
      1738   0.81185
      1739   0.81131
      1740   0.81077
      1741   0.81022
      1742   0.80968
      1743   0.80914
      1744   0.80859
      1745   0.80805
      1746   0.80750
      1747   0.80642
      1748   0.80587
      1749   0.80533
      1750   0.80479
      1751   0.80370
      1752   0.80207
      1753   0.80044
      1754   0.79826
      1755   0.79608
      1756   0.79445
      1757   0.79228
      1758   0.79010
      1759   0.78793
      1760   0.77270
      1761   0.76400
      1762   0.75639
      1763   0.74986
      1764   0.74388
      1765   0.73736
      1766   0.73138
      1767   0.72594
      1768   0.71833
      1769   0.70908
      1770   0.69929
      1771   0.68787
      1772   0.67482
      1773   0.65362
      1774   0.65035
      1775   0.64600
      1776   0.64220
      1777   0.63839
      1778   0.63513
      1779   0.63132
      1780   0.62751
      1781   0.62371
      1782   0.62045
      1783   0.61610
      1784   0.61338
      1785   0.60957
      1786   0.60631
      1787   0.60250
      1788   0.59869
      1789   0.59489
      1790   0.59217
      1791   0.58836
      1792   0.58510
      1793   0.58129
      1794   0.57694
      1795   0.57368
      1796   0.56987
      1797   0.56607
      1798   0.56281
      1799   0.55900
      1800   0.55519
      1801   0.55193
      1802   0.54812
      1803   0.54432
      1804   0.54160
      1805   0.53997
      1806   0.53779
      1807   0.53562
      1808   0.53399
      1809   0.53181
      1810   0.53018
      1811   0.52800
      1812   0.52583
      1813   0.52365
      1814   0.52257
      1815   0.52039
      1816   0.51822
      1817   0.51659
      1818   0.51441
      1819   0.51169
      1820   0.51060
      1821   0.50843
      1822   0.50625
      1823   0.50408
      1824   0.50136
      1825   0.50027
      1826   0.49810
      1827   0.49538
      1828   0.49375
      1829   0.49157
      1830   0.48940
      1831   0.48722
      1832   0.48505
      1833   0.48341
      1834   0.48070
      1835   0.47852
      1836   0.47635
      1837   0.47417
      1838   0.47145
      1839   0.46928
