         1   0.80152
         2   0.80424
         3   0.80805
         4   0.81131
         5   0.81457
         6   0.81729
         7   0.82001
         8   0.82382
         9   0.82599
        10   0.82926
        11   0.83197
        12   0.83469
        13   0.83741
        14   0.84013
        15   0.84285
        16   0.84557
        17   0.84829
        18   0.85101
        19   0.85318
        20   0.85536
        21   0.85808
        22   0.86079
        23   0.86297
        24   0.86460
        25   0.86678
        26   0.87004
        27   0.87221
        28   0.87384
        29   0.87602
        30   0.87819
        31   0.87983
        32   0.88254
        33   0.88472
        34   0.88690
        35   0.88853
        36   0.89070
        37   0.89233
        38   0.89396
        39   0.89614
        40   0.89777
        41   0.89995
        42   0.90158
        43   0.90375
        44   0.90538
        45   0.90701
        46   0.90865
        47   0.91028
        48   0.91245
        49   0.91408
        50   0.91572
        51   0.91735
        52   0.91898
        53   0.92007
        54   0.92170
        55   0.92333
        56   0.92496
        57   0.92659
        58   0.92822
        59   0.92985
        60   0.93040
        61   0.93148
        62   0.93312
        63   0.93475
        64   0.93638
        65   0.93801
        66   0.93964
        67   0.94018
        68   0.94182
        69   0.94345
        70   0.94454
        71   0.94562
        72   0.94671
        73   0.94725
        74   0.94780
        75   0.94834
        76   0.94889
        77   0.94889
        78   0.94943
        79   0.94997
        80   0.95052
        81   0.95052
        82   0.95106
        83   0.95160
        84   0.95215
        85   0.95215
        86   0.95269
        87   0.95324
        88   0.95378
        89   0.95378
        90   0.95432
        91   0.95487
        92   0.95487
        93   0.95541
        94   0.95595
        95   0.95650
        96   0.95650
        97   0.95704
        98   0.95759
        99   0.95759
       100   0.95813
       101   0.95867
       102   0.95867
       103   0.95922
       104   0.95976
       105   0.96030
       106   0.96030
       107   0.96085
       108   0.96139
       109   0.96139
       110   0.96194
       111   0.96248
       112   0.96248
       113   0.96302
       114   0.96357
       115   0.96357
       116   0.96411
       117   0.96465
       118   0.96465
       119   0.96520
       120   0.96574
       121   0.96574
       122   0.96629
       123   0.96683
       124   0.96683
       125   0.96737
       126   0.96792
       127   0.96792
       128   0.96846
       129   0.96846
       130   0.96900
       131   0.96955
       132   0.96955
       133   0.97009
       134   0.97064
       135   0.97064
       136   0.97118
       137   0.97172
       138   0.97172
       139   0.97227
       140   0.97281
       141   0.97281
       142   0.97336
       143   0.97390
       144   0.97390
       145   0.97444
       146   0.97499
       147   0.97499
       148   0.97553
       149   0.97607
       150   0.97607
       151   0.97662
       152   0.97716
       153   0.97716
       154   0.97771
       155   0.97825
       156   0.97825
       157   0.97879
       158   0.97934
       159   0.97934
       160   0.97988
       161   0.97988
       162   0.98042
       163   0.98097
       164   0.98097
       165   0.98151
       166   0.98206
       167   0.98206
       168   0.98260
       169   0.98314
       170   0.98369
       171   0.98369
       172   0.98423
       173   0.98477
       174   0.98477
       175   0.98532
       176   0.98586
       177   0.98586
       178   0.98641
       179   0.98695
       180   0.98695
       181   0.98749
       182   0.98804
       183   0.98804
       184   0.98858
       185   0.98912
       186   0.98912
       187   0.98967
       188   0.99021
       189   0.99021
       190   0.99076
       191   0.99130
       192   0.99184
       193   0.99184
       194   0.99239
       195   0.99293
       196   0.99293
       197   0.99347
       198   0.99402
       199   0.99456
       200   0.99456
       201   0.99511
       202   0.99565
       203   0.99565
       204   0.99619
       205   0.99674
       206   0.99674
       207   0.99728
       208   0.99782
       209   0.99837
       210   0.99837
       211   0.99891
       212   0.99946
       213   0.99946
       214   0.99946
       215   0.99946
       216   0.99946
       217   0.99946
       218   0.99946
       219   0.99946
       220   0.99946
       221   0.99946
       222   0.99946
       223   0.99946
       224   0.99946
       225   0.99946
       226   0.99946
       227   0.99946
       228   0.99946
       229   0.99946
       230   0.99946
       231   0.99946
       232   0.99946
       233   0.99946
       234   0.99946
       235   0.99946
       236   0.99946
       237   0.99946
       238   0.99946
       239   0.99946
       240   0.99946
       241   0.99946
       242   0.99946
       243   0.99946
       244   0.99946
       245   0.99946
       246   0.99946
       247   0.99946
       248   0.99946
       249   0.99946
       250   0.99946
       251   0.99946
       252   0.99946
       253   0.99946
       254   0.99946
       255   0.99946
       256   0.99946
       257   0.99946
       258   0.99946
       259   0.99946
       260   0.99946
       261   0.99946
       262   0.99946
       263   0.99946
       264   0.99946
       265   0.99946
       266   0.99946
       267   0.99946
       268   0.99946
       269   0.99946
       270   0.99946
       271   0.99946
       272   0.99946
       273   0.99946
       274   0.99946
       275   0.99946
       276   0.99946
       277   0.99946
       278   0.99946
       279   0.99946
       280   0.99946
       281   0.99946
       282   0.99946
       283   0.99946
       284   0.99946
       285   0.99946
       286   0.99946
       287   0.99946
       288   0.99946
       289   0.99946
       290   0.99946
       291   0.99946
       292   0.99946
       293   0.99946
       294   0.99946
       295   0.99946
       296   0.99946
       297   0.99946
       298   0.99946
       299   0.99946
       300   0.99946
       301   0.99946
       302   0.99946
       303   0.99946
       304   0.99946
       305   0.99946
       306   0.99946
       307   0.99946
       308   0.99946
       309   0.99946
       310   0.99946
       311   0.99946
       312   0.99946
       313   0.99946
       314   0.99946
       315   0.99946
       316   0.99946
       317   0.99946
       318   0.99946
       319   0.99946
       320   0.99946
       321   0.99946
       322   0.99946
       323   0.99946
       324   0.99946
       325   0.99946
       326   0.99946
       327   0.99946
       328   0.99946
       329   0.99946
       330   0.99946
       331   0.99946
       332   0.99946
       333   0.99946
       334   0.99946
       335   0.99946
       336   0.99946
       337   0.99946
       338   0.99946
       339   0.99946
       340   0.99946
       341   0.99946
       342   0.99946
       343   0.99946
       344   0.99946
       345   0.99946
       346   0.99946
       347   0.99946
       348   0.99946
       349   0.99946
       350   0.99946
       351   0.99946
       352   0.99946
       353   0.99946
       354   0.99946
       355   0.99946
       356   0.99946
       357   0.99946
       358   0.99946
       359   0.99946
       360   0.99946
       361   0.99946
       362   0.99946
       363   0.99946
       364   0.99946
       365   0.99946
       366   0.99946
       367   0.99946
       368   0.99946
       369   0.99946
       370   0.99946
       371   0.99946
       372   0.99946
       373   0.99946
       374   0.99946
       375   0.99946
       376   0.99946
       377   0.99946
       378   0.99946
       379   0.99946
       380   0.99946
       381   0.99946
       382   0.99946
       383   0.99946
       384   0.99946
       385   0.99946
       386   0.99946
       387   0.99946
       388   0.99946
       389   0.99946
       390   0.99946
       391   0.99946
       392   0.99946
       393   0.99946
       394   0.99946
       395   0.99946
       396   0.99946
       397   0.99946
       398   0.99946
       399   0.99946
       400   0.99946
       401   0.99946
       402   0.99946
       403   0.99946
       404   0.99946
       405   0.99946
       406   0.99946
       407   0.99946
       408   0.99946
       409   0.99946
       410   0.99946
       411   0.99946
       412   0.99946
       413   0.99946
       414   0.99946
       415   0.99946
       416   0.99946
       417   0.99946
       418   0.99946
       419   0.99946
       420   0.99946
       421   0.99946
       422   0.99946
       423   0.99946
       424   0.99946
       425   0.99946
       426   0.99946
       427   0.99946
       428   0.99946
       429   0.99946
       430   0.99946
       431   0.99946
       432   0.99946
       433   0.99946
       434   0.99946
       435   0.99946
       436   0.99946
       437   0.99946
       438   0.99946
       439   0.99946
       440   0.99946
       441   0.99946
       442   0.99946
       443   0.99946
       444   0.99946
       445   0.99946
       446   0.99946
       447   0.99946
       448   0.99946
       449   0.99946
       450   0.99946
       451   0.99946
       452   0.99946
       453   0.99946
       454   0.99946
       455   0.99946
       456   0.99946
       457   0.99946
       458   0.99946
       459   0.99946
       460   0.99946
       461   0.99946
       462   0.99946
       463   0.99946
       464   0.99946
       465   0.99946
       466   0.99946
       467   0.99946
       468   0.99946
       469   0.99946
       470   0.99946
       471   0.99946
       472   0.99946
       473   0.99946
       474   0.99946
       475   0.99946
       476   0.99946
       477   0.99946
       478   0.99946
       479   0.99946
       480   0.99946
       481   0.99946
       482   0.99946
       483   0.99946
       484   0.99946
       485   0.99946
       486   0.99946
       487   0.99946
       488   0.99946
       489   0.99946
       490   0.99946
       491   0.99946
       492   0.99946
       493   0.99946
       494   0.99946
       495   0.99946
       496   0.99946
       497   0.99946
       498   0.99946
       499   0.99946
       500   0.99946
       501   0.99946
       502   0.99946
       503   0.99946
       504   0.99946
       505   0.99946
       506   0.99946
       507   0.99946
       508   0.99946
       509   0.99946
       510   0.99946
       511   0.99946
       512   0.99946
       513   0.99946
       514   0.99946
       515   0.99946
       516   0.99946
       517   0.99946
       518   0.99946
       519   0.99946
       520   0.99946
       521   0.99946
       522   0.99946
       523   0.99946
       524   0.99946
       525   0.99946
       526   0.99946
       527   0.99946
       528   0.99946
       529   0.99946
       530   0.99946
       531   0.99946
       532   0.99946
       533   0.99946
       534   0.99946
       535   0.99946
       536   0.99946
       537   0.99946
       538   0.99946
       539   0.99946
       540   0.99946
       541   0.99946
       542   0.99946
       543   0.99946
       544   0.99946
       545   0.99946
       546   0.99946
       547   0.99946
       548   0.99946
       549   0.99946
       550   0.99946
       551   0.99946
       552   0.99946
       553   0.99946
       554   0.99946
       555   0.99946
       556   0.99946
       557   0.99946
       558   0.99946
       559   0.99946
       560   0.99946
       561   0.99946
       562   0.99946
       563   0.99946
       564   0.99946
       565   0.99946
       566   0.99946
       567   0.99946
       568   0.99946
       569   0.99946
       570   0.99946
       571   0.99946
       572   0.99946
       573   0.99946
       574   0.99946
       575   0.99946
       576   0.99946
       577   0.99946
       578   0.99946
       579   0.99946
       580   0.99946
       581   0.99946
       582   0.99946
       583   0.99946
       584   0.99946
       585   0.99946
       586   0.99946
       587   0.99946
       588   0.99946
       589   0.99946
       590   0.99946
       591   0.99946
       592   0.99946
       593   0.99946
       594   0.99946
       595   0.99946
       596   0.99946
       597   0.99946
       598   0.99946
       599   0.99946
       600   0.99946
       601   0.99946
       602   0.99946
       603   0.99946
       604   0.99946
       605   0.99946
       606   0.99946
       607   0.99946
       608   0.99946
       609   0.99946
       610   0.99946
       611   0.99946
       612   0.99946
       613   0.99946
       614   0.99891
       615   0.99837
       616   0.99837
       617   0.99782
       618   0.99728
       619   0.99728
       620   0.99674
       621   0.99619
       622   0.99565
       623   0.99565
       624   0.99511
       625   0.99456
       626   0.99402
       627   0.99402
       628   0.99347
       629   0.99293
       630   0.99239
       631   0.99239
       632   0.99184
       633   0.99130
       634   0.99076
       635   0.99076
       636   0.99021
       637   0.98967
       638   0.98912
       639   0.98858
       640   0.98858
       641   0.98804
       642   0.98749
       643   0.98695
       644   0.98641
       645   0.98586
       646   0.98586
       647   0.98532
       648   0.98477
       649   0.98423
       650   0.98369
       651   0.98314
       652   0.98260
       653   0.98260
       654   0.98206
       655   0.98151
       656   0.98097
       657   0.98042
       658   0.97988
       659   0.97934
       660   0.97879
       661   0.97825
       662   0.97771
       663   0.97771
       664   0.97716
       665   0.97662
       666   0.97607
       667   0.97553
       668   0.97499
       669   0.97444
       670   0.97390
       671   0.97336
       672   0.97281
       673   0.97227
       674   0.97172
       675   0.97118
       676   0.97064
       677   0.97009
       678   0.96955
       679   0.96900
       680   0.96846
       681   0.96792
       682   0.96683
       683   0.96629
       684   0.96574
       685   0.96520
       686   0.96465
       687   0.96411
       688   0.96357
       689   0.96302
       690   0.96248
       691   0.96139
       692   0.96085
       693   0.96085
       694   0.96194
       695   0.96248
       696   0.96302
       697   0.96411
       698   0.96465
       699   0.96520
       700   0.96574
       701   0.96629
       702   0.96683
       703   0.96792
       704   0.96846
       705   0.96900
       706   0.96955
       707   0.97009
       708   0.97064
       709   0.97118
       710   0.97172
       711   0.97227
       712   0.97281
       713   0.97336
       714   0.97390
       715   0.97390
       716   0.97444
       717   0.97499
       718   0.97553
       719   0.97607
       720   0.97662
       721   0.97662
       722   0.97716
       723   0.97771
       724   0.97825
       725   0.97879
       726   0.97879
       727   0.97934
       728   0.97988
       729   0.98042
       730   0.98042
       731   0.98097
       732   0.98151
       733   0.98151
       734   0.98206
       735   0.98260
       736   0.98260
       737   0.98314
       738   0.98369
       739   0.98369
       740   0.98423
       741   0.98423
       742   0.98477
       743   0.98532
       744   0.98532
       745   0.98586
       746   0.98586
       747   0.98641
       748   0.98641
       749   0.98695
       750   0.98749
       751   0.98749
       752   0.98804
       753   0.98804
       754   0.98858
       755   0.98858
       756   0.98912
       757   0.98912
       758   0.98967
       759   0.98967
       760   0.99021
       761   0.99021
       762   0.99076
       763   0.99076
       764   0.99130
       765   0.99130
       766   0.99130
       767   0.99184
       768   0.99184
       769   0.99239
       770   0.99239
       771   0.99293
       772   0.99293
       773   0.99347
       774   0.99347
       775   0.99347
       776   0.99402
       777   0.99402
       778   0.99456
       779   0.99456
       780   0.99456
       781   0.99511
       782   0.99511
       783   0.99565
       784   0.99565
       785   0.99565
       786   0.99619
       787   0.99619
       788   0.99619
       789   0.99674
       790   0.99674
       791   0.99728
       792   0.99728
       793   0.99728
       794   0.99782
       795   0.99782
       796   0.99782
       797   0.99837
       798   0.99837
       799   0.99837
       800   0.99891
       801   0.99891
       802   0.99891
       803   0.99946
       804   0.99946
       805   0.99946
       806   0.99946
       807   0.99946
       808   0.99946
       809   0.99946
       810   0.99946
       811   0.99946
       812   0.99946
       813   0.99946
       814   0.99946
       815   0.99946
       816   0.99946
       817   0.99946
       818   0.99946
       819   0.99946
       820   0.99946
       821   0.99946
       822   0.99946
       823   0.99946
       824   0.99946
       825   0.99946
       826   0.99946
       827   0.99946
       828   0.99946
       829   0.99946
       830   0.99946
       831   0.99946
       832   0.99946
       833   0.99946
       834   0.99946
       835   0.99946
       836   0.99946
       837   0.99946
       838   0.99946
       839   0.99946
       840   0.99946
       841   0.99946
       842   0.99946
       843   0.99946
       844   0.99946
       845   0.99946
       846   0.99946
       847   0.99946
       848   0.99946
       849   0.99946
       850   0.99946
       851   0.99946
       852   0.99946
       853   0.99946
       854   0.99946
       855   0.99946
       856   0.99946
       857   0.99946
       858   0.99946
       859   0.99946
       860   0.99946
       861   0.99946
       862   0.99946
       863   0.99946
       864   0.99946
       865   0.99946
       866   0.99946
       867   0.99946
       868   0.99946
       869   0.99946
       870   0.99946
       871   0.99946
       872   0.99946
       873   0.99946
       874   0.99946
       875   0.99946
       876   0.99946
       877   0.99946
       878   0.99946
       879   0.99946
       880   0.99946
       881   0.99946
       882   0.99946
       883   0.99946
       884   0.99946
       885   0.99946
       886   0.99946
       887   0.99946
       888   0.99946
       889   0.99946
       890   0.99946
       891   0.99946
       892   0.99946
       893   0.99946
       894   0.99946
       895   0.99946
       896   0.99946
       897   0.99946
       898   0.99946
       899   0.99946
       900   0.99946
       901   0.99946
       902   0.99946
       903   0.99946
       904   0.99946
       905   0.99946
       906   0.99946
       907   0.99946
       908   0.99946
       909   0.99946
       910   0.99946
       911   0.99946
       912   0.99946
       913   0.99946
       914   0.99946
       915   0.99946
       916   0.99946
       917   0.99946
       918   0.99946
       919   0.99946
       920   0.99946
       921   0.99946
       922   0.99946
       923   0.99946
       924   0.99946
       925   0.99946
       926   0.99946
       927   0.99946
       928   0.99946
       929   0.99946
       930   0.99946
       931   0.99946
       932   0.99946
       933   0.99946
       934   0.99946
       935   0.99946
       936   0.99946
       937   0.99946
       938   0.99946
       939   0.99946
       940   0.99946
       941   0.99946
       942   0.99946
       943   0.99946
       944   0.99946
       945   0.99946
       946   0.99946
       947   0.99946
       948   0.99946
       949   0.99946
       950   0.99946
       951   0.99946
       952   0.99946
       953   0.99946
       954   0.99946
       955   0.99946
       956   0.99946
       957   0.99946
       958   0.99946
       959   0.99946
       960   0.99946
       961   0.99946
       962   0.99946
       963   0.99946
       964   0.99946
       965   0.99946
       966   0.99946
       967   0.99946
       968   0.99946
       969   0.99946
       970   0.99946
       971   0.99946
       972   0.99946
       973   0.99946
       974   0.99946
       975   0.99946
       976   0.99946
       977   0.99946
       978   0.99946
       979   0.99946
       980   0.99946
       981   0.99946
       982   0.99946
       983   0.99946
       984   0.99946
       985   0.99946
       986   0.99946
       987   0.99946
       988   0.99946
       989   0.99946
       990   0.99946
       991   0.99946
       992   0.99946
       993   0.99946
       994   0.99946
       995   0.99946
       996   0.99946
       997   0.99946
       998   0.99946
       999   0.99946
      1000   0.99946
      1001   0.99946
      1002   0.99946
      1003   0.99946
      1004   0.99946
      1005   0.99946
      1006   0.99946
      1007   0.99946
      1008   0.99946
      1009   0.99946
      1010   0.99946
      1011   0.99946
      1012   0.99946
      1013   0.99946
      1014   0.99946
      1015   0.99946
      1016   0.99946
      1017   0.99946
      1018   0.99946
      1019   0.99946
      1020   0.99946
      1021   0.99946
      1022   0.99946
      1023   0.99946
      1024   0.99946
      1025   0.99946
      1026   0.99946
      1027   0.99946
      1028   0.99946
      1029   0.99946
      1030   0.99946
      1031   0.99946
      1032   0.99946
      1033   0.99946
      1034   0.99946
      1035   0.99946
      1036   0.99946
      1037   0.99946
      1038   0.99946
      1039   0.99946
      1040   0.99946
      1041   0.99946
      1042   0.99946
      1043   0.99946
      1044   0.99946
      1045   0.99946
      1046   0.99946
      1047   0.99946
      1048   0.99946
      1049   0.99946
      1050   0.99946
      1051   0.99946
      1052   0.99946
      1053   0.99946
      1054   0.99946
      1055   0.99946
      1056   0.99946
      1057   0.99946
      1058   0.99946
      1059   0.99946
      1060   0.99946
      1061   0.99946
      1062   0.99946
      1063   0.99946
      1064   0.99946
      1065   0.99946
      1066   0.99946
      1067   0.99946
      1068   0.99946
      1069   0.99946
      1070   0.99946
      1071   0.99946
      1072   0.99946
      1073   0.99946
      1074   0.99946
      1075   0.99946
      1076   0.99946
      1077   0.99946
      1078   0.99946
      1079   0.99946
      1080   0.99946
      1081   0.99946
      1082   0.99946
      1083   0.99946
      1084   0.99946
      1085   0.99946
      1086   0.99946
      1087   0.99946
      1088   0.99946
      1089   0.99946
      1090   0.99946
      1091   0.99946
      1092   0.99946
      1093   0.99946
      1094   0.99946
      1095   0.99946
      1096   0.99946
      1097   0.99946
      1098   0.99946
      1099   0.99946
      1100   0.99946
      1101   0.99946
      1102   0.99946
      1103   0.99946
      1104   0.99946
      1105   0.99946
      1106   0.99946
      1107   0.99946
      1108   0.99946
      1109   0.99946
      1110   0.99946
      1111   0.99946
      1112   0.99946
      1113   0.99946
      1114   0.99946
      1115   0.99946
      1116   0.99946
      1117   0.99946
      1118   0.99946
      1119   0.99946
      1120   0.99946
      1121   0.99946
      1122   0.99946
      1123   0.99946
      1124   0.99946
      1125   0.99946
      1126   0.99946
      1127   0.99946
      1128   0.99946
      1129   0.99946
      1130   0.99946
      1131   0.99946
      1132   0.99946
      1133   0.99946
      1134   0.99946
      1135   0.99946
      1136   0.99946
      1137   0.99946
      1138   0.99946
      1139   0.99946
      1140   0.99946
      1141   0.99946
      1142   0.99946
      1143   0.99946
      1144   0.99946
      1145   0.99946
      1146   0.99946
      1147   0.99946
      1148   0.99946
      1149   0.99946
      1150   0.99946
      1151   0.99946
      1152   0.99946
      1153   0.99946
      1154   0.99946
      1155   0.99946
      1156   0.99946
      1157   0.99946
      1158   0.99946
      1159   0.99946
      1160   0.99946
      1161   0.99946
      1162   0.99946
      1163   0.99946
      1164   0.99946
      1165   0.99946
      1166   0.99946
      1167   0.99946
      1168   0.99946
      1169   0.99946
      1170   0.99946
      1171   0.99946
      1172   0.99946
      1173   0.99946
      1174   0.99946
      1175   0.99946
      1176   0.99946
      1177   0.99946
      1178   0.99946
      1179   0.99946
      1180   0.99946
      1181   0.99946
      1182   0.99946
      1183   0.99946
      1184   0.99946
      1185   0.99946
      1186   0.99946
      1187   0.99946
      1188   0.99946
      1189   0.99946
      1190   0.99946
      1191   0.99946
      1192   0.99946
      1193   0.99946
      1194   0.99946
      1195   0.99946
      1196   0.99946
      1197   0.99946
      1198   0.99946
      1199   0.99946
      1200   0.99946
      1201   0.99946
      1202   0.99946
      1203   0.99946
      1204   0.99946
      1205   0.99946
      1206   0.99946
      1207   0.99946
      1208   0.99946
      1209   0.99946
      1210   0.99946
      1211   0.99946
      1212   0.99946
      1213   0.99946
      1214   0.99946
      1215   0.99946
      1216   0.99946
      1217   0.99946
      1218   0.99946
      1219   0.99946
      1220   0.99946
      1221   0.99946
      1222   0.99946
      1223   0.99946
      1224   0.99946
      1225   0.99946
      1226   0.99946
      1227   0.99946
      1228   0.99946
      1229   0.99946
      1230   0.99946
      1231   0.99946
      1232   0.99946
      1233   0.99946
      1234   0.99946
      1235   0.99946
      1236   0.99946
      1237   0.99946
      1238   0.99946
      1239   0.99946
      1240   0.99946
      1241   0.99946
      1242   0.99946
      1243   0.99946
      1244   0.99946
      1245   0.99946
      1246   0.99946
      1247   0.99946
      1248   0.99946
      1249   0.99946
      1250   0.99946
      1251   0.99946
      1252   0.99946
      1253   0.99946
      1254   0.99946
      1255   0.99946
      1256   0.99946
      1257   0.99946
      1258   0.99946
      1259   0.99946
      1260   0.99946
      1261   0.99946
      1262   0.99946
      1263   0.99946
      1264   0.99946
      1265   0.99946
      1266   0.99946
      1267   0.99946
      1268   0.99946
      1269   0.99946
      1270   0.99946
      1271   0.99946
      1272   0.99946
      1273   0.99946
      1274   0.99946
      1275   0.99946
      1276   0.99946
      1277   0.99946
      1278   0.99946
      1279   0.99946
      1280   0.99946
      1281   0.99946
      1282   0.99946
      1283   0.99946
      1284   0.99946
      1285   0.99946
      1286   0.99946
      1287   0.99946
      1288   0.99946
      1289   0.99946
      1290   0.99946
      1291   0.99946
      1292   0.99946
      1293   0.99946
      1294   0.99946
      1295   0.99946
      1296   0.99946
      1297   0.99946
      1298   0.99946
      1299   0.99946
      1300   0.99946
      1301   0.99946
      1302   0.99946
      1303   0.99946
      1304   0.99946
      1305   0.99946
      1306   0.99946
      1307   0.99946
      1308   0.99946
      1309   0.99946
      1310   0.99946
      1311   0.99946
      1312   0.99946
      1313   0.99946
      1314   0.99946
      1315   0.99946
      1316   0.99946
      1317   0.99946
      1318   0.99946
      1319   0.99946
      1320   0.99946
      1321   0.99946
      1322   0.99946
      1323   0.99946
      1324   0.99946
      1325   0.99946
      1326   0.99946
      1327   0.99946
      1328   0.99946
      1329   0.99946
      1330   0.99946
      1331   0.99946
      1332   0.99946
      1333   0.99946
      1334   0.99946
      1335   0.99946
      1336   0.99946
      1337   0.99946
      1338   0.99946
      1339   0.99946
      1340   0.99946
      1341   0.99946
      1342   0.99946
      1343   0.99946
      1344   0.99946
      1345   0.99946
      1346   0.99946
      1347   0.99946
      1348   0.99946
      1349   0.99946
      1350   0.99946
      1351   0.99946
      1352   0.99946
      1353   0.99946
      1354   0.99946
      1355   0.99946
      1356   0.99946
      1357   0.99946
      1358   0.99946
      1359   0.99946
      1360   0.99946
      1361   0.99946
      1362   0.99946
      1363   0.99946
      1364   0.99946
      1365   0.99946
      1366   0.99946
      1367   0.99946
      1368   0.99946
      1369   0.99946
      1370   0.99946
      1371   0.99946
      1372   0.99946
      1373   0.99946
      1374   0.99946
      1375   0.99946
      1376   0.99946
      1377   0.99946
      1378   0.99946
      1379   0.99946
      1380   0.99946
      1381   0.99946
      1382   0.99946
      1383   0.99946
      1384   0.99946
      1385   0.99946
      1386   0.99946
      1387   0.99946
      1388   0.99946
      1389   0.99946
      1390   0.99946
      1391   0.99946
      1392   0.99946
      1393   0.99946
      1394   0.99946
      1395   0.99946
      1396   0.99946
      1397   0.99946
      1398   0.99946
      1399   0.99946
      1400   0.99946
      1401   0.99946
      1402   0.99946
      1403   0.99946
      1404   0.99946
      1405   0.99946
      1406   0.99946
      1407   0.99946
      1408   0.99946
      1409   0.99946
      1410   0.99946
      1411   0.99946
      1412   0.99946
      1413   0.99946
      1414   0.99946
      1415   0.99946
      1416   0.99946
      1417   0.99946
      1418   0.99946
      1419   0.99946
      1420   0.99946
      1421   0.99946
      1422   0.99946
      1423   0.99946
      1424   0.99946
      1425   0.99946
      1426   0.99946
      1427   0.99946
      1428   0.99946
      1429   0.99946
      1430   0.99946
      1431   0.99946
      1432   0.99946
      1433   0.99946
      1434   0.99946
      1435   0.99946
      1436   0.99946
      1437   0.99946
      1438   0.99946
      1439   0.99946
      1440   0.99946
      1441   0.99946
      1442   0.99946
      1443   0.99946
      1444   0.99946
      1445   0.99946
      1446   0.99946
      1447   0.99946
      1448   0.99946
      1449   0.99946
      1450   0.99946
      1451   0.99946
      1452   0.99946
      1453   0.99946
      1454   0.99946
      1455   0.99946
      1456   0.99946
      1457   0.99946
      1458   0.99946
      1459   0.99946
      1460   0.99946
      1461   0.99946
      1462   0.99946
      1463   0.99946
      1464   0.99946
      1465   0.99946
      1466   0.99946
      1467   0.99946
      1468   0.99946
      1469   0.99946
      1470   0.99946
      1471   0.99946
      1472   0.99946
      1473   0.99946
      1474   0.99946
      1475   0.99946
      1476   0.99946
      1477   0.99946
      1478   0.99946
      1479   0.99946
      1480   0.99946
      1481   0.99946
      1482   0.99946
      1483   0.99946
      1484   0.99946
      1485   0.99946
      1486   0.99946
      1487   0.99946
      1488   0.99946
      1489   0.99946
      1490   0.99946
      1491   0.99946
      1492   0.99946
      1493   0.99946
      1494   0.99946
      1495   0.99946
      1496   0.99946
      1497   0.99946
      1498   0.99946
      1499   0.99946
      1500   0.99946
      1501   0.99946
      1502   0.99946
      1503   0.99946
      1504   0.99946
      1505   0.99946
      1506   0.99946
      1507   0.99946
      1508   0.99946
      1509   0.99946
      1510   0.99946
      1511   0.99946
      1512   0.99946
      1513   0.99946
      1514   0.99946
      1515   0.99946
      1516   0.99946
      1517   0.99946
      1518   0.99946
      1519   0.99946
      1520   0.99946
      1521   0.99946
      1522   0.99946
      1523   0.99946
      1524   0.99946
      1525   0.99946
      1526   0.99946
      1527   0.99946
      1528   0.99946
      1529   0.99946
      1530   0.99946
      1531   0.99946
      1532   0.99946
      1533   0.99946
      1534   0.99946
      1535   0.99946
      1536   0.99946
      1537   0.99946
      1538   0.99946
      1539   0.99946
      1540   0.99946
      1541   0.99946
      1542   0.99946
      1543   0.99946
      1544   0.99946
      1545   0.99946
      1546   0.99946
      1547   0.99946
      1548   0.99946
      1549   0.99946
      1550   0.99946
      1551   0.99946
      1552   0.99946
      1553   0.99946
      1554   0.99946
      1555   0.99946
      1556   0.99946
      1557   0.99946
      1558   0.99946
      1559   0.99946
      1560   0.99946
      1561   0.99946
      1562   0.99946
      1563   0.99946
      1564   0.99946
      1565   0.99946
      1566   0.99946
      1567   0.99946
      1568   0.99946
      1569   0.99946
      1570   0.99946
      1571   0.99946
      1572   0.99946
      1573   0.99946
      1574   0.99946
      1575   0.99946
      1576   0.99946
      1577   0.99946
      1578   0.99946
      1579   0.99946
      1580   0.99946
      1581   0.99946
      1582   0.99946
      1583   0.99946
      1584   0.99946
      1585   0.99946
      1586   0.99946
      1587   0.99946
      1588   0.99946
      1589   0.99946
      1590   0.99946
      1591   0.99946
      1592   0.99946
      1593   0.99946
      1594   0.99946
      1595   0.99946
      1596   0.99946
      1597   0.99946
      1598   0.99946
      1599   0.99946
      1600   0.99946
      1601   0.99946
      1602   0.99946
      1603   0.99946
      1604   0.99946
      1605   0.99946
      1606   0.99946
      1607   0.99946
      1608   0.99946
      1609   0.99946
      1610   0.99946
      1611   0.99946
      1612   0.99946
      1613   0.99946
      1614   0.99946
      1615   0.99946
      1616   0.99946
      1617   0.99946
      1618   0.99946
      1619   0.99946
      1620   0.99946
      1621   0.99946
      1622   0.99946
      1623   0.99946
      1624   0.99946
      1625   0.99946
      1626   0.99946
      1627   0.99946
      1628   0.99946
      1629   0.99946
      1630   0.99946
      1631   0.99946
      1632   0.99946
      1633   0.99946
      1634   0.99946
      1635   0.99946
      1636   0.99946
      1637   0.99946
      1638   0.99946
      1639   0.99946
      1640   0.99946
      1641   0.99946
      1642   0.99946
      1643   0.99946
      1644   0.99946
      1645   0.99946
      1646   0.99946
      1647   0.99946
      1648   0.99946
      1649   0.99946
      1650   0.99946
      1651   0.99946
      1652   0.99946
      1653   0.99946
      1654   0.99946
      1655   0.99946
      1656   0.99946
      1657   0.99946
      1658   0.99946
      1659   0.99946
      1660   0.99946
      1661   0.99946
      1662   0.99946
      1663   0.99946
      1664   0.99946
      1665   0.99891
      1666   0.99837
      1667   0.99837
      1668   0.99782
      1669   0.99782
      1670   0.99728
      1671   0.99674
      1672   0.99674
      1673   0.99619
      1674   0.99565
      1675   0.99565
      1676   0.99511
      1677   0.99456
      1678   0.99456
      1679   0.99402
      1680   0.99347
      1681   0.99293
      1682   0.99293
      1683   0.99239
      1684   0.99184
      1685   0.99184
      1686   0.99130
      1687   0.99076
      1688   0.99021
      1689   0.99021
      1690   0.98967
      1691   0.98912
      1692   0.98858
      1693   0.98804
      1694   0.98804
      1695   0.98749
      1696   0.98695
      1697   0.98641
      1698   0.98586
      1699   0.98586
      1700   0.98532
      1701   0.98477
      1702   0.98423
      1703   0.98369
      1704   0.98314
      1705   0.98260
      1706   0.98206
      1707   0.98206
      1708   0.98151
      1709   0.98097
      1710   0.98042
      1711   0.97988
      1712   0.97934
      1713   0.97879
      1714   0.97825
      1715   0.97771
      1716   0.97716
      1717   0.97662
      1718   0.97607
      1719   0.97553
      1720   0.97499
      1721   0.97444
      1722   0.97390
      1723   0.97336
      1724   0.97281
      1725   0.97227
      1726   0.97172
      1727   0.97064
      1728   0.97009
      1729   0.96955
      1730   0.96900
      1731   0.96846
      1732   0.96792
      1733   0.96737
      1734   0.96629
      1735   0.96574
      1736   0.96520
      1737   0.96465
      1738   0.96411
      1739   0.96302
      1740   0.96248
      1741   0.96194
      1742   0.96139
      1743   0.96030
      1744   0.95976
      1745   0.95922
      1746   0.95867
      1747   0.95759
      1748   0.95704
      1749   0.95650
      1750   0.95541
      1751   0.95487
      1752   0.95432
      1753   0.95324
      1754   0.95269
      1755   0.95215
      1756   0.95106
      1757   0.95052
      1758   0.94943
      1759   0.94889
      1760   0.94834
      1761   0.94725
      1762   0.94671
      1763   0.94562
      1764   0.94508
      1765   0.94399
      1766   0.94345
      1767   0.94290
      1768   0.94182
      1769   0.94127
      1770   0.94018
      1771   0.93964
      1772   0.93855
      1773   0.93801
      1774   0.93692
      1775   0.93638
      1776   0.93529
      1777   0.93475
      1778   0.93366
      1779   0.93312
      1780   0.93203
      1781   0.93148
      1782   0.93040
      1783   0.92931
      1784   0.92877
      1785   0.92768
      1786   0.92713
      1787   0.92605
      1788   0.92550
      1789   0.92442
      1790   0.92387
      1791   0.92278
      1792   0.92224
      1793   0.92115
      1794   0.92061
      1795   0.91952
      1796   0.91898
      1797   0.91789
      1798   0.91735
      1799   0.91626
      1800   0.91572
      1801   0.91463
      1802   0.91408
      1803   0.91300
      1804   0.91191
      1805   0.91136
      1806   0.91028
      1807   0.90973
      1808   0.90865
      1809   0.90810
      1810   0.90756
      1811   0.90647
      1812   0.90593
      1813   0.90484
      1814   0.90430
      1815   0.90321
      1816   0.90266
      1817   0.90158
      1818   0.90103
      1819   0.89995
      1820   0.89940
      1821   0.89831
      1822   0.89777
      1823   0.89668
      1824   0.89614
      1825   0.89560
      1826   0.89451
      1827   0.89396
      1828   0.89288
      1829   0.89233
      1830   0.89179
      1831   0.89070
      1832   0.89016
      1833   0.88907
      1834   0.88853
      1835   0.88744
      1836   0.88690
      1837   0.88635
      1838   0.88526
      1839   0.88472
