         1   0.04568
         2   0.04622
         3   0.04731
         4   0.04840
         5   0.04894
         6   0.05003
         7   0.05057
         8   0.05166
         9   0.05275
        10   0.05329
        11   0.05438
        12   0.05546
        13   0.05655
        14   0.05710
        15   0.05818
        16   0.05927
        17   0.06036
        18   0.06090
        19   0.06199
        20   0.06308
        21   0.06417
        22   0.06471
        23   0.06580
        24   0.06688
        25   0.06797
        26   0.06906
        27   0.07015
        28   0.07123
        29   0.07232
        30   0.07341
        31   0.07450
        32   0.07558
        33   0.07667
        34   0.07776
        35   0.07885
        36   0.07993
        37   0.08102
        38   0.08211
        39   0.08320
        40   0.08428
        41   0.08537
        42   0.08646
        43   0.08755
        44   0.08918
        45   0.09027
        46   0.09135
        47   0.09244
        48   0.09407
        49   0.09516
        50   0.09625
        51   0.09734
        52   0.09897
        53   0.10005
        54   0.10114
        55   0.10277
        56   0.10386
        57   0.10495
        58   0.10658
        59   0.10767
        60   0.10875
        61   0.10984
        62   0.11147
        63   0.11256
        64   0.11365
        65   0.11474
        66   0.11637
        67   0.11746
        68   0.11854
        69   0.11963
        70   0.12072
        71   0.12181
        72   0.12289
        73   0.12398
        74   0.12507
        75   0.12616
        76   0.12724
        77   0.12779
        78   0.12887
        79   0.12996
        80   0.13051
        81   0.13159
        82   0.13268
        83   0.13322
        84   0.13431
        85   0.13486
        86   0.13486
        87   0.13540
        88   0.13594
        89   0.13594
        90   0.13703
        91   0.13703
        92   0.13703
        93   0.13757
        94   0.13757
        95   0.13757
        96   0.13812
        97   0.13812
        98   0.13866
        99   0.13866
       100   0.13866
       101   0.13921
       102   0.13921
       103   0.13975
       104   0.13975
       105   0.14029
       106   0.14029
       107   0.13975
       108   0.14029
       109   0.14029
       110   0.14084
       111   0.14029
       112   0.14084
       113   0.14084
       114   0.14084
       115   0.14084
       116   0.14084
       117   0.14138
       118   0.14084
       119   0.14138
       120   0.14138
       121   0.14084
       122   0.14138
       123   0.14084
       124   0.14138
       125   0.14084
       126   0.14138
       127   0.14138
       128   0.14138
       129   0.14138
       130   0.14138
       131   0.14138
       132   0.14138
       133   0.14138
       134   0.14138
       135   0.14138
       136   0.14138
       137   0.14138
       138   0.14138
       139   0.14138
       140   0.14138
       141   0.14138
       142   0.14138
       143   0.14628
       144   0.15498
       145   0.15987
       146   0.16422
       147   0.16748
       148   0.16966
       149   0.17292
       150   0.17510
       151   0.17673
       152   0.17890
       153   0.17999
       154   0.18162
       155   0.18216
       156   0.18434
       157   0.18434
       158   0.18651
       159   0.18651
       160   0.18760
       161   0.18869
       162   0.18978
       163   0.19086
       164   0.19141
       165   0.19304
       166   0.19304
       167   0.19467
       168   0.19521
       169   0.19630
       170   0.19685
       171   0.19793
       172   0.19848
       173   0.19956
       174   0.20011
       175   0.20120
       176   0.20174
       177   0.20283
       178   0.20337
       179   0.20392
       180   0.20446
       181   0.20555
       182   0.20609
       183   0.20718
       184   0.20772
       185   0.20827
       186   0.20935
       187   0.20990
       188   0.21044
       189   0.21098
       190   0.21207
       191   0.21262
       192   0.21316
       193   0.21425
       194   0.21479
       195   0.21479
       196   0.21588
       197   0.21697
       198   0.21751
       199   0.21860
       200   0.21860
       201   0.21968
       202   0.21968
       203   0.22023
       204   0.22077
       205   0.22186
       206   0.22295
       207   0.22295
       208   0.22403
       209   0.22403
       210   0.22512
       211   0.22512
       212   0.22675
       213   0.22675
       214   0.22730
       215   0.22784
       216   0.23165
       217   0.23437
       218   0.23709
       219   0.23817
       220   0.23980
       221   0.24144
       222   0.24307
       223   0.24415
       224   0.24524
       225   0.24633
       226   0.24742
       227   0.24796
       228   0.24905
       229   0.25014
       230   0.25122
       231   0.25177
       232   0.25177
       233   0.25231
       234   0.25177
       235   0.25231
       236   0.25177
       237   0.25122
       238   0.25177
       239   0.25068
       240   0.25122
       241   0.25068
       242   0.25014
       243   0.25014
       244   0.24959
       245   0.24959
       246   0.24905
       247   0.24850
       248   0.24850
       249   0.24796
       250   0.24687
       251   0.24633
       252   0.24633
       253   0.24470
       254   0.24415
       255   0.24307
       256   0.24252
       257   0.24198
       258   0.24089
       259   0.23980
       260   0.23872
       261   0.23763
       262   0.23654
       263   0.23437
       264   0.23274
       265   0.23165
       266   0.22947
       267   0.22784
       268   0.22621
       269   0.22240
       270   0.21805
       271   0.21697
       272   0.21642
       273   0.21479
       274   0.21425
       275   0.21370
       276   0.21207
       277   0.21098
       278   0.21044
       279   0.20881
       280   0.20827
       281   0.20663
       282   0.20555
       283   0.20446
       284   0.20283
       285   0.20120
       286   0.20065
       287   0.19902
       288   0.19739
       289   0.19576
       290   0.19413
       291   0.19250
       292   0.19086
       293   0.18923
       294   0.18760
       295   0.18597
       296   0.18434
       297   0.18271
       298   0.18053
       299   0.17890
       300   0.17727
       301   0.17564
       302   0.17346
       303   0.17183
       304   0.17074
       305   0.16857
       306   0.16694
       307   0.16531
       308   0.16313
       309   0.16150
       310   0.15987
       311   0.15824
       312   0.15606
       313   0.15443
       314   0.15280
       315   0.15063
       316   0.14845
       317   0.14682
       318   0.14519
       319   0.14356
       320   0.14138
       321   0.13975
       322   0.13812
       323   0.13649
       324   0.13486
       325   0.13268
       326   0.13105
       327   0.12942
       328   0.12779
       329   0.12616
       330   0.12398
       331   0.12235
       332   0.12072
       333   0.11909
       334   0.11691
       335   0.11637
       336   0.11746
       337   0.11854
       338   0.11963
       339   0.12126
       340   0.12235
       341   0.12344
       342   0.12452
       343   0.12561
       344   0.12670
       345   0.12833
       346   0.12942
       347   0.13051
       348   0.13159
       349   0.13268
       350   0.13431
       351   0.13540
       352   0.13649
       353   0.13757
       354   0.13866
       355   0.14029
       356   0.14138
       357   0.14247
       358   0.14356
       359   0.14464
       360   0.14628
       361   0.14736
       362   0.14845
       363   0.14954
       364   0.15063
       365   0.15171
       366   0.15606
       367   0.16422
       368   0.16911
       369   0.17346
       370   0.17727
       371   0.18053
       372   0.18434
       373   0.18760
       374   0.19141
       375   0.19413
       376   0.19739
       377   0.20065
       378   0.20337
       379   0.20663
       380   0.20935
       381   0.21207
       382   0.21533
       383   0.21751
       384   0.22023
       385   0.22240
       386   0.22567
       387   0.22730
       388   0.23056
       389   0.23274
       390   0.23437
       391   0.23763
       392   0.23926
       393   0.24089
       394   0.24415
       395   0.24579
       396   0.24796
       397   0.25068
       398   0.25285
       399   0.25394
       400   0.25612
       401   0.26101
       402   0.27026
       403   0.27406
       404   0.27896
       405   0.28276
       406   0.28657
       407   0.29038
       408   0.29418
       409   0.29690
       410   0.30016
       411   0.30288
       412   0.30560
       413   0.30941
       414   0.31104
       415   0.31430
       416   0.31702
       417   0.31974
       418   0.32246
       419   0.32409
       420   0.32681
       421   0.32898
       422   0.33225
       423   0.33388
       424   0.33551
       425   0.33823
       426   0.34040
       427   0.34203
       428   0.34421
       429   0.34584
       430   0.34802
       431   0.34965
       432   0.35128
       433   0.35400
       434   0.35563
       435   0.35726
       436   0.35889
       437   0.36052
       438   0.36161
       439   0.36324
       440   0.36487
       441   0.36705
       442   0.36759
       443   0.36922
       444   0.37085
       445   0.37249
       446   0.37303
       447   0.37303
       448   0.37357
       449   0.37357
       450   0.37303
       451   0.37249
       452   0.37357
       453   0.37412
       454   0.37357
       455   0.37357
       456   0.37357
       457   0.37357
       458   0.37303
       459   0.37357
       460   0.37357
       461   0.37194
       462   0.37194
       463   0.37194
       464   0.37085
       465   0.37140
       466   0.36977
       467   0.36977
       468   0.36922
       469   0.36922
       470   0.36813
       471   0.36813
       472   0.36650
       473   0.36542
       474   0.36542
       475   0.36378
       476   0.36270
       477   0.36215
       478   0.36107
       479   0.35943
       480   0.35943
       481   0.35726
       482   0.35835
       483   0.35943
       484   0.36052
       485   0.36161
       486   0.36270
       487   0.36324
       488   0.36433
       489   0.36433
       490   0.36433
       491   0.36596
       492   0.36596
       493   0.36596
       494   0.36650
       495   0.36705
       496   0.36759
       497   0.36705
       498   0.36542
       499   0.36596
       500   0.36650
       501   0.36487
       502   0.36378
       503   0.36433
       504   0.36215
       505   0.36052
       506   0.35889
       507   0.35726
       508   0.35454
       509   0.35128
       510   0.34530
       511   0.33279
       512   0.33442
       513   0.33605
       514   0.33660
       515   0.33768
       516   0.33931
       517   0.33986
       518   0.34149
       519   0.34203
       520   0.34312
       521   0.34475
       522   0.34530
       523   0.34530
       524   0.34693
       525   0.34802
       526   0.34856
       527   0.34910
       528   0.35019
       529   0.35073
       530   0.35073
       531   0.35128
       532   0.35128
       533   0.35291
       534   0.35400
       535   0.35400
       536   0.35400
       537   0.35400
       538   0.35400
       539   0.35454
       540   0.35454
       541   0.35454
       542   0.35454
       543   0.35400
       544   0.35400
       545   0.35345
       546   0.35345
       547   0.35291
       548   0.35237
       549   0.35237
       550   0.35182
       551   0.35128
       552   0.35073
       553   0.35019
       554   0.34856
       555   0.34802
       556   0.34747
       557   0.34693
       558   0.34584
       559   0.34475
       560   0.34421
       561   0.34203
       562   0.34149
       563   0.34040
       564   0.33931
       565   0.33823
       566   0.33660
       567   0.33605
       568   0.33496
       569   0.33279
       570   0.33225
       571   0.33170
       572   0.33007
       573   0.32790
       574   0.33388
       575   0.33551
       576   0.33551
       577   0.33551
       578   0.33605
       579   0.33551
       580   0.33551
       581   0.33496
       582   0.33333
       583   0.33225
       584   0.33116
       585   0.32953
       586   0.32790
       587   0.32463
       588   0.32246
       589   0.32137
       590   0.31920
       591   0.31593
       592   0.31539
       593   0.31267
       594   0.31049
       595   0.30832
       596   0.30560
       597   0.30234
       598   0.29962
       599   0.29636
       600   0.29201
       601   0.28711
       602   0.28113
       603   0.27297
       604   0.27189
       605   0.27080
       606   0.27026
       607   0.26862
       608   0.26754
       609   0.26591
       610   0.26482
       611   0.26264
       612   0.26156
       613   0.25938
       614   0.25775
       615   0.25557
       616   0.25340
       617   0.25177
       618   0.24959
       619   0.24687
       620   0.24524
       621   0.24252
       622   0.23980
       623   0.23817
       624   0.23600
       625   0.23382
       626   0.23165
       627   0.22947
       628   0.22730
       629   0.22458
       630   0.22349
       631   0.22132
       632   0.21968
       633   0.21751
       634   0.21533
       635   0.21316
       636   0.21153
       637   0.20990
       638   0.20827
       639   0.20609
       640   0.20446
       641   0.20228
       642   0.20065
       643   0.19902
       644   0.19685
       645   0.19521
       646   0.19358
       647   0.19086
       648   0.18815
       649   0.18597
       650   0.18325
       651   0.18108
       652   0.17781
       653   0.17510
       654   0.17238
       655   0.16911
       656   0.16639
       657   0.16313
       658   0.15878
       659   0.15389
       660   0.14628
       661   0.14084
       662   0.13975
       663   0.13866
       664   0.13757
       665   0.13649
       666   0.13486
       667   0.13377
       668   0.13268
       669   0.13159
       670   0.13051
       671   0.12942
       672   0.12833
       673   0.12724
       674   0.12561
       675   0.12452
       676   0.12344
       677   0.12235
       678   0.12126
       679   0.12017
       680   0.11909
       681   0.11800
       682   0.11691
       683   0.11582
       684   0.11474
       685   0.11365
       686   0.11256
       687   0.11147
       688   0.11039
       689   0.10930
       690   0.10821
       691   0.10712
       692   0.10604
       693   0.10658
       694   0.10821
       695   0.11039
       696   0.11202
       697   0.11365
       698   0.11582
       699   0.11746
       700   0.11909
       701   0.12072
       702   0.12235
       703   0.12398
       704   0.12616
       705   0.12779
       706   0.12996
       707   0.13159
       708   0.13322
       709   0.13486
       710   0.13649
       711   0.13866
       712   0.14084
       713   0.14247
       714   0.14464
       715   0.14628
       716   0.14845
       717   0.15008
       718   0.15226
       719   0.15389
       720   0.15606
       721   0.15824
       722   0.16041
       723   0.16259
       724   0.16422
       725   0.16639
       726   0.16857
       727   0.17074
       728   0.17346
       729   0.17564
       730   0.17781
       731   0.17999
       732   0.18216
       733   0.18488
       734   0.18706
       735   0.18923
       736   0.19141
       737   0.19358
       738   0.19576
       739   0.19793
       740   0.19956
       741   0.20174
       742   0.20392
       743   0.20555
       744   0.20718
       745   0.20881
       746   0.21044
       747   0.21207
       748   0.21370
       749   0.21479
       750   0.21642
       751   0.21805
       752   0.21914
       753   0.22023
       754   0.22132
       755   0.22295
       756   0.22403
       757   0.22458
       758   0.22567
       759   0.22730
       760   0.22838
       761   0.22893
       762   0.23002
       763   0.23110
       764   0.23165
       765   0.23219
       766   0.23328
       767   0.23382
       768   0.23491
       769   0.23600
       770   0.23600
       771   0.23709
       772   0.23817
       773   0.23817
       774   0.23926
       775   0.23980
       776   0.24035
       777   0.24144
       778   0.24089
       779   0.24089
       780   0.24035
       781   0.24035
       782   0.24035
       783   0.23980
       784   0.23980
       785   0.23926
       786   0.23926
       787   0.23872
       788   0.23872
       789   0.23872
       790   0.23817
       791   0.23763
       792   0.23763
       793   0.23709
       794   0.23654
       795   0.23654
       796   0.23545
       797   0.23654
       798   0.23545
       799   0.23545
       800   0.23545
       801   0.23491
       802   0.23437
       803   0.23437
       804   0.23382
       805   0.23328
       806   0.23382
       807   0.23328
       808   0.23274
       809   0.23274
       810   0.23219
       811   0.23165
       812   0.23219
       813   0.23110
       814   0.23110
       815   0.23110
       816   0.23110
       817   0.23056
       818   0.23056
       819   0.23002
       820   0.22947
       821   0.22947
       822   0.22947
       823   0.22838
       824   0.22947
       825   0.22947
       826   0.22947
       827   0.23056
       828   0.23056
       829   0.23056
       830   0.23110
       831   0.23165
       832   0.23219
       833   0.23165
       834   0.23219
       835   0.23709
       836   0.23980
       837   0.24252
       838   0.24470
       839   0.24579
       840   0.24850
       841   0.25014
       842   0.25177
       843   0.25285
       844   0.25449
       845   0.25503
       846   0.25666
       847   0.25721
       848   0.25884
       849   0.25938
       850   0.26101
       851   0.26210
       852   0.26264
       853   0.26427
       854   0.26536
       855   0.26536
       856   0.26754
       857   0.26808
       858   0.26917
       859   0.27026
       860   0.27134
       861   0.27297
       862   0.27297
       863   0.27406
       864   0.27515
       865   0.27515
       866   0.27678
       867   0.27732
       868   0.27732
       869   0.27841
       870   0.27841
       871   0.27896
       872   0.27896
       873   0.27950
       874   0.27950
       875   0.28059
       876   0.28059
       877   0.28113
       878   0.28113
       879   0.28113
       880   0.28222
       881   0.28222
       882   0.28222
       883   0.28276
       884   0.28331
       885   0.28276
       886   0.28331
       887   0.28385
       888   0.28385
       889   0.28439
       890   0.28494
       891   0.28494
       892   0.28494
       893   0.28548
       894   0.28603
       895   0.28548
       896   0.28603
       897   0.28603
       898   0.28603
       899   0.28603
       900   0.28657
       901   0.28711
       902   0.28603
       903   0.28711
       904   0.28711
       905   0.28657
       906   0.28657
       907   0.28711
       908   0.28657
       909   0.28711
       910   0.28657
       911   0.28657
       912   0.28657
       913   0.28657
       914   0.28548
       915   0.28657
       916   0.28603
       917   0.28548
       918   0.28548
       919   0.28548
       920   0.28494
       921   0.28494
       922   0.28385
       923   0.28385
       924   0.28385
       925   0.28276
       926   0.28276
       927   0.28222
       928   0.28167
       929   0.28113
       930   0.28004
       931   0.27896
       932   0.27732
       933   0.27461
       934   0.27352
       935   0.27080
       936   0.26862
       937   0.26536
       938   0.26373
       939   0.25992
       940   0.25612
       941   0.25340
       942   0.25068
       943   0.24687
       944   0.24252
       945   0.23872
       946   0.23328
       947   0.22893
       948   0.22186
       949   0.21479
       950   0.20065
       951   0.19793
       952   0.19467
       953   0.19195
       954   0.18815
       955   0.18380
       956   0.19358
       957   0.19576
       958   0.19467
       959   0.19304
       960   0.18978
       961   0.18488
       962   0.17183
       963   0.17238
       964   0.17346
       965   0.17292
       966   0.17292
       967   0.17346
       968   0.17292
       969   0.17238
       970   0.17183
       971   0.17238
       972   0.17129
       973   0.17129
       974   0.17129
       975   0.17020
       976   0.16966
       977   0.16911
       978   0.16857
       979   0.18053
       980   0.18488
       981   0.18869
       982   0.19141
       983   0.19467
       984   0.19576
       985   0.19793
       986   0.20011
       987   0.20174
       988   0.20392
       989   0.20500
       990   0.20663
       991   0.20827
       992   0.22458
       993   0.23437
       994   0.24089
       995   0.26047
       996   0.27624
       997   0.28711
       998   0.29690
       999   0.30560
      1000   0.31321
      1001   0.31974
      1002   0.32572
      1003   0.33225
      1004   0.33388
      1005   0.33551
      1006   0.33823
      1007   0.33931
      1008   0.34040
      1009   0.34203
      1010   0.34367
      1011   0.34530
      1012   0.34747
      1013   0.34910
      1014   0.35128
      1015   0.35400
      1016   0.35889
      1017   0.37412
      1018   0.38227
      1019   0.38282
      1020   0.38336
      1021   0.38173
      1022   0.38010
      1023   0.38989
      1024   0.39206
      1025   0.39315
      1026   0.38880
      1027   0.39043
      1028   0.39206
      1029   0.39315
      1030   0.39369
      1031   0.39260
      1032   0.38989
      1033   0.38662
      1034   0.38445
      1035   0.38662
      1036   0.39315
      1037   0.39478
      1038   0.39478
      1039   0.39478
      1040   0.39369
      1041   0.39315
      1042   0.39260
      1043   0.39206
      1044   0.39043
      1045   0.38989
      1046   0.38880
      1047   0.38771
      1048   0.38662
      1049   0.38499
      1050   0.38390
      1051   0.38227
      1052   0.38064
      1053   0.37955
      1054   0.37901
      1055   0.38119
      1056   0.38064
      1057   0.37955
      1058   0.37738
      1059   0.37466
      1060   0.37303
      1061   0.36977
      1062   0.36596
      1063   0.36270
      1064   0.35672
      1065   0.34965
      1066   0.33823
      1067   0.33823
      1068   0.33768
      1069   0.33714
      1070   0.33714
      1071   0.33660
      1072   0.33551
      1073   0.33442
      1074   0.33388
      1075   0.33279
      1076   0.33279
      1077   0.33116
      1078   0.33061
      1079   0.32953
      1080   0.32844
      1081   0.32735
      1082   0.32572
      1083   0.32463
      1084   0.32355
      1085   0.32191
      1086   0.32028
      1087   0.31865
      1088   0.31702
      1089   0.31430
      1090   0.31213
      1091   0.31049
      1092   0.30669
      1093   0.30343
      1094   0.29473
      1095   0.29418
      1096   0.29309
      1097   0.29255
      1098   0.29092
      1099   0.29092
      1100   0.28983
      1101   0.28874
      1102   0.28874
      1103   0.28766
      1104   0.28657
      1105   0.28603
      1106   0.28494
      1107   0.28385
      1108   0.28385
      1109   0.28222
      1110   0.28167
      1111   0.28167
      1112   0.28059
      1113   0.27950
      1114   0.27896
      1115   0.27841
      1116   0.27678
      1117   0.27678
      1118   0.27569
      1119   0.27461
      1120   0.27406
      1121   0.27352
      1122   0.27297
      1123   0.27134
      1124   0.27134
      1125   0.27026
      1126   0.27026
      1127   0.26917
      1128   0.26862
      1129   0.26808
      1130   0.26699
      1131   0.26699
      1132   0.26536
      1133   0.26482
      1134   0.26427
      1135   0.26427
      1136   0.26373
      1137   0.26210
      1138   0.26156
      1139   0.26101
      1140   0.26047
      1141   0.25992
      1142   0.25884
      1143   0.25829
      1144   0.25775
      1145   0.25721
      1146   0.25666
      1147   0.25612
      1148   0.25557
      1149   0.25394
      1150   0.25394
      1151   0.25285
      1152   0.25285
      1153   0.25177
      1154   0.25122
      1155   0.25068
      1156   0.25014
      1157   0.24905
      1158   0.24796
      1159   0.24742
      1160   0.24687
      1161   0.24633
      1162   0.24524
      1163   0.24470
      1164   0.24415
      1165   0.24307
      1166   0.24252
      1167   0.24144
      1168   0.24089
      1169   0.23926
      1170   0.23872
      1171   0.23763
      1172   0.23654
      1173   0.23545
      1174   0.23491
      1175   0.23328
      1176   0.23274
      1177   0.23110
      1178   0.22947
      1179   0.22838
      1180   0.22675
      1181   0.22512
      1182   0.22295
      1183   0.22023
      1184   0.21914
      1185   0.21642
      1186   0.21425
      1187   0.21153
      1188   0.20990
      1189   0.20718
      1190   0.19848
      1191   0.20065
      1192   0.20228
      1193   0.20392
      1194   0.20500
      1195   0.20718
      1196   0.20881
      1197   0.21044
      1198   0.21207
      1199   0.21316
      1200   0.21533
      1201   0.21588
      1202   0.21805
      1203   0.21914
      1204   0.22132
      1205   0.22240
      1206   0.22403
      1207   0.22567
      1208   0.22730
      1209   0.22893
      1210   0.23110
      1211   0.23219
      1212   0.23437
      1213   0.23545
      1214   0.23709
      1215   0.23872
      1216   0.24089
      1217   0.24252
      1218   0.24415
      1219   0.24524
      1220   0.24687
      1221   0.24905
      1222   0.25068
      1223   0.25231
      1224   0.25394
      1225   0.25557
      1226   0.25775
      1227   0.25884
      1228   0.26101
      1229   0.26319
      1230   0.26482
      1231   0.26699
      1232   0.26862
      1233   0.27026
      1234   0.27189
      1235   0.27352
      1236   0.27569
      1237   0.27787
      1238   0.28004
      1239   0.28167
      1240   0.28494
      1241   0.28603
      1242   0.28820
      1243   0.29038
      1244   0.29255
      1245   0.29473
      1246   0.29527
      1247   0.29581
      1248   0.29581
      1249   0.29581
      1250   0.29636
      1251   0.29636
      1252   0.29636
      1253   0.29690
      1254   0.29636
      1255   0.29690
      1256   0.29690
      1257   0.29636
      1258   0.29636
      1259   0.29581
      1260   0.29581
      1261   0.29473
      1262   0.29473
      1263   0.29364
      1264   0.29418
      1265   0.29309
      1266   0.29201
      1267   0.29201
      1268   0.29092
      1269   0.28983
      1270   0.28929
      1271   0.28766
      1272   0.28657
      1273   0.28548
      1274   0.28439
      1275   0.28331
      1276   0.28167
      1277   0.28004
      1278   0.27896
      1279   0.27787
      1280   0.27569
      1281   0.27461
      1282   0.27243
      1283   0.27134
      1284   0.26971
      1285   0.26808
      1286   0.26591
      1287   0.26319
      1288   0.26101
      1289   0.25938
      1290   0.25721
      1291   0.25449
      1292   0.25177
      1293   0.24850
      1294   0.24524
      1295   0.24089
      1296   0.23600
      1297   0.22838
      1298   0.22077
      1299   0.22077
      1300   0.22077
      1301   0.22023
      1302   0.21968
      1303   0.21968
      1304   0.21914
      1305   0.21860
      1306   0.21805
      1307   0.21805
      1308   0.21751
      1309   0.21697
      1310   0.21697
      1311   0.21588
      1312   0.21588
      1313   0.21533
      1314   0.21479
      1315   0.21425
      1316   0.21370
      1317   0.21316
      1318   0.21262
      1319   0.21262
      1320   0.21207
      1321   0.21153
      1322   0.21098
      1323   0.20990
      1324   0.20990
      1325   0.20881
      1326   0.20881
      1327   0.20935
      1328   0.21044
      1329   0.21262
      1330   0.21425
      1331   0.21533
      1332   0.21697
      1333   0.21860
      1334   0.22023
      1335   0.22240
      1336   0.22458
      1337   0.22621
      1338   0.22784
      1339   0.23002
      1340   0.23274
      1341   0.23545
      1342   0.23872
      1343   0.24198
      1344   0.24579
      1345   0.25177
      1346   0.25938
      1347   0.26862
      1348   0.27352
      1349   0.27624
      1350   0.27841
      1351   0.27950
      1352   0.28059
      1353   0.28059
      1354   0.28004
      1355   0.27950
      1356   0.24633
      1357   0.23545
      1358   0.23219
      1359   0.23002
      1360   0.22784
      1361   0.22621
      1362   0.22458
      1363   0.22240
      1364   0.22132
      1365   0.22023
      1366   0.21860
      1367   0.21751
      1368   0.21588
      1369   0.21533
      1370   0.21370
      1371   0.21262
      1372   0.21207
      1373   0.21044
      1374   0.20935
      1375   0.20881
      1376   0.20772
      1377   0.20663
      1378   0.20609
      1379   0.20555
      1380   0.20446
      1381   0.20337
      1382   0.20283
      1383   0.20174
      1384   0.20174
      1385   0.20065
      1386   0.20011
      1387   0.19902
      1388   0.19848
      1389   0.19793
      1390   0.19685
      1391   0.19630
      1392   0.19576
      1393   0.19576
      1394   0.19467
      1395   0.19413
      1396   0.19358
      1397   0.19304
      1398   0.19250
      1399   0.19195
      1400   0.19141
      1401   0.19086
      1402   0.19032
      1403   0.18978
      1404   0.18923
      1405   0.18869
      1406   0.18815
      1407   0.18815
      1408   0.18815
      1409   0.18760
      1410   0.18706
      1411   0.18651
      1412   0.18651
      1413   0.18597
      1414   0.18543
      1415   0.18543
      1416   0.18488
      1417   0.18434
      1418   0.18434
      1419   0.18380
      1420   0.18325
      1421   0.18216
      1422   0.18053
      1423   0.17890
      1424   0.17727
      1425   0.17455
      1426   0.17292
      1427   0.17129
      1428   0.16911
      1429   0.16694
      1430   0.16476
      1431   0.16259
      1432   0.15987
      1433   0.15661
      1434   0.15389
      1435   0.15063
      1436   0.14628
      1437   0.13703
      1438   0.13703
      1439   0.13649
      1440   0.13649
      1441   0.13649
      1442   0.13594
      1443   0.13594
      1444   0.13594
      1445   0.13594
      1446   0.13594
      1447   0.13594
      1448   0.13594
      1449   0.13540
      1450   0.13540
      1451   0.13540
      1452   0.13540
      1453   0.13540
      1454   0.13540
      1455   0.13540
      1456   0.13486
      1457   0.13486
      1458   0.13540
      1459   0.13540
      1460   0.13486
      1461   0.13486
      1462   0.13486
      1463   0.13540
      1464   0.13540
      1465   0.13486
      1466   0.13486
      1467   0.13486
      1468   0.13540
      1469   0.13540
      1470   0.13486
      1471   0.13486
      1472   0.13540
      1473   0.13540
      1474   0.13540
      1475   0.13540
      1476   0.13540
      1477   0.13540
      1478   0.13540
      1479   0.13540
      1480   0.13594
      1481   0.13594
      1482   0.13540
      1483   0.13540
      1484   0.13594
      1485   0.13594
      1486   0.13594
      1487   0.13649
      1488   0.13649
      1489   0.13649
      1490   0.13649
      1491   0.13649
      1492   0.13649
      1493   0.13703
      1494   0.13703
      1495   0.13703
      1496   0.13757
      1497   0.13757
      1498   0.13757
      1499   0.13812
      1500   0.13812
      1501   0.13812
      1502   0.13812
      1503   0.14899
      1504   0.15987
      1505   0.16639
      1506   0.17129
      1507   0.17618
      1508   0.18108
      1509   0.18543
      1510   0.18869
      1511   0.19304
      1512   0.19630
      1513   0.19956
      1514   0.20228
      1515   0.20555
      1516   0.20718
      1517   0.20827
      1518   0.21044
      1519   0.21153
      1520   0.21316
      1521   0.21425
      1522   0.21588
      1523   0.21697
      1524   0.21860
      1525   0.21914
      1526   0.22132
      1527   0.22240
      1528   0.22349
      1529   0.22458
      1530   0.22621
      1531   0.22675
      1532   0.22784
      1533   0.22893
      1534   0.22947
      1535   0.23110
      1536   0.23437
      1537   0.23926
      1538   0.24089
      1539   0.24361
      1540   0.24579
      1541   0.24742
      1542   0.24959
      1543   0.25068
      1544   0.25177
      1545   0.25285
      1546   0.25449
      1547   0.25612
      1548   0.25775
      1549   0.25884
      1550   0.25992
      1551   0.26156
      1552   0.26264
      1553   0.26373
      1554   0.26482
      1555   0.26536
      1556   0.26645
      1557   0.26699
      1558   0.26862
      1559   0.26862
      1560   0.26971
      1561   0.27080
      1562   0.27080
      1563   0.27189
      1564   0.27243
      1565   0.27352
      1566   0.27352
      1567   0.27461
      1568   0.27461
      1569   0.27461
      1570   0.27569
      1571   0.27515
      1572   0.27515
      1573   0.27569
      1574   0.27406
      1575   0.27461
      1576   0.27406
      1577   0.27297
      1578   0.27134
      1579   0.27026
      1580   0.26808
      1581   0.26591
      1582   0.26047
      1583   0.25285
      1584   0.24361
      1585   0.23709
      1586   0.23165
      1587   0.22838
      1588   0.22512
      1589   0.22077
      1590   0.21805
      1591   0.21533
      1592   0.21316
      1593   0.20990
      1594   0.20663
      1595   0.20392
      1596   0.20120
      1597   0.19793
      1598   0.19576
      1599   0.19195
      1600   0.18869
      1601   0.19902
      1602   0.20228
      1603   0.20065
      1604   0.20011
      1605   0.20174
      1606   0.20337
      1607   0.20392
      1608   0.20392
      1609   0.20500
      1610   0.20446
      1611   0.20446
      1612   0.20935
      1613   0.21262
      1614   0.21479
      1615   0.21588
      1616   0.21697
      1617   0.21751
      1618   0.21968
      1619   0.21968
      1620   0.22077
      1621   0.22186
      1622   0.22132
      1623   0.22240
      1624   0.22240
      1625   0.22295
      1626   0.22349
      1627   0.22349
      1628   0.22403
      1629   0.22403
      1630   0.22403
      1631   0.22295
      1632   0.22458
      1633   0.22403
      1634   0.22349
      1635   0.22295
      1636   0.22240
      1637   0.22240
      1638   0.22295
      1639   0.22295
      1640   0.22132
      1641   0.22077
      1642   0.22077
      1643   0.22077
      1644   0.21914
      1645   0.21805
      1646   0.21697
      1647   0.21588
      1648   0.21533
      1649   0.21425
      1650   0.21370
      1651   0.21207
      1652   0.21044
      1653   0.20935
      1654   0.20663
      1655   0.20609
      1656   0.20500
      1657   0.20500
      1658   0.20392
      1659   0.20392
      1660   0.20174
      1661   0.20174
      1662   0.20065
      1663   0.19902
      1664   0.19848
      1665   0.19630
      1666   0.19467
      1667   0.19195
      1668   0.18869
      1669   0.18216
      1670   0.17999
      1671   0.17999
      1672   0.18053
      1673   0.18108
      1674   0.18053
      1675   0.18108
      1676   0.18162
      1677   0.18162
      1678   0.18216
      1679   0.18216
      1680   0.18216
      1681   0.18271
      1682   0.18216
      1683   0.18271
      1684   0.18271
      1685   0.18271
      1686   0.18325
      1687   0.18271
      1688   0.18325
      1689   0.18325
      1690   0.18325
      1691   0.18325
      1692   0.18271
      1693   0.18325
      1694   0.18325
      1695   0.18325
      1696   0.18325
      1697   0.18271
      1698   0.18325
      1699   0.18325
      1700   0.18271
      1701   0.18216
      1702   0.18216
      1703   0.18216
      1704   0.18216
      1705   0.18162
      1706   0.18162
      1707   0.18108
      1708   0.18108
      1709   0.18108
      1710   0.18053
      1711   0.17999
      1712   0.17999
      1713   0.17945
      1714   0.17890
      1715   0.17781
      1716   0.17781
      1717   0.17727
      1718   0.17455
      1719   0.17292
      1720   0.17129
      1721   0.16857
      1722   0.16748
      1723   0.16476
      1724   0.16204
      1725   0.15987
      1726   0.15661
      1727   0.15443
      1728   0.15063
      1729   0.14628
      1730   0.14029
      1731   0.13159
      1732   0.13105
      1733   0.12942
      1734   0.12887
      1735   0.12779
      1736   0.12670
      1737   0.12561
      1738   0.12452
      1739   0.12344
      1740   0.12289
      1741   0.12126
      1742   0.12072
      1743   0.11909
      1744   0.11800
      1745   0.11746
      1746   0.11582
      1747   0.11528
      1748   0.11419
      1749   0.11256
      1750   0.11202
      1751   0.11039
      1752   0.10930
      1753   0.10875
      1754   0.10712
      1755   0.10604
      1756   0.10495
      1757   0.10440
      1758   0.10386
      1759   0.10332
      1760   0.10277
      1761   0.10223
      1762   0.10169
      1763   0.10114
      1764   0.10060
      1765   0.10005
      1766   0.09951
      1767   0.09897
      1768   0.09842
      1769   0.09788
      1770   0.09734
      1771   0.09679
      1772   0.09625
      1773   0.09570
      1774   0.09516
      1775   0.09462
      1776   0.09407
      1777   0.09353
      1778   0.09299
      1779   0.09244
      1780   0.09190
      1781   0.09135
      1782   0.09081
      1783   0.09027
      1784   0.08972
      1785   0.08918
      1786   0.08864
      1787   0.08809
      1788   0.08755
      1789   0.08700
      1790   0.08646
      1791   0.08592
      1792   0.08537
      1793   0.08483
      1794   0.08428
      1795   0.08374
      1796   0.08320
      1797   0.08265
      1798   0.08211
      1799   0.08157
      1800   0.08102
      1801   0.08048
      1802   0.07993
      1803   0.07939
      1804   0.07885
      1805   0.07830
      1806   0.07776
      1807   0.07722
      1808   0.07667
      1809   0.07613
      1810   0.07558
      1811   0.07504
      1812   0.07450
      1813   0.07395
      1814   0.07341
      1815   0.07287
      1816   0.07232
      1817   0.07178
      1818   0.07123
      1819   0.07069
      1820   0.07015
      1821   0.06960
      1822   0.06906
      1823   0.06852
      1824   0.06797
      1825   0.06743
      1826   0.06688
      1827   0.06634
      1828   0.06580
      1829   0.06525
      1830   0.06471
      1831   0.06417
      1832   0.06362
      1833   0.06308
      1834   0.06253
      1835   0.06199
      1836   0.06145
      1837   0.06090
      1838   0.06036
      1839   0.05982
