         1   0.05710
         2   0.05818
         3   0.05927
         4   0.06036
         5   0.06145
         6   0.06253
         7   0.06308
         8   0.06417
         9   0.06525
        10   0.06634
        11   0.06743
        12   0.06852
        13   0.06960
        14   0.07123
        15   0.07232
        16   0.07341
        17   0.07450
        18   0.07558
        19   0.07667
        20   0.07776
        21   0.07939
        22   0.08048
        23   0.08157
        24   0.08320
        25   0.08428
        26   0.08537
        27   0.08700
        28   0.08809
        29   0.08972
        30   0.09081
        31   0.09244
        32   0.09353
        33   0.09516
        34   0.09625
        35   0.09788
        36   0.09951
        37   0.10060
        38   0.10223
        39   0.10386
        40   0.10495
        41   0.10658
        42   0.10821
        43   0.10984
        44   0.11093
        45   0.11256
        46   0.11419
        47   0.11582
        48   0.11691
        49   0.11854
        50   0.12017
        51   0.12181
        52   0.12289
        53   0.12452
        54   0.12561
        55   0.12724
        56   0.12833
        57   0.12942
        58   0.13105
        59   0.13214
        60   0.13322
        61   0.13431
        62   0.13540
        63   0.13649
        64   0.13757
        65   0.13866
        66   0.13921
        67   0.14029
        68   0.14138
        69   0.14192
        70   0.14301
        71   0.14356
        72   0.14464
        73   0.14519
        74   0.14573
        75   0.14682
        76   0.14736
        77   0.14791
        78   0.14845
        79   0.14954
        80   0.15008
        81   0.15063
        82   0.15117
        83   0.15171
        84   0.15226
        85   0.15280
        86   0.15334
        87   0.15334
        88   0.15389
        89   0.15443
        90   0.15498
        91   0.15552
        92   0.15606
        93   0.15606
        94   0.15661
        95   0.15715
        96   0.15715
        97   0.15769
        98   0.15824
        99   0.15824
       100   0.15878
       101   0.15933
       102   0.15933
       103   0.15987
       104   0.16041
       105   0.16041
       106   0.16096
       107   0.16041
       108   0.16096
       109   0.16041
       110   0.16096
       111   0.16041
       112   0.16259
       113   0.17510
       114   0.18162
       115   0.18597
       116   0.18978
       117   0.19250
       118   0.19576
       119   0.19848
       120   0.20065
       121   0.20337
       122   0.20446
       123   0.20609
       124   0.20663
       125   0.20881
       126   0.20935
       127   0.21425
       128   0.22077
       129   0.22567
       130   0.22893
       131   0.23165
       132   0.23491
       133   0.23817
       134   0.24035
       135   0.24252
       136   0.24470
       137   0.24742
       138   0.24905
       139   0.25068
       140   0.25340
       141   0.25394
       142   0.25612
       143   0.25775
       144   0.25938
       145   0.26156
       146   0.26264
       147   0.26482
       148   0.26591
       149   0.26754
       150   0.26862
       151   0.27080
       152   0.27134
       153   0.27297
       154   0.27461
       155   0.27569
       156   0.27732
       157   0.27787
       158   0.28004
       159   0.28059
       160   0.28222
       161   0.28331
       162   0.28439
       163   0.28548
       164   0.28657
       165   0.28766
       166   0.28929
       167   0.29038
       168   0.29146
       169   0.29201
       170   0.29309
       171   0.29473
       172   0.29581
       173   0.29690
       174   0.29744
       175   0.29799
       176   0.30071
       177   0.30071
       178   0.30234
       179   0.30288
       180   0.30343
       181   0.30506
       182   0.30506
       183   0.30669
       184   0.30778
       185   0.30886
       186   0.30941
       187   0.31049
       188   0.31104
       189   0.31213
       190   0.31321
       191   0.31430
       192   0.31485
       193   0.31539
       194   0.31702
       195   0.31756
       196   0.31865
       197   0.31920
       198   0.32083
       199   0.32137
       200   0.32246
       201   0.32246
       202   0.32300
       203   0.32246
       204   0.32246
       205   0.32300
       206   0.32246
       207   0.32300
       208   0.32355
       209   0.32355
       210   0.32355
       211   0.32463
       212   0.32409
       213   0.32463
       214   0.32463
       215   0.32463
       216   0.32518
       217   0.32409
       218   0.32463
       219   0.32463
       220   0.32518
       221   0.32518
       222   0.32572
       223   0.32463
       224   0.32518
       225   0.32518
       226   0.32518
       227   0.32572
       228   0.32463
       229   0.32518
       230   0.32518
       231   0.32518
       232   0.32463
       233   0.32409
       234   0.32463
       235   0.32463
       236   0.32463
       237   0.32463
       238   0.32409
       239   0.32409
       240   0.32355
       241   0.32355
       242   0.32355
       243   0.32355
       244   0.32300
       245   0.32246
       246   0.32246
       247   0.32191
       248   0.32137
       249   0.32137
       250   0.32083
       251   0.32028
       252   0.31974
       253   0.31920
       254   0.31920
       255   0.31811
       256   0.31811
       257   0.31756
       258   0.31702
       259   0.31648
       260   0.31539
       261   0.31539
       262   0.31485
       263   0.31376
       264   0.31267
       265   0.31213
       266   0.31158
       267   0.31104
       268   0.30995
       269   0.30886
       270   0.30778
       271   0.30669
       272   0.30614
       273   0.30560
       274   0.30397
       275   0.30343
       276   0.30234
       277   0.30125
       278   0.29962
       279   0.29853
       280   0.29744
       281   0.29581
       282   0.29473
       283   0.29364
       284   0.29201
       285   0.29038
       286   0.28820
       287   0.28711
       288   0.28603
       289   0.28385
       290   0.28222
       291   0.28004
       292   0.27841
       293   0.27624
       294   0.27515
       295   0.27243
       296   0.27080
       297   0.26808
       298   0.26645
       299   0.26427
       300   0.26156
       301   0.25884
       302   0.25666
       303   0.25394
       304   0.25177
       305   0.24850
       306   0.24524
       307   0.24307
       308   0.23980
       309   0.23709
       310   0.23382
       311   0.23110
       312   0.22730
       313   0.22349
       314   0.22077
       315   0.21642
       316   0.21316
       317   0.20935
       318   0.20555
       319   0.20120
       320   0.19739
       321   0.19304
       322   0.18978
       323   0.18543
       324   0.18053
       325   0.17510
       326   0.16857
       327   0.15933
       328   0.15715
       329   0.15552
       330   0.15334
       331   0.15117
       332   0.14899
       333   0.14736
       334   0.14519
       335   0.14410
       336   0.14573
       337   0.14682
       338   0.14845
       339   0.14954
       340   0.15063
       341   0.15987
       342   0.16585
       343   0.17129
       344   0.17510
       345   0.17945
       346   0.18325
       347   0.18706
       348   0.18978
       349   0.19304
       350   0.19630
       351   0.19956
       352   0.20228
       353   0.20609
       354   0.20935
       355   0.21262
       356   0.21533
       357   0.21860
       358   0.22240
       359   0.22458
       360   0.23002
       361   0.24035
       362   0.24687
       363   0.25394
       364   0.25938
       365   0.26373
       366   0.26917
       367   0.27352
       368   0.27841
       369   0.28222
       370   0.28603
       371   0.29092
       372   0.29527
       373   0.29853
       374   0.30288
       375   0.30614
       376   0.30995
       377   0.31376
       378   0.31756
       379   0.32083
       380   0.32463
       381   0.32790
       382   0.33170
       383   0.33388
       384   0.33823
       385   0.34095
       386   0.34421
       387   0.34693
       388   0.35019
       389   0.35345
       390   0.35617
       391   0.35943
       392   0.36161
       393   0.36487
       394   0.36813
       395   0.37031
       396   0.37303
       397   0.37629
       398   0.37901
       399   0.38119
       400   0.38445
       401   0.38662
       402   0.38934
       403   0.39206
       404   0.39478
       405   0.39695
       406   0.39913
       407   0.40185
       408   0.40402
       409   0.40620
       410   0.40783
       411   0.41109
       412   0.41272
       413   0.41544
       414   0.41707
       415   0.41979
       416   0.42197
       417   0.42360
       418   0.42577
       419   0.42686
       420   0.42904
       421   0.43121
       422   0.43339
       423   0.43502
       424   0.43665
       425   0.43883
       426   0.44046
       427   0.44209
       428   0.44372
       429   0.44535
       430   0.44644
       431   0.44807
       432   0.44970
       433   0.45079
       434   0.45188
       435   0.45351
       436   0.45514
       437   0.45786
       438   0.45786
       439   0.45949
       440   0.46058
       441   0.46221
       442   0.46275
       443   0.46384
       444   0.46493
       445   0.46656
       446   0.46710
       447   0.46873
       448   0.46928
       449   0.47036
       450   0.47200
       451   0.47308
       452   0.47308
       453   0.47363
       454   0.47526
       455   0.47635
       456   0.47635
       457   0.47743
       458   0.47798
       459   0.47798
       460   0.47906
       461   0.48070
       462   0.48070
       463   0.48178
       464   0.48178
       465   0.48178
       466   0.48233
       467   0.48178
       468   0.48124
       469   0.48070
       470   0.47906
       471   0.47961
       472   0.47906
       473   0.47798
       474   0.47743
       475   0.47635
       476   0.47526
       477   0.47471
       478   0.47417
       479   0.47308
       480   0.47308
       481   0.47091
       482   0.47200
       483   0.47200
       484   0.47417
       485   0.47308
       486   0.47471
       487   0.47526
       488   0.47580
       489   0.47743
       490   0.47689
       491   0.47743
       492   0.47798
       493   0.47852
       494   0.47852
       495   0.47906
       496   0.47906
       497   0.48015
       498   0.48015
       499   0.47961
       500   0.47961
       501   0.48070
       502   0.48015
       503   0.47906
       504   0.47961
       505   0.48070
       506   0.47961
       507   0.48015
       508   0.47906
       509   0.47798
       510   0.47852
       511   0.47798
       512   0.47635
       513   0.47689
       514   0.47580
       515   0.47526
       516   0.47471
       517   0.47363
       518   0.47200
       519   0.47091
       520   0.46982
       521   0.46928
       522   0.46765
       523   0.46601
       524   0.46384
       525   0.46166
       526   0.45895
       527   0.45623
       528   0.45296
       529   0.44970
       530   0.44481
       531   0.43611
       532   0.43013
       533   0.43339
       534   0.43665
       535   0.43991
       536   0.44263
       537   0.44535
       538   0.44753
       539   0.44970
       540   0.45188
       541   0.45296
       542   0.45514
       543   0.45677
       544   0.45895
       545   0.46112
       546   0.46330
       547   0.46384
       548   0.46601
       549   0.46765
       550   0.46873
       551   0.47036
       552   0.47145
       553   0.47200
       554   0.47417
       555   0.47526
       556   0.47526
       557   0.47743
       558   0.47798
       559   0.47961
       560   0.47961
       561   0.48070
       562   0.48233
       563   0.48233
       564   0.48178
       565   0.48124
       566   0.48124
       567   0.48015
       568   0.47961
       569   0.47961
       570   0.47906
       571   0.47798
       572   0.47743
       573   0.47689
       574   0.47526
       575   0.47363
       576   0.47200
       577   0.47036
       578   0.46819
       579   0.46601
       580   0.46330
       581   0.46003
       582   0.45677
       583   0.45296
       584   0.44970
       585   0.44644
       586   0.44372
       587   0.44100
       588   0.43828
       589   0.43502
       590   0.43230
       591   0.43013
       592   0.42741
       593   0.42523
       594   0.42142
       595   0.41979
       596   0.41707
       597   0.41490
       598   0.41218
       599   0.41001
       600   0.40783
       601   0.40457
       602   0.40294
       603   0.40022
       604   0.39695
       605   0.39532
       606   0.39206
       607   0.38934
       608   0.38771
       609   0.38445
       610   0.38227
       611   0.37901
       612   0.37738
       613   0.37466
       614   0.37194
       615   0.36977
       616   0.36705
       617   0.36487
       618   0.36161
       619   0.35835
       620   0.35617
       621   0.35291
       622   0.34965
       623   0.34584
       624   0.34149
       625   0.33823
       626   0.33333
       627   0.32790
       628   0.32083
       629   0.31267
       630   0.31104
       631   0.30995
       632   0.30832
       633   0.30669
       634   0.30451
       635   0.30234
       636   0.30071
       637   0.29908
       638   0.29690
       639   0.29364
       640   0.29146
       641   0.28874
       642   0.28603
       643   0.28276
       644   0.28004
       645   0.27678
       646   0.27352
       647   0.27080
       648   0.26808
       649   0.26536
       650   0.26210
       651   0.25992
       652   0.25775
       653   0.25449
       654   0.25231
       655   0.25068
       656   0.24796
       657   0.24579
       658   0.24361
       659   0.24089
       660   0.23926
       661   0.23763
       662   0.23491
       663   0.23328
       664   0.23110
       665   0.22893
       666   0.22730
       667   0.22458
       668   0.22349
       669   0.22186
       670   0.21914
       671   0.21751
       672   0.21588
       673   0.21370
       674   0.21153
       675   0.20990
       676   0.20772
       677   0.20609
       678   0.20446
       679   0.20228
       680   0.20011
       681   0.19848
       682   0.19685
       683   0.19413
       684   0.19250
       685   0.19086
       686   0.18869
       687   0.18651
       688   0.18434
       689   0.18216
       690   0.17890
       691   0.17564
       692   0.17292
       693   0.17183
       694   0.17455
       695   0.17727
       696   0.17999
       697   0.18162
       698   0.18434
       699   0.18651
       700   0.18869
       701   0.19141
       702   0.19413
       703   0.19521
       704   0.19739
       705   0.20011
       706   0.20174
       707   0.20392
       708   0.20609
       709   0.20827
       710   0.21044
       711   0.21316
       712   0.21479
       713   0.21697
       714   0.21860
       715   0.22077
       716   0.22295
       717   0.22458
       718   0.22784
       719   0.23002
       720   0.23165
       721   0.23382
       722   0.23545
       723   0.23709
       724   0.23817
       725   0.23926
       726   0.24035
       727   0.24089
       728   0.24198
       729   0.24198
       730   0.24198
       731   0.24035
       732   0.23926
       733   0.23654
       734   0.22893
       735   0.23056
       736   0.23219
       737   0.23274
       738   0.23437
       739   0.23545
       740   0.23709
       741   0.23817
       742   0.23926
       743   0.24035
       744   0.24198
       745   0.24307
       746   0.24361
       747   0.24470
       748   0.24524
       749   0.24633
       750   0.24742
       751   0.24796
       752   0.24905
       753   0.24959
       754   0.25068
       755   0.25177
       756   0.25177
       757   0.25285
       758   0.25394
       759   0.25449
       760   0.25503
       761   0.25557
       762   0.25666
       763   0.25721
       764   0.25775
       765   0.25829
       766   0.25884
       767   0.25992
       768   0.25992
       769   0.26101
       770   0.26156
       771   0.26210
       772   0.26264
       773   0.26319
       774   0.26373
       775   0.27080
       776   0.27406
       777   0.27678
       778   0.27841
       779   0.28113
       780   0.28331
       781   0.28603
       782   0.28711
       783   0.28929
       784   0.29146
       785   0.29309
       786   0.29418
       787   0.29690
       788   0.29853
       789   0.29962
       790   0.30125
       791   0.30343
       792   0.30506
       793   0.30560
       794   0.30723
       795   0.30886
       796   0.31049
       797   0.31104
       798   0.31267
       799   0.31485
       800   0.31593
       801   0.31702
       802   0.31811
       803   0.31865
       804   0.31920
       805   0.31920
       806   0.32028
       807   0.32083
       808   0.32191
       809   0.32191
       810   0.32191
       811   0.32300
       812   0.32355
       813   0.32355
       814   0.32409
       815   0.32518
       816   0.32463
       817   0.32572
       818   0.32518
       819   0.32572
       820   0.32572
       821   0.32572
       822   0.32626
       823   0.32681
       824   0.32626
       825   0.32735
       826   0.32735
       827   0.32735
       828   0.32790
       829   0.32735
       830   0.32790
       831   0.32790
       832   0.32790
       833   0.32844
       834   0.32898
       835   0.32898
       836   0.32898
       837   0.32953
       838   0.32898
       839   0.32953
       840   0.33007
       841   0.33007
       842   0.33061
       843   0.33007
       844   0.33061
       845   0.33061
       846   0.33170
       847   0.33170
       848   0.33116
       849   0.33170
       850   0.33225
       851   0.33279
       852   0.33279
       853   0.33279
       854   0.33333
       855   0.33333
       856   0.33388
       857   0.33442
       858   0.33388
       859   0.33442
       860   0.33496
       861   0.33496
       862   0.33496
       863   0.33551
       864   0.33551
       865   0.33660
       866   0.33605
       867   0.33660
       868   0.33714
       869   0.33714
       870   0.33714
       871   0.33768
       872   0.33768
       873   0.33877
       874   0.33823
       875   0.33877
       876   0.33931
       877   0.33931
       878   0.33931
       879   0.33986
       880   0.34040
       881   0.34040
       882   0.34095
       883   0.34095
       884   0.34095
       885   0.34203
       886   0.34203
       887   0.34149
       888   0.34203
       889   0.34312
       890   0.34258
       891   0.34258
       892   0.34312
       893   0.34367
       894   0.34367
       895   0.34367
       896   0.34421
       897   0.34421
       898   0.34421
       899   0.34475
       900   0.34475
       901   0.34530
       902   0.34475
       903   0.34530
       904   0.34530
       905   0.34584
       906   0.34584
       907   0.34584
       908   0.34584
       909   0.34638
       910   0.34638
       911   0.34638
       912   0.34584
       913   0.34693
       914   0.34693
       915   0.34638
       916   0.34638
       917   0.34638
       918   0.34693
       919   0.34584
       920   0.34693
       921   0.34693
       922   0.34638
       923   0.34638
       924   0.34638
       925   0.34584
       926   0.34530
       927   0.35835
       928   0.36378
       929   0.36813
       930   0.37140
       931   0.37520
       932   0.37847
       933   0.38010
       934   0.38227
       935   0.38445
       936   0.38608
       937   0.38825
       938   0.38989
       939   0.39152
       940   0.39369
       941   0.39424
       942   0.39532
       943   0.39641
       944   0.39750
       945   0.39804
       946   0.39913
       947   0.39967
       948   0.40076
       949   0.40022
       950   0.40131
       951   0.40131
       952   0.40185
       953   0.40239
       954   0.40239
       955   0.41109
       956   0.41653
       957   0.41979
       958   0.42306
       959   0.42577
       960   0.42849
       961   0.42904
       962   0.43067
       963   0.42958
       964   0.42849
       965   0.42795
       966   0.42577
       967   0.42414
       968   0.42251
       969   0.41871
       970   0.41599
       971   0.41164
       972   0.40837
       973   0.40402
       974   0.39913
       975   0.39152
       976   0.38445
       977   0.37412
       978   0.35672
       979   0.35508
       980   0.35128
       981   0.35943
       982   0.38445
       983   0.40185
       984   0.41544
       985   0.42632
       986   0.43774
       987   0.44753
       988   0.45514
       989   0.46275
       990   0.47036
       991   0.47526
       992   0.47798
       993   0.48124
       994   0.48341
       995   0.48559
       996   0.48831
       997   0.49103
       998   0.49266
       999   0.51060
      1000   0.53834
      1001   0.56607
      1002   0.59054
      1003   0.60631
      1004   0.60957
      1005   0.61283
      1006   0.61555
      1007   0.61664
      1008   0.62806
      1009   0.63350
      1010   0.63893
      1011   0.64274
      1012   0.64546
      1013   0.64872
      1014   0.65090
      1015   0.64981
      1016   0.64927
      1017   0.64927
      1018   0.64818
      1019   0.64763
      1020   0.64655
      1021   0.64546
      1022   0.64492
      1023   0.64383
      1024   0.64165
      1025   0.64111
      1026   0.63893
      1027   0.63785
      1028   0.63730
      1029   0.63513
      1030   0.63350
      1031   0.63241
      1032   0.63078
      1033   0.62860
      1034   0.62751
      1035   0.62534
      1036   0.62425
      1037   0.62208
      1038   0.62099
      1039   0.61827
      1040   0.61610
      1041   0.61446
      1042   0.61283
      1043   0.61120
      1044   0.60848
      1045   0.60631
      1046   0.60576
      1047   0.60196
      1048   0.59978
      1049   0.59869
      1050   0.59598
      1051   0.59380
      1052   0.59108
      1053   0.58891
      1054   0.58728
      1055   0.58401
      1056   0.58184
      1057   0.57912
      1058   0.57694
      1059   0.57531
      1060   0.57259
      1061   0.56987
      1062   0.56716
      1063   0.56498
      1064   0.56172
      1065   0.56009
      1066   0.55682
      1067   0.55465
      1068   0.55139
      1069   0.54921
      1070   0.54595
      1071   0.54377
      1072   0.54105
      1073   0.53834
      1074   0.53453
      1075   0.53181
      1076   0.52692
      1077   0.52311
      1078   0.52039
      1079   0.51550
      1080   0.51169
      1081   0.50680
      1082   0.50245
      1083   0.49864
      1084   0.49266
      1085   0.48885
      1086   0.48287
      1087   0.47689
      1088   0.47091
      1089   0.46221
      1090   0.44698
      1091   0.44589
      1092   0.44426
      1093   0.44318
      1094   0.44100
      1095   0.43937
      1096   0.43774
      1097   0.43611
      1098   0.43556
      1099   0.43393
      1100   0.43284
      1101   0.43067
      1102   0.42958
      1103   0.42795
      1104   0.42632
      1105   0.42523
      1106   0.42360
      1107   0.42197
      1108   0.42142
      1109   0.41979
      1110   0.41871
      1111   0.41707
      1112   0.41653
      1113   0.41490
      1114   0.41327
      1115   0.41109
      1116   0.41001
      1117   0.40892
      1118   0.40729
      1119   0.40620
      1120   0.40511
      1121   0.40348
      1122   0.40294
      1123   0.40131
      1124   0.40022
      1125   0.39804
      1126   0.39695
      1127   0.39587
      1128   0.39424
      1129   0.39315
      1130   0.39152
      1131   0.39043
      1132   0.38825
      1133   0.38717
      1134   0.38608
      1135   0.38499
      1136   0.38227
      1137   0.38173
      1138   0.37955
      1139   0.37738
      1140   0.37629
      1141   0.37412
      1142   0.37194
      1143   0.36922
      1144   0.36705
      1145   0.36542
      1146   0.36270
      1147   0.36052
      1148   0.35563
      1149   0.35291
      1150   0.34856
      1151   0.34312
      1152   0.33714
      1153   0.32028
      1154   0.31811
      1155   0.31920
      1156   0.31865
      1157   0.31920
      1158   0.31974
      1159   0.31974
      1160   0.31974
      1161   0.32083
      1162   0.32083
      1163   0.32083
      1164   0.32191
      1165   0.32191
      1166   0.32191
      1167   0.32300
      1168   0.32300
      1169   0.32300
      1170   0.32409
      1171   0.32463
      1172   0.32518
      1173   0.32518
      1174   0.32626
      1175   0.32626
      1176   0.32681
      1177   0.32735
      1178   0.32790
      1179   0.32898
      1180   0.32953
      1181   0.33007
      1182   0.33061
      1183   0.33116
      1184   0.33225
      1185   0.33225
      1186   0.33279
      1187   0.33333
      1188   0.33442
      1189   0.33551
      1190   0.33605
      1191   0.33660
      1192   0.33768
      1193   0.33823
      1194   0.33877
      1195   0.33877
      1196   0.34040
      1197   0.34040
      1198   0.34095
      1199   0.34203
      1200   0.34312
      1201   0.34312
      1202   0.34367
      1203   0.34421
      1204   0.34421
      1205   0.34475
      1206   0.34584
      1207   0.34638
      1208   0.34638
      1209   0.34693
      1210   0.34747
      1211   0.34747
      1212   0.34638
      1213   0.34530
      1214   0.34530
      1215   0.34584
      1216   0.34584
      1217   0.34638
      1218   0.34638
      1219   0.34693
      1220   0.34802
      1221   0.34856
      1222   0.34747
      1223   0.34802
      1224   0.34856
      1225   0.34802
      1226   0.34747
      1227   0.34312
      1228   0.34095
      1229   0.34802
      1230   0.36161
      1231   0.36215
      1232   0.36270
      1233   0.36270
      1234   0.36324
      1235   0.36378
      1236   0.36433
      1237   0.36487
      1238   0.36487
      1239   0.36542
      1240   0.36596
      1241   0.36596
      1242   0.36650
      1243   0.36650
      1244   0.36705
      1245   0.36759
      1246   0.36705
      1247   0.36705
      1248   0.36650
      1249   0.36596
      1250   0.36650
      1251   0.36596
      1252   0.36542
      1253   0.36487
      1254   0.36487
      1255   0.36433
      1256   0.36378
      1257   0.36324
      1258   0.36324
      1259   0.36270
      1260   0.36215
      1261   0.36161
      1262   0.36107
      1263   0.36107
      1264   0.36052
      1265   0.35998
      1266   0.35943
      1267   0.35889
      1268   0.35835
      1269   0.35780
      1270   0.35672
      1271   0.35617
      1272   0.35617
      1273   0.35563
      1274   0.35508
      1275   0.35454
      1276   0.35400
      1277   0.35345
      1278   0.35291
      1279   0.35237
      1280   0.35128
      1281   0.35019
      1282   0.34965
      1283   0.34910
      1284   0.34856
      1285   0.34802
      1286   0.34747
      1287   0.34638
      1288   0.34584
      1289   0.34475
      1290   0.34421
      1291   0.34367
      1292   0.34258
      1293   0.34149
      1294   0.34095
      1295   0.34040
      1296   0.33931
      1297   0.33823
      1298   0.33768
      1299   0.33660
      1300   0.33605
      1301   0.33442
      1302   0.33388
      1303   0.33279
      1304   0.33225
      1305   0.33061
      1306   0.32953
      1307   0.32898
      1308   0.32735
      1309   0.32626
      1310   0.32518
      1311   0.32463
      1312   0.32300
      1313   0.32191
      1314   0.32083
      1315   0.30614
      1316   0.29799
      1317   0.29038
      1318   0.28385
      1319   0.27624
      1320   0.26862
      1321   0.25612
      1322   0.24742
      1323   0.24579
      1324   0.24470
      1325   0.24415
      1326   0.24252
      1327   0.24470
      1328   0.24850
      1329   0.25285
      1330   0.25884
      1331   0.30234
      1332   0.30614
      1333   0.30832
      1334   0.30995
      1335   0.31158
      1336   0.31267
      1337   0.31376
      1338   0.31430
      1339   0.31593
      1340   0.31648
      1341   0.31648
      1342   0.31756
      1343   0.31811
      1344   0.31920
      1345   0.31920
      1346   0.31974
      1347   0.32028
      1348   0.32083
      1349   0.32083
      1350   0.32137
      1351   0.32191
      1352   0.32191
      1353   0.32191
      1354   0.32300
      1355   0.32300
      1356   0.32300
      1357   0.32300
      1358   0.32409
      1359   0.32409
      1360   0.32409
      1361   0.32409
      1362   0.32463
      1363   0.32463
      1364   0.32463
      1365   0.32463
      1366   0.32463
      1367   0.32572
      1368   0.32572
      1369   0.32572
      1370   0.32572
      1371   0.32572
      1372   0.32572
      1373   0.32572
      1374   0.32626
      1375   0.32626
      1376   0.32626
      1377   0.30995
      1378   0.30125
      1379   0.29527
      1380   0.28983
      1381   0.28548
      1382   0.28167
      1383   0.27787
      1384   0.27461
      1385   0.27134
      1386   0.26808
      1387   0.26591
      1388   0.26319
      1389   0.26047
      1390   0.25775
      1391   0.25557
      1392   0.25394
      1393   0.25122
      1394   0.24850
      1395   0.24633
      1396   0.24470
      1397   0.24307
      1398   0.24144
      1399   0.23926
      1400   0.23763
      1401   0.23600
      1402   0.23328
      1403   0.23165
      1404   0.23056
      1405   0.22893
      1406   0.22675
      1407   0.22458
      1408   0.22295
      1409   0.22132
      1410   0.21914
      1411   0.21642
      1412   0.21316
      1413   0.21153
      1414   0.21098
      1415   0.21044
      1416   0.20990
      1417   0.20935
      1418   0.20881
      1419   0.20881
      1420   0.20827
      1421   0.20772
      1422   0.20718
      1423   0.20718
      1424   0.20663
      1425   0.20609
      1426   0.20609
      1427   0.20555
      1428   0.20555
      1429   0.20500
      1430   0.20500
      1431   0.20446
      1432   0.20446
      1433   0.20392
      1434   0.20392
      1435   0.20392
      1436   0.20392
      1437   0.20337
      1438   0.20337
      1439   0.20337
      1440   0.20283
      1441   0.20283
      1442   0.20283
      1443   0.20228
      1444   0.20228
      1445   0.20228
      1446   0.20174
      1447   0.20174
      1448   0.20228
      1449   0.20228
      1450   0.20174
      1451   0.20174
      1452   0.20174
      1453   0.20174
      1454   0.20283
      1455   0.20555
      1456   0.20663
      1457   0.20827
      1458   0.20935
      1459   0.21044
      1460   0.21098
      1461   0.21153
      1462   0.21153
      1463   0.21207
      1464   0.22023
      1465   0.22512
      1466   0.22838
      1467   0.23274
      1468   0.23545
      1469   0.23817
      1470   0.24035
      1471   0.24252
      1472   0.24415
      1473   0.24687
      1474   0.24905
      1475   0.25068
      1476   0.25285
      1477   0.25394
      1478   0.25721
      1479   0.25775
      1480   0.26047
      1481   0.26210
      1482   0.26319
      1483   0.26427
      1484   0.26536
      1485   0.26645
      1486   0.26808
      1487   0.26917
      1488   0.26971
      1489   0.27080
      1490   0.27134
      1491   0.27297
      1492   0.27406
      1493   0.27569
      1494   0.27624
      1495   0.27787
      1496   0.27896
      1497   0.27950
      1498   0.28113
      1499   0.28167
      1500   0.28331
      1501   0.28548
      1502   0.28603
      1503   0.28711
      1504   0.28820
      1505   0.28983
      1506   0.29038
      1507   0.29201
      1508   0.29201
      1509   0.29418
      1510   0.29473
      1511   0.29581
      1512   0.29744
      1513   0.29908
      1514   0.30071
      1515   0.30071
      1516   0.30288
      1517   0.30343
      1518   0.30506
      1519   0.30669
      1520   0.30778
      1521   0.30886
      1522   0.30995
      1523   0.31049
      1524   0.31267
      1525   0.31321
      1526   0.31485
      1527   0.31648
      1528   0.31756
      1529   0.31865
      1530   0.31920
      1531   0.32083
      1532   0.32246
      1533   0.32355
      1534   0.32518
      1535   0.32572
      1536   0.32735
      1537   0.32735
      1538   0.32953
      1539   0.33116
      1540   0.33170
      1541   0.33279
      1542   0.33496
      1543   0.33605
      1544   0.33605
      1545   0.33823
      1546   0.33986
      1547   0.34095
      1548   0.34149
      1549   0.34312
      1550   0.34421
      1551   0.34530
      1552   0.34638
      1553   0.34802
      1554   0.34856
      1555   0.34965
      1556   0.35073
      1557   0.35237
      1558   0.35454
      1559   0.35508
      1560   0.35563
      1561   0.35672
      1562   0.35835
      1563   0.35943
      1564   0.36052
      1565   0.36161
      1566   0.36270
      1567   0.36378
      1568   0.36542
      1569   0.36596
      1570   0.36705
      1571   0.36759
      1572   0.36868
      1573   0.36922
      1574   0.37031
      1575   0.37085
      1576   0.37249
      1577   0.37357
      1578   0.37466
      1579   0.37466
      1580   0.37520
      1581   0.37684
      1582   0.37738
      1583   0.39424
      1584   0.40294
      1585   0.40946
      1586   0.41544
      1587   0.42088
      1588   0.42523
      1589   0.42904
      1590   0.43284
      1591   0.43665
      1592   0.43883
      1593   0.44263
      1594   0.44535
      1595   0.44807
      1596   0.44916
      1597   0.45079
      1598   0.45188
      1599   0.42741
      1600   0.40946
      1601   0.41055
      1602   0.41164
      1603   0.41490
      1604   0.41164
      1605   0.40946
      1606   0.40620
      1607   0.40837
      1608   0.40348
      1609   0.39750
      1610   0.39478
      1611   0.39206
      1612   0.39097
      1613   0.39315
      1614   0.39587
      1615   0.39750
      1616   0.39750
      1617   0.39750
      1618   0.39750
      1619   0.39695
      1620   0.39695
      1621   0.39641
      1622   0.39532
      1623   0.39587
      1624   0.39478
      1625   0.39424
      1626   0.39424
      1627   0.39424
      1628   0.39315
      1629   0.39315
      1630   0.39260
      1631   0.39206
      1632   0.39152
      1633   0.39043
      1634   0.38989
      1635   0.38934
      1636   0.38880
      1637   0.38717
      1638   0.38662
      1639   0.38662
      1640   0.38499
      1641   0.38445
      1642   0.38390
      1643   0.38227
      1644   0.38119
      1645   0.38010
      1646   0.37901
      1647   0.37792
      1648   0.37684
      1649   0.37629
      1650   0.37466
      1651   0.37412
      1652   0.37249
      1653   0.37085
      1654   0.37031
      1655   0.36813
      1656   0.36705
      1657   0.36487
      1658   0.36378
      1659   0.36215
      1660   0.36052
      1661   0.35889
      1662   0.35780
      1663   0.35563
      1664   0.35400
      1665   0.35237
      1666   0.35019
      1667   0.34802
      1668   0.34693
      1669   0.34475
      1670   0.34258
      1671   0.34149
      1672   0.33768
      1673   0.33660
      1674   0.33442
      1675   0.33170
      1676   0.32953
      1677   0.32626
      1678   0.32572
      1679   0.32409
      1680   0.32300
      1681   0.32137
      1682   0.32083
      1683   0.31974
      1684   0.31865
      1685   0.31702
      1686   0.31539
      1687   0.31376
      1688   0.31267
      1689   0.31049
      1690   0.30941
      1691   0.30669
      1692   0.30179
      1693   0.29418
      1694   0.29255
      1695   0.29092
      1696   0.28929
      1697   0.28766
      1698   0.28548
      1699   0.28439
      1700   0.28167
      1701   0.28059
      1702   0.27732
      1703   0.27461
      1704   0.27297
      1705   0.27026
      1706   0.26754
      1707   0.26427
      1708   0.26101
      1709   0.25666
      1710   0.25231
      1711   0.24470
      1712   0.23274
      1713   0.23110
      1714   0.23056
      1715   0.22947
      1716   0.22838
      1717   0.22730
      1718   0.22675
      1719   0.22567
      1720   0.22512
      1721   0.22349
      1722   0.22295
      1723   0.22132
      1724   0.22077
      1725   0.21968
      1726   0.21805
      1727   0.21697
      1728   0.21588
      1729   0.21479
      1730   0.21370
      1731   0.21262
      1732   0.21098
      1733   0.20990
      1734   0.20881
      1735   0.20772
      1736   0.20609
      1737   0.20446
      1738   0.20120
      1739   0.19902
      1740   0.19630
      1741   0.19304
      1742   0.19086
      1743   0.18760
      1744   0.18488
      1745   0.18162
      1746   0.17836
      1747   0.17510
      1748   0.17129
      1749   0.16748
      1750   0.16259
      1751   0.15769
      1752   0.15008
      1753   0.14084
      1754   0.13975
      1755   0.13866
      1756   0.13703
      1757   0.13649
      1758   0.13540
      1759   0.13377
      1760   0.13268
      1761   0.13159
      1762   0.13051
      1763   0.12887
      1764   0.12833
      1765   0.12670
      1766   0.12561
      1767   0.12398
      1768   0.12344
      1769   0.12235
      1770   0.12072
      1771   0.11963
      1772   0.11800
      1773   0.11746
      1774   0.11582
      1775   0.11474
      1776   0.11310
      1777   0.11202
      1778   0.11093
      1779   0.10930
      1780   0.10875
      1781   0.10712
      1782   0.10604
      1783   0.10440
      1784   0.10332
      1785   0.10223
      1786   0.10060
      1787   0.09951
      1788   0.09842
      1789   0.09788
      1790   0.09734
      1791   0.09679
      1792   0.09625
      1793   0.09570
      1794   0.09516
      1795   0.09462
      1796   0.09407
      1797   0.09353
      1798   0.09299
      1799   0.09244
      1800   0.09190
      1801   0.09135
      1802   0.09081
      1803   0.09027
      1804   0.08972
      1805   0.08918
      1806   0.08864
      1807   0.08809
      1808   0.08755
      1809   0.08700
      1810   0.08646
      1811   0.08592
      1812   0.08537
      1813   0.08483
      1814   0.08428
      1815   0.08374
      1816   0.08320
      1817   0.08265
      1818   0.08211
      1819   0.08157
      1820   0.08102
      1821   0.08048
      1822   0.07993
      1823   0.07939
      1824   0.07885
      1825   0.07830
      1826   0.07776
      1827   0.07722
      1828   0.07667
      1829   0.07613
      1830   0.07558
      1831   0.07504
      1832   0.07450
      1833   0.07395
      1834   0.07341
      1835   0.07287
      1836   0.07232
      1837   0.07178
      1838   0.07123
      1839   0.07069
