         1   0.07123
         2   0.07232
         3   0.07341
         4   0.07450
         5   0.07613
         6   0.07722
         7   0.07885
         8   0.07993
         9   0.08157
        10   0.08265
        11   0.08428
        12   0.08537
        13   0.08700
        14   0.08864
        15   0.08972
        16   0.09135
        17   0.09299
        18   0.09462
        19   0.09625
        20   0.09788
        21   0.09951
        22   0.10114
        23   0.10277
        24   0.10440
        25   0.10604
        26   0.10767
        27   0.10984
        28   0.11147
        29   0.11310
        30   0.11528
        31   0.11691
        32   0.11854
        33   0.12072
        34   0.12235
        35   0.12398
        36   0.12616
        37   0.12779
        38   0.12942
        39   0.13105
        40   0.13268
        41   0.13431
        42   0.13594
        43   0.13757
        44   0.13866
        45   0.14029
        46   0.14138
        47   0.14247
        48   0.14410
        49   0.14519
        50   0.14628
        51   0.14736
        52   0.14845
        53   0.14899
        54   0.15008
        55   0.15117
        56   0.15171
        57   0.15280
        58   0.15334
        59   0.15443
        60   0.15498
        61   0.15552
        62   0.15661
        63   0.15715
        64   0.15769
        65   0.15824
        66   0.15878
        67   0.15933
        68   0.15987
        69   0.16041
        70   0.16096
        71   0.16150
        72   0.16204
        73   0.16259
        74   0.16259
        75   0.16313
        76   0.16368
        77   0.16422
        78   0.16422
        79   0.16476
        80   0.16531
        81   0.16531
        82   0.16585
        83   0.16639
        84   0.17129
        85   0.19304
        86   0.20500
        87   0.21479
        88   0.22240
        89   0.22838
        90   0.23491
        91   0.24035
        92   0.24579
        93   0.25068
        94   0.25503
        95   0.25884
        96   0.26264
        97   0.26536
        98   0.26862
        99   0.27080
       100   0.27352
       101   0.27624
       102   0.27841
       103   0.28113
       104   0.28331
       105   0.28548
       106   0.28766
       107   0.28983
       108   0.29201
       109   0.29418
       110   0.29581
       111   0.29853
       112   0.30071
       113   0.30125
       114   0.30343
       115   0.30506
       116   0.30723
       117   0.30886
       118   0.31049
       119   0.31158
       120   0.31430
       121   0.31539
       122   0.31648
       123   0.31865
       124   0.32028
       125   0.32137
       126   0.32355
       127   0.32463
       128   0.32572
       129   0.32790
       130   0.32898
       131   0.33007
       132   0.33170
       133   0.33225
       134   0.33388
       135   0.33442
       136   0.33605
       137   0.33660
       138   0.33768
       139   0.33877
       140   0.33986
       141   0.34095
       142   0.34258
       143   0.34367
       144   0.34367
       145   0.34530
       146   0.34638
       147   0.34693
       148   0.34802
       149   0.34856
       150   0.35019
       151   0.35073
       152   0.35182
       153   0.35237
       154   0.35291
       155   0.35454
       156   0.35563
       157   0.35617
       158   0.35672
       159   0.35672
       160   0.35780
       161   0.35835
       162   0.35835
       163   0.35889
       164   0.35943
       165   0.35943
       166   0.35943
       167   0.36052
       168   0.36052
       169   0.36161
       170   0.36107
       171   0.36215
       172   0.36215
       173   0.36215
       174   0.36270
       175   0.36378
       176   0.36378
       177   0.36433
       178   0.36487
       179   0.36433
       180   0.36487
       181   0.36542
       182   0.36542
       183   0.36596
       184   0.36650
       185   0.36650
       186   0.36650
       187   0.36705
       188   0.36759
       189   0.36813
       190   0.36868
       191   0.36813
       192   0.36868
       193   0.36922
       194   0.36868
       195   0.36977
       196   0.36977
       197   0.36922
       198   0.37031
       199   0.37031
       200   0.37031
       201   0.37085
       202   0.37085
       203   0.37140
       204   0.37140
       205   0.37194
       206   0.37194
       207   0.37140
       208   0.37249
       209   0.37249
       210   0.37249
       211   0.37303
       212   0.37303
       213   0.37357
       214   0.37303
       215   0.37412
       216   0.37412
       217   0.37357
       218   0.37412
       219   0.37357
       220   0.37357
       221   0.37412
       222   0.37412
       223   0.37466
       224   0.37412
       225   0.37412
       226   0.37520
       227   0.37466
       228   0.37520
       229   0.37466
       230   0.37412
       231   0.37466
       232   0.37466
       233   0.37520
       234   0.37520
       235   0.37466
       236   0.37520
       237   0.37466
       238   0.37466
       239   0.37520
       240   0.37412
       241   0.37412
       242   0.37466
       243   0.37412
       244   0.37412
       245   0.37412
       246   0.37357
       247   0.37412
       248   0.37357
       249   0.38119
       250   0.38608
       251   0.38880
       252   0.39097
       253   0.39369
       254   0.39532
       255   0.39641
       256   0.39859
       257   0.39913
       258   0.40022
       259   0.40131
       260   0.40239
       261   0.40239
       262   0.40348
       263   0.40402
       264   0.40402
       265   0.40511
       266   0.40511
       267   0.40566
       268   0.40620
       269   0.40620
       270   0.40620
       271   0.40566
       272   0.40566
       273   0.40566
       274   0.40620
       275   0.40566
       276   0.40457
       277   0.40511
       278   0.40402
       279   0.40402
       280   0.40402
       281   0.40239
       282   0.40239
       283   0.40131
       284   0.40022
       285   0.39967
       286   0.39913
       287   0.39750
       288   0.39695
       289   0.39532
       290   0.39478
       291   0.39315
       292   0.39260
       293   0.38989
       294   0.38880
       295   0.38771
       296   0.38608
       297   0.38390
       298   0.38282
       299   0.38064
       300   0.37955
       301   0.37684
       302   0.37466
       303   0.37357
       304   0.37031
       305   0.36922
       306   0.36596
       307   0.36324
       308   0.36161
       309   0.35835
       310   0.35563
       311   0.35237
       312   0.35073
       313   0.34747
       314   0.34421
       315   0.34095
       316   0.33714
       317   0.33333
       318   0.33007
       319   0.32681
       320   0.32246
       321   0.31865
       322   0.31430
       323   0.30995
       324   0.30614
       325   0.30125
       326   0.29690
       327   0.29255
       328   0.28711
       329   0.28222
       330   0.27732
       331   0.27243
       332   0.26699
       333   0.26210
       334   0.25557
       335   0.25666
       336   0.26156
       337   0.26645
       338   0.27134
       339   0.27624
       340   0.28113
       341   0.28603
       342   0.29146
       343   0.29581
       344   0.30016
       345   0.30343
       346   0.30778
       347   0.31158
       348   0.31485
       349   0.31920
       350   0.32246
       351   0.32518
       352   0.32898
       353   0.33225
       354   0.33660
       355   0.33931
       356   0.34367
       357   0.34638
       358   0.35019
       359   0.35291
       360   0.35617
       361   0.35889
       362   0.36324
       363   0.36596
       364   0.36868
       365   0.37194
       366   0.37520
       367   0.37847
       368   0.38119
       369   0.38445
       370   0.38771
       371   0.38989
       372   0.39315
       373   0.39587
       374   0.39859
       375   0.40239
       376   0.40457
       377   0.40729
       378   0.41055
       379   0.41272
       380   0.41544
       381   0.41871
       382   0.42088
       383   0.42414
       384   0.42686
       385   0.42904
       386   0.43176
       387   0.43448
       388   0.43719
       389   0.44154
       390   0.44698
       391   0.45188
       392   0.45459
       393   0.45895
       394   0.46275
       395   0.46656
       396   0.46928
       397   0.47200
       398   0.47635
       399   0.47906
       400   0.48178
       401   0.48505
       402   0.48777
       403   0.48994
       404   0.49320
       405   0.49592
       406   0.49864
       407   0.50082
       408   0.50245
       409   0.50571
       410   0.50843
       411   0.51115
       412   0.51332
       413   0.51550
       414   0.51767
       415   0.51985
       416   0.52094
       417   0.52311
       418   0.52529
       419   0.52746
       420   0.52964
       421   0.53181
       422   0.53344
       423   0.53507
       424   0.53725
       425   0.53942
       426   0.54051
       427   0.54269
       428   0.54432
       429   0.54541
       430   0.54704
       431   0.54812
       432   0.54976
       433   0.55139
       434   0.55302
       435   0.55465
       436   0.55574
       437   0.55737
       438   0.55846
       439   0.56063
       440   0.56117
       441   0.56281
       442   0.56335
       443   0.56552
       444   0.56498
       445   0.56661
       446   0.56824
       447   0.56987
       448   0.56987
       449   0.57151
       450   0.57259
       451   0.57314
       452   0.57423
       453   0.57531
       454   0.57531
       455   0.57694
       456   0.57803
       457   0.57803
       458   0.57912
       459   0.57966
       460   0.58021
       461   0.58129
       462   0.58129
       463   0.58293
       464   0.58347
       465   0.58347
       466   0.58401
       467   0.58401
       468   0.58564
       469   0.58619
       470   0.58619
       471   0.58673
       472   0.58619
       473   0.58728
       474   0.58728
       475   0.58782
       476   0.58728
       477   0.58836
       478   0.58836
       479   0.58836
       480   0.58891
       481   0.58836
       482   0.59054
       483   0.59163
       484   0.59326
       485   0.59434
       486   0.59652
       487   0.59761
       488   0.59869
       489   0.59869
       490   0.60033
       491   0.60087
       492   0.60087
       493   0.60141
       494   0.60250
       495   0.60305
       496   0.60305
       497   0.60305
       498   0.60468
       499   0.60468
       500   0.60522
       501   0.60522
       502   0.60903
       503   0.61120
       504   0.61338
       505   0.61501
       506   0.61664
       507   0.61881
       508   0.61936
       509   0.62045
       510   0.62099
       511   0.62316
       512   0.62316
       513   0.62371
       514   0.62371
       515   0.62534
       516   0.62534
       517   0.62534
       518   0.62643
       519   0.62588
       520   0.62697
       521   0.62751
       522   0.62588
       523   0.62588
       524   0.62643
       525   0.62643
       526   0.62643
       527   0.62534
       528   0.62480
       529   0.62480
       530   0.62480
       531   0.62425
       532   0.62316
       533   0.62153
       534   0.62208
       535   0.62153
       536   0.61936
       537   0.61827
       538   0.61773
       539   0.61664
       540   0.61501
       541   0.61338
       542   0.61175
       543   0.60848
       544   0.60522
       545   0.60359
       546   0.59978
       547   0.59706
       548   0.59217
       549   0.58728
       550   0.58129
       551   0.57368
       552   0.56009
       553   0.56009
       554   0.56009
       555   0.55954
       556   0.55846
       557   0.55846
       558   0.55846
       559   0.55791
       560   0.55791
       561   0.55737
       562   0.55682
       563   0.55628
       564   0.55574
       565   0.55574
       566   0.55519
       567   0.55465
       568   0.55411
       569   0.55302
       570   0.55356
       571   0.55302
       572   0.55247
       573   0.55139
       574   0.55084
       575   0.55030
       576   0.55030
       577   0.54921
       578   0.54921
       579   0.54812
       580   0.54704
       581   0.54649
       582   0.54595
       583   0.54541
       584   0.54486
       585   0.54432
       586   0.54323
       587   0.54214
       588   0.54105
       589   0.54051
       590   0.54051
       591   0.53942
       592   0.53834
       593   0.53725
       594   0.53670
       595   0.53562
       596   0.53507
       597   0.53399
       598   0.53344
       599   0.53235
       600   0.53127
       601   0.53018
       602   0.52964
       603   0.52800
       604   0.52746
       605   0.52637
       606   0.52420
       607   0.52311
       608   0.52148
       609   0.51930
       610   0.51713
       611   0.51441
       612   0.49320
       613   0.47145
       614   0.46656
       615   0.46166
       616   0.45895
       617   0.45514
       618   0.45188
       619   0.44970
       620   0.44644
       621   0.44372
       622   0.44100
       623   0.43828
       624   0.43611
       625   0.43393
       626   0.43121
       627   0.42795
       628   0.42632
       629   0.42414
       630   0.42142
       631   0.41871
       632   0.41762
       633   0.41599
       634   0.41381
       635   0.41218
       636   0.40946
       637   0.40837
       638   0.40620
       639   0.40457
       640   0.40131
       641   0.39859
       642   0.39587
       643   0.39206
       644   0.38934
       645   0.38608
       646   0.38282
       647   0.37847
       648   0.37466
       649   0.37140
       650   0.36705
       651   0.36161
       652   0.35617
       653   0.34747
       654   0.33986
       655   0.33823
       656   0.33605
       657   0.33388
       658   0.33225
       659   0.32953
       660   0.32735
       661   0.32518
       662   0.32191
       663   0.31920
       664   0.31593
       665   0.31267
       666   0.30941
       667   0.30506
       668   0.30125
       669   0.29799
       670   0.29418
       671   0.29092
       672   0.28766
       673   0.28439
       674   0.28113
       675   0.27896
       676   0.27569
       677   0.27297
       678   0.27080
       679   0.26808
       680   0.26591
       681   0.26264
       682   0.26101
       683   0.25829
       684   0.25666
       685   0.25449
       686   0.25177
       687   0.25014
       688   0.24742
       689   0.24579
       690   0.24307
       691   0.24144
       692   0.23926
       693   0.23980
       694   0.24252
       695   0.24579
       696   0.24850
       697   0.25122
       698   0.25449
       699   0.25721
       700   0.26047
       701   0.26427
       702   0.26754
       703   0.27080
       704   0.27461
       705   0.27896
       706   0.28276
       707   0.28657
       708   0.29038
       709   0.29473
       710   0.29853
       711   0.30125
       712   0.30397
       713   0.30669
       714   0.30941
       715   0.31158
       716   0.31376
       717   0.31539
       718   0.31702
       719   0.31865
       720   0.32028
       721   0.32191
       722   0.32246
       723   0.32409
       724   0.32409
       725   0.32572
       726   0.32681
       727   0.32735
       728   0.32844
       729   0.32844
       730   0.32953
       731   0.33007
       732   0.33388
       733   0.34095
       734   0.34475
       735   0.34856
       736   0.35073
       737   0.35345
       738   0.35617
       739   0.35780
       740   0.35998
       741   0.36215
       742   0.36378
       743   0.36542
       744   0.36650
       745   0.36759
       746   0.36922
       747   0.36977
       748   0.37085
       749   0.37085
       750   0.37194
       751   0.37357
       752   0.37357
       753   0.37466
       754   0.37466
       755   0.37575
       756   0.37684
       757   0.37684
       758   0.37792
       759   0.37847
       760   0.37901
       761   0.37955
       762   0.38010
       763   0.38064
       764   0.38119
       765   0.38173
       766   0.38173
       767   0.38064
       768   0.38064
       769   0.38064
       770   0.38010
       771   0.38010
       772   0.37955
       773   0.37901
       774   0.37901
       775   0.37738
       776   0.37738
       777   0.37738
       778   0.37575
       779   0.37520
       780   0.37412
       781   0.37303
       782   0.37194
       783   0.36977
       784   0.36813
       785   0.36596
       786   0.36378
       787   0.35943
       788   0.35073
       789   0.35182
       790   0.35237
       791   0.35345
       792   0.35400
       793   0.35508
       794   0.35563
       795   0.35672
       796   0.35726
       797   0.35835
       798   0.35889
       799   0.35998
       800   0.36052
       801   0.36107
       802   0.36215
       803   0.36270
       804   0.36324
       805   0.36378
       806   0.36487
       807   0.36542
       808   0.36596
       809   0.36705
       810   0.36759
       811   0.36868
       812   0.36922
       813   0.36922
       814   0.37031
       815   0.37085
       816   0.37194
       817   0.37249
       818   0.37303
       819   0.37357
       820   0.37412
       821   0.37466
       822   0.37575
       823   0.37629
       824   0.37738
       825   0.37738
       826   0.37792
       827   0.37901
       828   0.37955
       829   0.38010
       830   0.38064
       831   0.38119
       832   0.38173
       833   0.38282
       834   0.38336
       835   0.38336
       836   0.38390
       837   0.38445
       838   0.38390
       839   0.38499
       840   0.38445
       841   0.38445
       842   0.38499
       843   0.38554
       844   0.38554
       845   0.38554
       846   0.38554
       847   0.38662
       848   0.38608
       849   0.38608
       850   0.38717
       851   0.38717
       852   0.38717
       853   0.38717
       854   0.38771
       855   0.38771
       856   0.38825
       857   0.38825
       858   0.38825
       859   0.38934
       860   0.38880
       861   0.38880
       862   0.38989
       863   0.38989
       864   0.38989
       865   0.39097
       866   0.39043
       867   0.39043
       868   0.39152
       869   0.39152
       870   0.39152
       871   0.39206
       872   0.39206
       873   0.39859
       874   0.40348
       875   0.40620
       876   0.40837
       877   0.41164
       878   0.41327
       879   0.41544
       880   0.41762
       881   0.41871
       882   0.42034
       883   0.42142
       884   0.42306
       885   0.42469
       886   0.42632
       887   0.43828
       888   0.44372
       889   0.44861
       890   0.45405
       891   0.45677
       892   0.46112
       893   0.46493
       894   0.46710
       895   0.47036
       896   0.47308
       897   0.47580
       898   0.47906
       899   0.48124
       900   0.48450
       901   0.48613
       902   0.48940
       903   0.49212
       904   0.49429
       905   0.49483
       906   0.49810
       907   0.50027
       908   0.50245
       909   0.50408
       910   0.50625
       911   0.50788
       912   0.51006
       913   0.51169
       914   0.51332
       915   0.51495
       916   0.51713
       917   0.51822
       918   0.51985
       919   0.52148
       920   0.52365
       921   0.52420
       922   0.52637
       923   0.53072
       924   0.53670
       925   0.54160
       926   0.54323
       927   0.54541
       928   0.54649
       929   0.54867
       930   0.55030
       931   0.55193
       932   0.55356
       933   0.55465
       934   0.55737
       935   0.55791
       936   0.55900
       937   0.56009
       938   0.56226
       939   0.56281
       940   0.56389
       941   0.56552
       942   0.56661
       943   0.56824
       944   0.56987
       945   0.57096
       946   0.57096
       947   0.57259
       948   0.57477
       949   0.57477
       950   0.57586
       951   0.57694
       952   0.57858
       953   0.57966
       954   0.58021
       955   0.58184
       956   0.58293
       957   0.58456
       958   0.58619
       959   0.58728
       960   0.58945
       961   0.59108
       962   0.59271
       963   0.59489
       964   0.59869
       965   0.60250
       966   0.60848
       967   0.61446
       968   0.61718
       969   0.61936
       970   0.61990
       971   0.61718
       972   0.61175
       973   0.60685
       974   0.60631
       975   0.60631
       976   0.60522
       977   0.60413
       978   0.60305
       979   0.60141
       980   0.59924
       981   0.60359
       982   0.60848
       983   0.62643
       984   0.64057
       985   0.66504
       986   0.68080
       987   0.69494
       988   0.71017
       989   0.72703
       990   0.75150
       991   0.75693
       992   0.76128
       993   0.76563
       994   0.76890
       995   0.77216
       996   0.77597
       997   0.77868
       998   0.77923
       999   0.78032
      1000   0.78086
      1001   0.78140
      1002   0.78195
      1003   0.78249
      1004   0.78412
      1005   0.78412
      1006   0.78467
      1007   0.78521
      1008   0.78521
      1009   0.78521
      1010   0.78575
      1011   0.78630
      1012   0.78684
      1013   0.78684
      1014   0.78738
      1015   0.78738
      1016   0.78684
      1017   0.78793
      1018   0.78793
      1019   0.78793
      1020   0.78793
      1021   0.78902
      1022   0.78793
      1023   0.78847
      1024   0.78902
      1025   0.78902
      1026   0.78902
      1027   0.78902
      1028   0.78902
      1029   0.78847
      1030   0.78956
      1031   0.78847
      1032   0.78902
      1033   0.78902
      1034   0.78847
      1035   0.78847
      1036   0.78902
      1037   0.78847
      1038   0.78793
      1039   0.78847
      1040   0.78793
      1041   0.78738
      1042   0.78847
      1043   0.78738
      1044   0.78738
      1045   0.77705
      1046   0.77053
      1047   0.76563
      1048   0.76183
      1049   0.75748
      1050   0.75476
      1051   0.75204
      1052   0.74823
      1053   0.74660
      1054   0.74388
      1055   0.74116
      1056   0.73899
      1057   0.73627
      1058   0.73464
      1059   0.73192
      1060   0.73029
      1061   0.72866
      1062   0.72594
      1063   0.72485
      1064   0.72213
      1065   0.71996
      1066   0.71833
      1067   0.71561
      1068   0.71397
      1069   0.71234
      1070   0.71017
      1071   0.70854
      1072   0.70636
      1073   0.70419
      1074   0.70201
      1075   0.69929
      1076   0.69657
      1077   0.69386
      1078   0.69168
      1079   0.68842
      1080   0.68624
      1081   0.68352
      1082   0.68080
      1083   0.67809
      1084   0.67482
      1085   0.67265
      1086   0.67047
      1087   0.66667
      1088   0.66504
      1089   0.66232
      1090   0.65905
      1091   0.65579
      1092   0.65362
      1093   0.64981
      1094   0.64872
      1095   0.64437
      1096   0.64220
      1097   0.63893
      1098   0.63676
      1099   0.63295
      1100   0.63187
      1101   0.62751
      1102   0.62643
      1103   0.62153
      1104   0.61827
      1105   0.61501
      1106   0.61175
      1107   0.60848
      1108   0.60413
      1109   0.60087
      1110   0.59706
      1111   0.59489
      1112   0.58999
      1113   0.58728
      1114   0.58293
      1115   0.58021
      1116   0.57640
      1117   0.57314
      1118   0.56716
      1119   0.56335
      1120   0.56009
      1121   0.55519
      1122   0.55030
      1123   0.54323
      1124   0.53235
      1125   0.52855
      1126   0.52746
      1127   0.52692
      1128   0.52529
      1129   0.52529
      1130   0.52474
      1131   0.52311
      1132   0.52311
      1133   0.52148
      1134   0.52039
      1135   0.52039
      1136   0.51876
      1137   0.51767
      1138   0.51876
      1139   0.51713
      1140   0.51713
      1141   0.51550
      1142   0.51387
      1143   0.51332
      1144   0.51332
      1145   0.51278
      1146   0.51223
      1147   0.51115
      1148   0.51115
      1149   0.51060
      1150   0.50897
      1151   0.50843
      1152   0.50734
      1153   0.50734
      1154   0.50680
      1155   0.50625
      1156   0.50462
      1157   0.50462
      1158   0.50353
      1159   0.50353
      1160   0.50245
      1161   0.50190
      1162   0.50027
      1163   0.50027
      1164   0.49918
      1165   0.49755
      1166   0.49755
      1167   0.49592
      1168   0.49592
      1169   0.49375
      1170   0.49266
      1171   0.49157
      1172   0.49048
      1173   0.48940
      1174   0.48777
      1175   0.48613
      1176   0.48341
      1177   0.48178
      1178   0.47961
      1179   0.47743
      1180   0.47363
      1181   0.46928
      1182   0.46601
      1183   0.46058
      1184   0.45405
      1185   0.44263
      1186   0.42686
      1187   0.42904
      1188   0.43121
      1189   0.43176
      1190   0.43393
      1191   0.43502
      1192   0.43719
      1193   0.43883
      1194   0.44100
      1195   0.44318
      1196   0.44426
      1197   0.44698
      1198   0.45024
      1199   0.45296
      1200   0.45623
      1201   0.46003
      1202   0.46384
      1203   0.46982
      1204   0.48070
      1205   0.48015
      1206   0.48015
      1207   0.48015
      1208   0.48015
      1209   0.48015
      1210   0.48015
      1211   0.47961
      1212   0.47906
      1213   0.47906
      1214   0.47906
      1215   0.47852
      1216   0.47852
      1217   0.47852
      1218   0.47852
      1219   0.47689
      1220   0.47689
      1221   0.47635
      1222   0.47580
      1223   0.47526
      1224   0.47526
      1225   0.47471
      1226   0.47417
      1227   0.47308
      1228   0.47200
      1229   0.47091
      1230   0.46982
      1231   0.46928
      1232   0.46710
      1233   0.46601
      1234   0.46384
      1235   0.46166
      1236   0.45895
      1237   0.45351
      1238   0.45296
      1239   0.45242
      1240   0.45079
      1241   0.45024
      1242   0.44807
      1243   0.44644
      1244   0.44481
      1245   0.44372
      1246   0.44263
      1247   0.44263
      1248   0.44209
      1249   0.44154
      1250   0.44154
      1251   0.43991
      1252   0.43937
      1253   0.43937
      1254   0.43883
      1255   0.43828
      1256   0.43719
      1257   0.43665
      1258   0.43611
      1259   0.43611
      1260   0.43556
      1261   0.43448
      1262   0.43339
      1263   0.43284
      1264   0.43230
      1265   0.43176
      1266   0.43067
      1267   0.43067
      1268   0.42958
      1269   0.42904
      1270   0.42849
      1271   0.43502
      1272   0.43719
      1273   0.43665
      1274   0.43774
      1275   0.43774
      1276   0.43828
      1277   0.43828
      1278   0.43774
      1279   0.43828
      1280   0.43774
      1281   0.43774
      1282   0.43774
      1283   0.43719
      1284   0.43665
      1285   0.43665
      1286   0.43556
      1287   0.43556
      1288   0.43448
      1289   0.43448
      1290   0.43393
      1291   0.43393
      1292   0.43284
      1293   0.43176
      1294   0.43176
      1295   0.43121
      1296   0.43067
      1297   0.42904
      1298   0.42849
      1299   0.42795
      1300   0.42741
      1301   0.42632
      1302   0.42523
      1303   0.42469
      1304   0.42414
      1305   0.42251
      1306   0.42142
      1307   0.42088
      1308   0.42034
      1309   0.41871
      1310   0.41762
      1311   0.41707
      1312   0.41599
      1313   0.41490
      1314   0.41381
      1315   0.41272
      1316   0.41164
      1317   0.41001
      1318   0.40892
      1319   0.40729
      1320   0.40674
      1321   0.40511
      1322   0.40348
      1323   0.40239
      1324   0.40131
      1325   0.39967
      1326   0.39804
      1327   0.39587
      1328   0.39587
      1329   0.39478
      1330   0.39315
      1331   0.39043
      1332   0.38989
      1333   0.38934
      1334   0.38880
      1335   0.38880
      1336   0.38825
      1337   0.38771
      1338   0.38608
      1339   0.38554
      1340   0.38390
      1341   0.38390
      1342   0.38227
      1343   0.38119
      1344   0.37847
      1345   0.37684
      1346   0.37466
      1347   0.37194
      1348   0.36922
      1349   0.36324
      1350   0.35345
      1351   0.35400
      1352   0.35508
      1353   0.35508
      1354   0.35563
      1355   0.35672
      1356   0.35672
      1357   0.35780
      1358   0.35835
      1359   0.35835
      1360   0.35943
      1361   0.35998
      1362   0.35998
      1363   0.36107
      1364   0.36215
      1365   0.36270
      1366   0.36324
      1367   0.36433
      1368   0.36487
      1369   0.36542
      1370   0.36650
      1371   0.36650
      1372   0.36759
      1373   0.36759
      1374   0.36813
      1375   0.36922
      1376   0.36922
      1377   0.36977
      1378   0.37085
      1379   0.37085
      1380   0.37140
      1381   0.37194
      1382   0.37249
      1383   0.37303
      1384   0.37303
      1385   0.37412
      1386   0.37412
      1387   0.37466
      1388   0.37520
      1389   0.37520
      1390   0.37575
      1391   0.37629
      1392   0.37684
      1393   0.37738
      1394   0.37738
      1395   0.37792
      1396   0.37847
      1397   0.37847
      1398   0.37955
      1399   0.38010
      1400   0.38010
      1401   0.37466
      1402   0.36542
      1403   0.35889
      1404   0.35508
      1405   0.35237
      1406   0.34910
      1407   0.34638
      1408   0.34475
      1409   0.34258
      1410   0.34040
      1411   0.33877
      1412   0.33714
      1413   0.33605
      1414   0.33442
      1415   0.33333
      1416   0.33225
      1417   0.33116
      1418   0.32953
      1419   0.32898
      1420   0.32790
      1421   0.32735
      1422   0.32681
      1423   0.32572
      1424   0.32518
      1425   0.32463
      1426   0.32409
      1427   0.32355
      1428   0.32300
      1429   0.32300
      1430   0.32246
      1431   0.32191
      1432   0.32137
      1433   0.32083
      1434   0.32137
      1435   0.32083
      1436   0.32137
      1437   0.32137
      1438   0.32083
      1439   0.32083
      1440   0.32028
      1441   0.32028
      1442   0.32028
      1443   0.32028
      1444   0.32028
      1445   0.32083
      1446   0.32083
      1447   0.32137
      1448   0.32137
      1449   0.32191
      1450   0.32191
      1451   0.32191
      1452   0.32191
      1453   0.32246
      1454   0.32191
      1455   0.32246
      1456   0.32355
      1457   0.32409
      1458   0.32409
      1459   0.32409
      1460   0.32463
      1461   0.32518
      1462   0.32572
      1463   0.32626
      1464   0.32681
      1465   0.32681
      1466   0.32735
      1467   0.32790
      1468   0.32844
      1469   0.32953
      1470   0.33007
      1471   0.33061
      1472   0.33116
      1473   0.33170
      1474   0.33170
      1475   0.33279
      1476   0.33333
      1477   0.33388
      1478   0.33496
      1479   0.33551
      1480   0.33660
      1481   0.33660
      1482   0.33768
      1483   0.33823
      1484   0.33931
      1485   0.34040
      1486   0.34095
      1487   0.34095
      1488   0.34258
      1489   0.34312
      1490   0.34421
      1491   0.34475
      1492   0.34584
      1493   0.34638
      1494   0.34747
      1495   0.34856
      1496   0.34910
      1497   0.34965
      1498   0.35128
      1499   0.35182
      1500   0.35291
      1501   0.35400
      1502   0.35508
      1503   0.35563
      1504   0.35672
      1505   0.35835
      1506   0.35835
      1507   0.35998
      1508   0.36052
      1509   0.36215
      1510   0.36270
      1511   0.36378
      1512   0.36487
      1513   0.36650
      1514   0.36705
      1515   0.36868
      1516   0.36977
      1517   0.37031
      1518   0.37194
      1519   0.37303
      1520   0.37357
      1521   0.37575
      1522   0.37629
      1523   0.37792
      1524   0.37901
      1525   0.38010
      1526   0.38119
      1527   0.38336
      1528   0.38390
      1529   0.38499
      1530   0.38662
      1531   0.38771
      1532   0.38989
      1533   0.39097
      1534   0.39206
      1535   0.39424
      1536   0.39532
      1537   0.39641
      1538   0.39859
      1539   0.39967
      1540   0.40131
      1541   0.40239
      1542   0.40402
      1543   0.40620
      1544   0.40729
      1545   0.40892
      1546   0.41109
      1547   0.41327
      1548   0.41490
      1549   0.41653
      1550   0.41816
      1551   0.42088
      1552   0.42360
      1553   0.42632
      1554   0.42849
      1555   0.43067
      1556   0.43393
      1557   0.43719
      1558   0.44154
      1559   0.44698
      1560   0.45677
      1561   0.45731
      1562   0.45731
      1563   0.45786
      1564   0.47308
      1565   0.48233
      1566   0.48885
      1567   0.49483
      1568   0.49864
      1569   0.50353
      1570   0.50734
      1571   0.51115
      1572   0.51441
      1573   0.51767
      1574   0.52039
      1575   0.52311
      1576   0.52637
      1577   0.52909
      1578   0.53072
      1579   0.53399
      1580   0.53616
      1581   0.53779
      1582   0.53942
      1583   0.54269
      1584   0.54377
      1585   0.54595
      1586   0.54704
      1587   0.54976
      1588   0.55139
      1589   0.55302
      1590   0.55465
      1591   0.56824
      1592   0.57205
      1593   0.57586
      1594   0.57803
      1595   0.58021
      1596   0.58238
      1597   0.58401
      1598   0.58619
      1599   0.58728
      1600   0.58836
      1601   0.58999
      1602   0.59163
      1603   0.59217
      1604   0.59271
      1605   0.59489
      1606   0.59543
      1607   0.59706
      1608   0.59815
      1609   0.59978
      1610   0.60087
      1611   0.60250
      1612   0.60359
      1613   0.60522
      1614   0.60631
      1615   0.60794
      1616   0.60848
      1617   0.60903
      1618   0.60957
      1619   0.60957
      1620   0.61011
      1621   0.61066
      1622   0.61066
      1623   0.61175
      1624   0.61120
      1625   0.61175
      1626   0.61175
      1627   0.61120
      1628   0.61175
      1629   0.61175
      1630   0.61229
      1631   0.61120
      1632   0.61175
      1633   0.61175
      1634   0.61066
      1635   0.61120
      1636   0.61120
      1637   0.61066
      1638   0.61011
      1639   0.61011
      1640   0.60196
      1641   0.59380
      1642   0.58728
      1643   0.58401
      1644   0.57966
      1645   0.57531
      1646   0.57259
      1647   0.56879
      1648   0.56661
      1649   0.56335
      1650   0.56009
      1651   0.55682
      1652   0.55411
      1653   0.55084
      1654   0.54867
      1655   0.54595
      1656   0.54269
      1657   0.53997
      1658   0.53779
      1659   0.53453
      1660   0.53181
      1661   0.52964
      1662   0.52637
      1663   0.52420
      1664   0.52148
      1665   0.51822
      1666   0.51604
      1667   0.51332
      1668   0.51060
      1669   0.50734
      1670   0.50462
      1671   0.50245
      1672   0.49973
      1673   0.49701
      1674   0.49483
      1675   0.49103
      1676   0.48831
      1677   0.48613
      1678   0.48287
      1679   0.48070
      1680   0.47798
      1681   0.47471
      1682   0.47091
      1683   0.46928
      1684   0.46656
      1685   0.46275
      1686   0.45949
      1687   0.45731
      1688   0.45514
      1689   0.45188
      1690   0.44807
      1691   0.44372
      1692   0.44154
      1693   0.43665
      1694   0.43339
      1695   0.42958
      1696   0.42686
      1697   0.42251
      1698   0.41816
      1699   0.41381
      1700   0.41164
      1701   0.40892
      1702   0.40729
      1703   0.40511
      1704   0.40294
      1705   0.39967
      1706   0.39750
      1707   0.39532
      1708   0.39315
      1709   0.38989
      1710   0.38825
      1711   0.38445
      1712   0.38173
      1713   0.37955
      1714   0.37738
      1715   0.37466
      1716   0.37249
      1717   0.36868
      1718   0.36705
      1719   0.36378
      1720   0.36161
      1721   0.35835
      1722   0.35508
      1723   0.35237
      1724   0.34910
      1725   0.34584
      1726   0.34312
      1727   0.33931
      1728   0.33660
      1729   0.33333
      1730   0.32953
      1731   0.32626
      1732   0.32246
      1733   0.31865
      1734   0.31485
      1735   0.30995
      1736   0.30614
      1737   0.29908
      1738   0.28548
      1739   0.28167
      1740   0.27678
      1741   0.27026
      1742   0.26264
      1743   0.25340
      1744   0.24198
      1745   0.24089
      1746   0.23926
      1747   0.23817
      1748   0.23654
      1749   0.23545
      1750   0.23382
      1751   0.23219
      1752   0.23056
      1753   0.22947
      1754   0.22784
      1755   0.22621
      1756   0.22458
      1757   0.22240
      1758   0.21968
      1759   0.21642
      1760   0.21425
      1761   0.21098
      1762   0.20827
      1763   0.20446
      1764   0.20174
      1765   0.19848
      1766   0.19521
      1767   0.19195
      1768   0.18815
      1769   0.18380
      1770   0.18053
      1771   0.17564
      1772   0.17074
      1773   0.16476
      1774   0.15715
      1775   0.14682
      1776   0.14628
      1777   0.14464
      1778   0.14356
      1779   0.14192
      1780   0.14084
      1781   0.13921
      1782   0.13866
      1783   0.13703
      1784   0.13594
      1785   0.13431
      1786   0.13322
      1787   0.13159
      1788   0.13051
      1789   0.12887
      1790   0.12779
      1791   0.12616
      1792   0.12561
      1793   0.12398
      1794   0.12289
      1795   0.12126
      1796   0.12017
      1797   0.11854
      1798   0.11746
      1799   0.11582
      1800   0.11474
      1801   0.11365
      1802   0.11202
      1803   0.11093
      1804   0.10930
      1805   0.10821
      1806   0.10658
      1807   0.10495
      1808   0.10332
      1809   0.10223
      1810   0.10060
      1811   0.09951
      1812   0.09788
      1813   0.09679
      1814   0.09570
      1815   0.09462
      1816   0.09407
      1817   0.09353
      1818   0.09299
      1819   0.09244
      1820   0.09190
      1821   0.09135
      1822   0.09081
      1823   0.09027
      1824   0.08972
      1825   0.08918
      1826   0.08864
      1827   0.08809
      1828   0.08755
      1829   0.08700
      1830   0.08646
      1831   0.08592
      1832   0.08537
      1833   0.08483
      1834   0.08428
      1835   0.08374
      1836   0.08320
      1837   0.08265
      1838   0.08211
      1839   0.08157
