0 0 0 
0.267184 -1.73159 -3.37056 
-0.912914 -5.08246 -4.72639 
2.65122 -6.13687 -5.53079 
4.25305 -4.79968 -2.3423 
4.01284 -8.11635 -0.498392 
5.74305 -9.80974 -3.4369 
8.5546 -7.24768 -3.64942 
9.15255 -7.59193 0.107582 
9.38259 -11.3652 -0.294817 
11.7884 -10.8682 -3.20972 
13.9106 -8.42871 -1.21509 
14.2583 -11.0492 1.53214 
15.0164 -14.0985 -0.625325 
17.6234 -11.949 -2.39129 
19.023 -10.6098 0.875569 
19.2664 -14.0311 2.52507 
20.8938 -15.3362 -0.638967 
23.6159 -12.6955 -0.527243 
24.015 -12.9261 3.24842 
24.5532 -16.6679 2.85513 
27.2992 -16.4356 0.225647 
29.4474 -14.5436 2.73327 
28.977 -12.6261 5.98828 
32.1097 -10.4613 5.83969 
31.0742 -8.05481 3.07691 
28.7924 -5.00736 3.0738 
25.491 -5.652 1.29018 
23.5099 -3.03008 -0.593469 
21.015 -3.5399 -3.406 
17.6742 -2.36026 -4.74515 
14.9228 -4.97044 -4.66214 
12.7326 -2.50383 -6.54864 
15.1613 -1.60826 -9.36313 
16.0101 -5.25393 -10.027 
12.4215 -6.52333 -9.95242 
11.2364 -3.67823 -12.185 
13.9576 -4.38503 -14.7404 
13.1042 -8.07426 -14.9077 
9.34048 -7.58294 -15.0134 
9.90051 -5.26682 -17.9841 
12.115 -7.88082 -19.6334 
9.53988 -10.6467 -19.2038 
7.40321 -8.66532 -21.641 
9.66661 -9.87697 -24.4404 
9.66854 -13.498 -23.2909 
7.18106 -16.3795 -23.3544 
6.27254 -19.6963 -21.7543 
8.64227 -21.2714 -19.2498 
11.2637 -18.5643 -19.8574 
8.65474 -15.9626 -18.9586 
7.16771 -17.8839 -16.0529 
10.5736 -18.4929 -14.4591 
11.2045 -14.7428 -14.3392 
7.93979 -13.799 -12.6245 
8.1791 -16.6935 -10.1567 
11.7986 -15.7994 -9.38755 
10.4472 -12.3463 -8.51009 
8.21301 -14.051 -5.96154 
4.93704 -13.8002 -7.88913 
2.61028 -16.8263 -7.7864 
1.06413 -16.9111 -11.2599 
-1.69147 -19.27 -10.1111 
-2.94576 -16.5446 -7.77826 
-2.1425 -13.1385 -9.28807 
-3.01066 -12.1634 -12.8605 
-0.134896 -10.8538 -14.966 
-2.01181 -7.64984 -15.82 
-2.07122 -6.82835 -12.1118 
1.67662 -7.40564 -11.89 
2.5287 -4.8942 -14.6214 
0.00422669 -2.3028 -13.4398 
1.5829 -2.75113 -10.0147 
4.99095 -1.85372 -11.4327 
3.39045 0.967627 -13.4168 
1.91664 2.65747 -10.3376 
5.25863 2.18685 -8.58746 
7.08987 4.00977 -11.3713 
4.55222 6.83194 -11.6714 
5.40361 7.44613 -8.01757 
9.18878 7.12518 -7.93513 
9.6452 9.84287 -10.5588 
7.24658 12.7771 -10.3254 
7.98631 16.3933 -11.2238 
7.34203 18.7639 -8.32991 
8.56564 16.1861 -5.79285 
11.9985 14.5637 -5.72532 
13.4314 12.0496 -3.27886 
16.5951 12.5902 -5.29798 
16.867 9.10726 -6.7795 
19.2798 8.58872 -9.67926 
18.3189 5.3121 -11.3496 
18.3851 3.72964 -14.7919 
18.0707 0.516606 -16.782 
19.8136 0.0671489 -20.1331 
19.1955 -2.67633 -22.6906 
22.001 -3.24333 -25.2334 
21.073 -5.36672 -28.2505 
23.2397 -6.4817 -31.1619 
22.8782 -4.33086 -34.2799 
21.6676 -6.38148 -37.2691 
18.9631 -7.83866 -35.0323 
15.3661 -7.38028 -36.1961 
13.733 -6.0362 -33.0277 
9.99543 -6.25051 -32.3794 
8.39977 -2.80745 -32.1971 
5.92195 -3.61445 -29.4146 
8.80733 -4.58524 -27.1365 
10.6822 -1.33472 -27.7615 
7.41254 0.494181 -27.1052 
6.79141 -1.28113 -23.7958 
10.345 -0.676874 -22.5882 
10.357 3.05476 -23.302 
6.66342 3.85212 -22.8141 
5.4997 1.57563 -19.9927 
8.70537 1.05487 -18.0126 
10.2907 4.27462 -19.2592 
13.5728 2.43394 -19.7748 
16.2684 2.71671 -22.4468 
17.115 0.350583 -25.2922 
20.1514 0.787258 -27.5338 
21.6935 -1.01829 -30.4936 
25.446 -1.67377 -30.466 
28.1004 -3.55012 -32.422 
29.0466 -6.48572 -30.2072 
31.4816 -7.48831 -32.9551 
33.7854 -4.97955 -31.2334 
33.7163 -6.06163 -27.5815 
35.879 -3.26516 -26.1647 
33.847 -0.555483 -27.9038 
30.6056 -2.20455 -26.7863 
31.8475 -2.15593 -23.1946 
32.8775 1.48885 -23.5129 
29.4416 2.52809 -24.7841 
27.7051 0.601361 -22.0043 
29.9893 2.0319 -19.3148 
29.7455 5.55088 -20.7586 
25.9628 5.21317 -20.5091 
26.1084 4.44684 -16.7964 
28.758 7.10149 -16.0726 
26.6996 9.7424 -17.8709 
23.5105 8.65622 -16.0905 
25.1433 8.95501 -12.6693 
27.0148 12.1332 -13.5791 
30.2845 10.3265 -12.8654 
29.3972 8.40817 -9.69501 
29.4911 4.9776 -11.3464 
32.3904 4.42123 -13.7564 
33.7143 1.36178 -15.5827 
30.8228 -0.780753 -14.3347 
31.1309 -3.68581 -16.7813 
34.6337 -5.16377 -16.5985 
34.1528 -7.72316 -19.3749 
31.7927 -9.29741 -21.8963 
31.2566 -12.8537 -23.1404 
32.5932 -13.5864 -26.6322 
29.1094 -14.2539 -27.984 
27.3509 -11.3859 -26.2257 
24.3291 -10.2643 -28.2328 
22.1802 -8.79341 -25.444 
23.1957 -7.03127 -22.2181 
21.3255 -5.40826 -19.335 
22.6274 -2.75009 -16.9612 
20.7319 -1.6553 -13.8524 
22.0571 1.17391 -11.7071 
20.8389 3.23284 -8.77107 
22.3616 6.00532 -6.69568 
20.7774 7.44729 -3.56811 
21.8544 10.3899 -1.4273 
18.8303 11.4231 0.625433 
18.1901 14.4556 2.79684 
16.9754 13.8452 6.35944 
13.7801 15.634 7.41077 
15.6114 16.0228 10.7282 
19.3139 16.4046 9.98886 
22.4699 15.9083 12.0071 
24.8614 18.7481 12.8703 
28.2435 18.4627 11.1302 
30.0805 19.9967 14.0925 
28.9064 17.0094 16.1441 
30.3631 14.3899 13.7945 
33.5461 12.8789 15.2917 
35.7025 9.744 15.011 
34.4625 6.73274 16.9759 
35.107 2.99631 17.2782 
33.0978 0.453272 15.2609 
33.1496 -3.14141 16.5435 
33.7197 -5.51123 13.6198 
34.4871 -8.37195 16.0095 
33.6389 -8.70042 19.723 
37.3221 -7.95452 20.3381 
38.2619 -5.7296 17.3911 
37.4549 -2.09435 16.6278 
38.077 0.394411 13.8299 
37.4995 4.15768 13.7035 
34.8666 5.76603 11.488 
33.1846 9.17271 11.2117 
30.1861 9.05021 13.5421 
27.198 11.3671 13.3139 
25.4202 12.0888 16.5865 
22.3588 13.8899 17.8728 
20.1663 14.1864 20.9416 
16.4741 14.4109 20.0545 
13.1071 12.6901 19.7908 
13.4692 9.6266 17.5944 
11.1107 6.9271 16.4231 
13.2575 4.26952 18.0116 
12.6107 1.23437 20.1744 
14.009 -2.08524 21.3405 
12.175 -5.10509 19.9003 
12.1155 -8.30762 21.9304 
11.3508 -10.5615 18.9601 
14.0876 -9.18335 16.7093 
16.4943 -8.87204 19.6344 
17.3837 -5.49806 18.1472 
17.0202 -1.73965 18.4233 
14.8754 -0.431519 15.5469 
15.2241 3.11955 14.2518 
13.0679 4.85527 11.6499 
14.0905 8.18228 10.0849 
12.2668 9.9667 7.26854 
13.9078 11.4407 4.1827 
12.7368 14.5627 2.33803 
10.4204 13.0784 -0.303768 
8.45066 9.8302 0.0188713 
11.0437 7.6047 1.70311 
11.8335 6.16937 5.11788 
14.9862 4.47864 6.39124 
14.7578 1.65931 8.94125 
17.8882 0.655184 10.8802 
18.0522 -2.61817 12.8604 
20.8193 -2.92845 15.494 
21.055 -6.50957 16.7509 
21.9176 -7.27618 20.367 
25.1778 -9.09299 21.1586 
25.2971 -12.1854 18.9441 
21.8328 -11.6591 17.444 
22.6141 -10.55 13.8831 
21.7104 -13.932 12.3828 
18.562 -14.1088 14.5142 
17.6045 -10.6314 13.3129 
18.0687 -11.6748 9.68787 
15.9477 -14.8174 10.071 
13.1297 -13.1623 12.0187 
12.4934 -10.231 9.66036 
9.16652 -10.3213 7.81386 
6.9454 -7.95122 5.83334 
4.28014 -7.94665 8.56425 
6.83891 -6.93741 11.1979 
8.0754 -4.09038 8.98323 
4.56205 -2.83277 8.20246 
3.92383 -2.62658 11.9432 
7.04681 -0.532413 12.4838 
5.99388 1.88286 9.74671 
2.59163 2.27953 11.4131 
4.14767 3.39117 14.7156 
4.72277 7.13462 15.0222 
5.80405 7.29008 18.6608 
8.99826 9.14239 19.5032 
11.241 9.11476 22.5717 
14.4436 10.9362 23.5033 
17.7364 9.23546 22.7255 
21.3808 10.0525 22.0193 
21.8714 8.49535 18.5915 
25.2525 7.73705 17.0408 
24.9874 6.89891 13.3228 
27.9021 6.40574 10.9548 
28.4968 8.7897 8.0671 
29.2449 6.45151 5.17268 
29.1981 5.53932 1.5298 
28.7717 1.90398 0.535751 
28.1907 0.173157 -2.78405 
26.8153 -3.16418 -3.96361 
27.7309 -4.63037 -7.36745 
26.109 -7.8918 -8.4368 
26.0898 -10.2898 -11.3608 
22.3429 -10.8606 -11.7766 
22.8375 -13.9531 -13.9539 
24.5273 -15.6201 -10.995 
22.373 -14.1574 -8.22509 
18.9681 -14.4795 -9.90504 
20.1623 -17.8833 -11.1062 
20.1208 -19.025 -7.47569 
16.5297 -17.763 -7.34642 
15.4762 -19.9707 -10.2557 
15.829 -17.4752 -13.1287 
18.0015 -19.4237 -15.5615 
16.3501 -19.8419 -18.9814 
16.4069 -16.1834 -20.0304 
20.1805 -16.4585 -19.6416 
20.507 -19.6907 -21.6355 
20.4468 -20.9266 -25.2232 
16.8797 -22.1363 -24.6719 
15.7092 -18.5862 -23.9767 
12.3514 -17.7614 -25.5245 
12.8692 -14.0614 -26.2487 
10.5578 -14.1528 -29.2463 
8.96637 -10.9341 -27.9766 
12.3322 -9.21149 -28.4383 
13.5199 -10.6699 -31.7402 
11.19 -12.7375 -33.9106 
13.4717 -14.9019 -36.0535 
16.9746 -15.1385 -34.5782 
18.167 -16.9964 -31.488 
18.7018 -14.7714 -28.4463 
19.6085 -14.8587 -24.761 
20.7493 -12.4109 -22.0606 
24.4688 -13.0657 -21.5737 
25.1447 -10.1025 -19.2993 
23.1272 -8.54317 -16.4777 
24.6515 -6.23567 -13.8733 
23.2707 -4.22437 -10.9723 
25.0666 -1.52823 -8.99487 
23.5344 0.276695 -6.01204 
25.2392 3.27104 -4.40502 
24.2609 4.73939 -1.06085 
25.6319 7.83062 0.672614 
24.5741 8.64906 4.25441 
25.6071 11.9492 5.87443 
24.4225 14.776 8.15582 
22.3567 16.5594 5.52234 
21.7017 15.4644 1.93452 
22.4223 19.027 0.825446 
24.1227 22.2928 1.74919 
20.6873 23.8931 1.45888 
19.7437 24.733 5.0479 
16.366 23.181 5.86325 
13.4988 24.9608 7.61383 
13.9985 25.0675 11.3822 
11.993 23.132 13.9491 
12.0722 22.5391 17.7049 
11.7043 19.1686 19.4387 
10.6708 18.9767 23.1052 
13.2952 16.796 24.7893 
12.6296 15.6374 28.3473 
15.1379 16.0734 31.1655 
15.4035 12.3342 31.8721 
18.4507 10.2592 30.9406 
18.1214 9.37393 27.2603 
19.3145 5.97825 26.0657 
22.5651 5.98749 24.0883 
21.8792 4.01393 20.8835 
25.0258 3.54572 18.8318 
25.2477 1.96278 15.3887 
28.8214 0.939118 16.1262 
28.6468 -2.72923 15.0998 
27.1767 -4.72475 12.1942 
23.6265 -3.61843 11.4328 
20.9029 -4.12865 8.8258 
18.8055 -1.5656 6.97488 
15.9296 -1.00115 4.57111 
14.606 2.07461 2.7704 
10.8519 2.09012 2.14719 
8.82734 4.2407 -0.257261 
6.0456 5.80722 1.82336 
3.14351 5.64783 -0.647033 
3.49203 2.10856 -1.99154 
5.60069 0.852652 0.917995 
7.91644 -0.817128 -1.59452 
11.4132 -1.78328 -0.439104 
13.5263 0.686361 -2.40381 
16.7554 -0.536998 -0.813245 
18.0077 -3.2443 1.51233 
21.4819 -3.74266 2.96567 
23.9171 -4.67068 5.69199 
26.8477 -2.6558 7.02582 
29.605 -4.95364 8.28629 
32.3588 -2.32313 8.25072 
31.7722 1.30553 7.28334 
35.3493 1.83573 6.13074 
34.9731 -1.02883 3.65657 
34.6157 -3.55271e-15 -8.88178e-16 
