         1   0.35998
         2   0.36487
         3   0.37031
         4   0.37520
         5   0.38064
         6   0.38554
         7   0.38989
         8   0.39369
         9   0.39804
        10   0.40239
        11   0.40674
        12   0.41001
        13   0.41272
        14   0.41544
        15   0.41979
        16   0.42197
        17   0.42577
        18   0.42741
        19   0.43067
        20   0.43284
        21   0.43611
        22   0.43883
        23   0.44100
        24   0.44372
        25   0.44644
        26   0.44861
        27   0.45133
        28   0.45296
        29   0.45568
        30   0.45786
        31   0.46003
        32   0.46221
        33   0.46384
        34   0.46601
        35   0.46873
        36   0.47036
        37   0.47254
        38   0.47471
        39   0.47635
        40   0.47852
        41   0.47961
        42   0.48287
        43   0.48341
        44   0.48559
        45   0.48668
        46   0.48940
        47   0.49103
        48   0.49266
        49   0.49375
        50   0.49592
        51   0.49701
        52   0.49918
        53   0.50082
        54   0.50136
        55   0.50353
        56   0.50408
        57   0.50517
        58   0.50571
        59   0.50680
        60   0.50788
        61   0.50897
        62   0.50952
        63   0.51060
        64   0.51115
        65   0.51278
        66   0.51332
        67   0.51495
        68   0.51550
        69   0.51604
        70   0.51659
        71   0.51767
        72   0.51822
        73   0.51930
        74   0.52039
        75   0.52094
        76   0.52202
        77   0.52257
        78   0.52365
        79   0.52420
        80   0.52474
        81   0.52583
        82   0.52692
        83   0.52800
        84   0.52800
        85   0.52855
        86   0.52964
        87   0.53018
        88   0.53127
        89   0.53181
        90   0.53235
        91   0.53290
        92   0.53399
        93   0.53453
        94   0.53562
        95   0.53616
        96   0.53616
        97   0.53725
        98   0.55302
        99   0.56063
       100   0.56770
       101   0.57205
       102   0.57640
       103   0.58238
       104   0.58564
       105   0.58891
       106   0.59271
       107   0.59598
       108   0.59924
       109   0.60196
       110   0.60522
       111   0.60794
       112   0.61066
       113   0.61338
       114   0.61610
       115   0.61773
       116   0.62099
       117   0.62316
       118   0.62534
       119   0.62806
       120   0.62969
       121   0.63187
       122   0.63404
       123   0.63676
       124   0.63839
       125   0.64002
       126   0.64274
       127   0.64437
       128   0.64546
       129   0.64818
       130   0.64927
       131   0.65144
       132   0.65307
       133   0.65525
       134   0.65688
       135   0.65797
       136   0.65960
       137   0.66123
       138   0.66286
       139   0.66504
       140   0.66612
       141   0.66775
       142   0.66830
       143   0.66939
       144   0.66993
       145   0.67156
       146   0.67265
       147   0.67319
       148   0.67428
       149   0.67537
       150   0.67700
       151   0.67754
       152   0.67863
       153   0.67917
       154   0.67972
       155   0.68080
       156   0.68189
       157   0.68244
       158   0.68352
       159   0.68407
       160   0.68570
       161   0.68624
       162   0.68679
       163   0.68733
       164   0.68896
       165   0.68951
       166   0.69059
       167   0.69114
       168   0.69168
       169   0.69277
       170   0.69331
       171   0.69440
       172   0.69494
       173   0.69603
       174   0.69657
       175   0.69766
       176   0.69821
       177   0.69875
       178   0.69984
       179   0.69984
       180   0.70147
       181   0.70201
       182   0.70256
       183   0.70364
       184   0.70364
       185   0.70527
       186   0.70745
       187   0.70962
       188   0.71180
       189   0.71397
       190   0.71561
       191   0.71778
       192   0.71996
       193   0.72104
       194   0.72322
       195   0.72539
       196   0.72703
       197   0.72920
       198   0.73029
       199   0.73246
       200   0.73464
       201   0.73627
       202   0.73736
       203   0.73953
       204   0.74171
       205   0.74334
       206   0.74497
       207   0.74660
       208   0.74823
       209   0.75041
       210   0.75204
       211   0.75421
       212   0.75530
       213   0.75693
       214   0.75965
       215   0.76183
       216   0.76291
       217   0.76455
       218   0.76618
       219   0.76890
       220   0.77053
       221   0.77270
       222   0.77433
       223   0.77597
       224   0.77868
       225   0.78086
       226   0.78195
       227   0.78467
       228   0.78630
       229   0.78847
       230   0.79173
       231   0.79337
       232   0.79554
       233   0.79826
       234   0.80044
       235   0.80261
       236   0.80587
       237   0.80859
       238   0.81185
       239   0.81457
       240   0.81838
       241   0.82219
       242   0.82599
       243   0.83034
       244   0.83850
       245   0.84883
       246   0.84937
       247   0.84937
       248   0.84992
       249   0.85046
       250   0.85101
       251   0.85101
       252   0.85155
       253   0.85209
       254   0.85264
       255   0.85264
       256   0.85318
       257   0.85372
       258   0.85372
       259   0.85427
       260   0.85481
       261   0.85536
       262   0.85536
       263   0.85590
       264   0.85644
       265   0.85644
       266   0.85699
       267   0.85753
       268   0.85699
       269   0.85699
       270   0.85753
       271   0.85753
       272   0.85808
       273   0.85862
       274   0.85862
       275   0.85862
       276   0.85862
       277   0.85862
       278   0.85916
       279   0.85916
       280   0.85916
       281   0.85916
       282   0.85916
       283   0.85971
       284   0.85916
       285   0.85971
       286   0.85916
       287   0.85971
       288   0.85916
       289   0.85971
       290   0.85916
       291   0.85916
       292   0.85916
       293   0.85862
       294   0.85862
       295   0.85862
       296   0.85808
       297   0.85808
       298   0.85753
       299   0.85753
       300   0.85753
       301   0.85644
       302   0.85699
       303   0.85590
       304   0.85590
       305   0.85536
       306   0.85536
       307   0.85427
       308   0.85427
       309   0.85318
       310   0.85318
       311   0.85264
       312   0.85209
       313   0.85155
       314   0.85046
       315   0.85046
       316   0.84937
       317   0.84774
       318   0.84774
       319   0.84666
       320   0.84557
       321   0.84502
       322   0.84394
       323   0.84285
       324   0.84122
       325   0.84013
       326   0.83904
       327   0.83741
       328   0.83687
       329   0.83524
       330   0.83361
       331   0.83143
       332   0.82762
       333   0.82382
       334   0.81892
       335   0.82164
       336   0.82926
       337   0.83415
       338   0.83687
       339   0.83959
       340   0.84231
       341   0.84448
       342   0.84720
       343   0.84937
       344   0.85155
       345   0.85372
       346   0.85590
       347   0.85753
       348   0.85971
       349   0.86188
       350   0.86297
       351   0.86514
       352   0.86678
       353   0.86841
       354   0.87058
       355   0.87221
       356   0.87384
       357   0.87548
       358   0.87656
       359   0.87874
       360   0.88037
       361   0.88200
       362   0.88363
       363   0.88526
       364   0.88690
       365   0.88798
       366   0.88853
       367   0.89016
       368   0.89179
       369   0.89342
       370   0.89505
       371   0.89614
       372   0.89723
       373   0.89886
       374   0.89995
       375   0.90103
       376   0.90266
       377   0.90375
       378   0.90484
       379   0.90647
       380   0.90756
       381   0.90810
       382   0.90919
       383   0.91082
       384   0.91245
       385   0.91300
       386   0.91463
       387   0.91517
       388   0.91626
       389   0.91735
       390   0.91843
       391   0.92007
       392   0.92061
       393   0.92170
       394   0.92278
       395   0.92387
       396   0.92496
       397   0.92605
       398   0.92659
       399   0.92768
       400   0.92877
       401   0.92985
       402   0.93040
       403   0.93094
       404   0.93257
       405   0.93366
       406   0.93366
       407   0.93475
       408   0.93583
       409   0.93692
       410   0.93747
       411   0.93801
       412   0.93964
       413   0.94018
       414   0.94073
       415   0.94127
       416   0.94236
       417   0.94345
       418   0.94399
       419   0.94508
       420   0.94562
       421   0.94617
       422   0.94671
       423   0.94780
       424   0.94834
       425   0.94943
       426   0.94997
       427   0.95106
       428   0.95106
       429   0.95215
       430   0.95269
       431   0.95324
       432   0.95378
       433   0.95487
       434   0.95487
       435   0.95487
       436   0.95487
       437   0.95487
       438   0.95487
       439   0.95541
       440   0.95541
       441   0.95541
       442   0.95541
       443   0.95541
       444   0.95541
       445   0.95487
       446   0.95487
       447   0.95487
       448   0.95432
       449   0.95432
       450   0.95432
       451   0.95378
       452   0.95378
       453   0.95378
       454   0.95378
       455   0.95324
       456   0.95324
       457   0.95324
       458   0.95269
       459   0.95269
       460   0.95269
       461   0.95215
       462   0.95160
       463   0.95160
       464   0.95160
       465   0.95106
       466   0.95106
       467   0.95106
       468   0.95052
       469   0.94997
       470   0.94997
       471   0.94943
       472   0.94943
       473   0.94943
       474   0.94889
       475   0.94834
       476   0.94834
       477   0.94780
       478   0.94780
       479   0.94780
       480   0.94671
       481   0.94671
       482   0.94671
       483   0.94671
       484   0.94725
       485   0.94725
       486   0.94780
       487   0.94780
       488   0.94780
       489   0.94834
       490   0.94834
       491   0.94834
       492   0.94889
       493   0.94889
       494   0.94889
       495   0.94943
       496   0.94943
       497   0.94997
       498   0.94997
       499   0.94943
       500   0.94943
       501   0.94997
       502   0.94997
       503   0.94997
       504   0.95052
       505   0.95052
       506   0.95052
       507   0.95106
       508   0.95052
       509   0.95052
       510   0.95052
       511   0.95106
       512   0.95106
       513   0.95106
       514   0.95052
       515   0.95106
       516   0.95106
       517   0.95106
       518   0.95106
       519   0.95106
       520   0.95106
       521   0.95106
       522   0.95106
       523   0.95106
       524   0.95106
       525   0.95106
       526   0.95106
       527   0.95106
       528   0.95052
       529   0.95106
       530   0.95106
       531   0.95106
       532   0.95052
       533   0.95052
       534   0.95052
       535   0.94997
       536   0.95052
       537   0.95052
       538   0.94997
       539   0.94997
       540   0.94997
       541   0.94997
       542   0.94943
       543   0.94943
       544   0.94943
       545   0.94889
       546   0.94889
       547   0.94889
       548   0.94834
       549   0.94834
       550   0.94834
       551   0.94834
       552   0.94834
       553   0.94780
       554   0.94725
       555   0.94725
       556   0.94671
       557   0.94671
       558   0.94617
       559   0.94617
       560   0.94617
       561   0.94562
       562   0.94562
       563   0.94508
       564   0.94508
       565   0.94508
       566   0.94454
       567   0.94454
       568   0.94345
       569   0.94345
       570   0.94290
       571   0.94290
       572   0.94236
       573   0.94236
       574   0.94182
       575   0.94127
       576   0.94127
       577   0.94073
       578   0.94018
       579   0.93964
       580   0.93964
       581   0.93910
       582   0.93855
       583   0.93801
       584   0.93801
       585   0.93692
       586   0.93692
       587   0.93638
       588   0.93583
       589   0.93529
       590   0.93475
       591   0.93420
       592   0.93312
       593   0.93312
       594   0.93257
       595   0.93203
       596   0.93148
       597   0.93094
       598   0.92985
       599   0.92985
       600   0.92877
       601   0.92822
       602   0.92768
       603   0.92659
       604   0.92659
       605   0.92550
       606   0.92496
       607   0.92442
       608   0.92333
       609   0.92224
       610   0.92007
       611   0.91898
       612   0.91680
       613   0.91463
       614   0.91245
       615   0.91028
       616   0.90810
       617   0.90593
       618   0.90321
       619   0.90103
       620   0.89886
       621   0.89668
       622   0.89342
       623   0.89125
       624   0.88853
       625   0.88581
       626   0.88254
       627   0.88037
       628   0.87711
       629   0.87384
       630   0.87113
       631   0.86786
       632   0.86460
       633   0.86134
       634   0.85808
       635   0.85427
       636   0.85046
       637   0.84611
       638   0.84176
       639   0.83687
       640   0.83089
       641   0.82436
       642   0.81566
       643   0.79880
       644   0.79826
       645   0.79772
       646   0.79717
       647   0.79608
       648   0.79554
       649   0.79500
       650   0.79445
       651   0.79391
       652   0.79337
       653   0.78412
       654   0.77325
       655   0.76618
       656   0.76020
       657   0.75476
       658   0.74878
       659   0.74388
       660   0.73790
       661   0.73138
       662   0.71669
       663   0.71397
       664   0.71234
       665   0.71017
       666   0.70799
       667   0.70582
       668   0.70364
       669   0.70201
       670   0.69929
       671   0.69766
       672   0.69603
       673   0.69331
       674   0.69168
       675   0.69005
       676   0.68787
       677   0.68624
       678   0.68407
       679   0.68189
       680   0.68026
       681   0.67863
       682   0.67645
       683   0.67482
       684   0.67265
       685   0.67102
       686   0.66939
       687   0.66721
       688   0.66612
       689   0.66395
       690   0.66232
       691   0.66014
       692   0.65851
       693   0.65742
       694   0.65960
       695   0.66123
       696   0.66232
       697   0.66449
       698   0.66612
       699   0.66721
       700   0.66939
       701   0.67047
       702   0.67156
       703   0.67319
       704   0.67482
       705   0.67645
       706   0.67700
       707   0.67863
       708   0.68026
       709   0.68135
       710   0.68298
       711   0.68407
       712   0.68515
       713   0.68679
       714   0.68787
       715   0.68896
       716   0.69005
       717   0.69114
       718   0.69222
       719   0.69277
       720   0.69440
       721   0.69549
       722   0.69712
       723   0.69766
       724   0.69821
       725   0.69984
       726   0.70038
       727   0.70147
       728   0.70256
       729   0.70364
       730   0.70419
       731   0.70527
       732   0.70636
       733   0.70691
       734   0.72159
       735   0.73083
       736   0.73790
       737   0.74388
       738   0.74878
       739   0.75367
       740   0.75748
       741   0.76128
       742   0.76509
       743   0.76835
       744   0.77270
       745   0.77542
       746   0.77923
       747   0.78195
       748   0.78412
       749   0.78738
       750   0.79010
       751   0.79228
       752   0.79500
       753   0.79717
       754   0.79935
       755   0.80207
       756   0.80424
       757   0.80696
       758   0.81131
       759   0.81512
       760   0.81838
       761   0.82164
       762   0.82382
       763   0.82654
       764   0.82926
       765   0.83197
       766   0.83415
       767   0.83524
       768   0.83687
       769   0.83796
       770   0.83904
       771   0.84013
       772   0.84122
       773   0.84231
       774   0.84339
       775   0.84502
       776   0.84611
       777   0.84720
       778   0.84774
       779   0.84883
       780   0.84937
       781   0.85046
       782   0.85155
       783   0.85209
       784   0.85318
       785   0.85427
       786   0.85536
       787   0.85590
       788   0.85699
       789   0.85753
       790   0.85862
       791   0.86025
       792   0.86079
       793   0.86134
       794   0.86243
       795   0.86351
       796   0.86406
       797   0.86514
       798   0.86623
       799   0.86732
       800   0.86841
       801   0.86895
       802   0.87004
       803   0.87058
       804   0.87221
       805   0.87330
       806   0.87384
       807   0.87548
       808   0.87656
       809   0.87711
       810   0.87819
       811   0.87874
       812   0.88037
       813   0.88146
       814   0.88254
       815   0.88418
       816   0.88526
       817   0.88690
       818   0.88744
       819   0.88907
       820   0.89016
       821   0.89233
       822   0.89288
       823   0.89451
       824   0.89614
       825   0.89777
       826   0.89940
       827   0.90158
       828   0.90321
       829   0.90538
       830   0.90756
       831   0.90919
       832   0.91191
       833   0.91408
       834   0.91735
       835   0.92061
       836   0.92550
       837   0.93257
       838   0.93855
       839   0.93910
       840   0.93910
       841   0.93964
       842   0.93964
       843   0.93964
       844   0.94018
       845   0.94018
       846   0.94018
       847   0.94073
       848   0.94073
       849   0.94073
       850   0.94127
       851   0.94127
       852   0.94127
       853   0.94182
       854   0.94182
       855   0.94182
       856   0.94236
       857   0.94236
       858   0.94236
       859   0.94290
       860   0.94290
       861   0.94290
       862   0.94290
       863   0.94345
       864   0.94345
       865   0.94345
       866   0.94399
       867   0.94399
       868   0.94399
       869   0.94399
       870   0.94399
       871   0.94454
       872   0.94454
       873   0.94454
       874   0.94454
       875   0.94508
       876   0.94508
       877   0.94508
       878   0.94508
       879   0.94508
       880   0.94562
       881   0.94562
       882   0.94562
       883   0.94562
       884   0.94562
       885   0.94562
       886   0.94617
       887   0.94617
       888   0.94617
       889   0.94617
       890   0.94617
       891   0.94617
       892   0.94617
       893   0.94671
       894   0.94671
       895   0.94671
       896   0.94671
       897   0.94671
       898   0.94671
       899   0.94671
       900   0.94671
       901   0.94671
       902   0.94671
       903   0.94671
       904   0.94671
       905   0.94671
       906   0.94671
       907   0.94671
       908   0.94671
       909   0.94671
       910   0.94671
       911   0.94671
       912   0.94671
       913   0.94671
       914   0.94671
       915   0.94671
       916   0.94671
       917   0.94671
       918   0.94671
       919   0.94671
       920   0.94671
       921   0.94617
       922   0.94617
       923   0.94617
       924   0.94617
       925   0.94617
       926   0.94617
       927   0.94562
       928   0.94562
       929   0.94562
       930   0.94562
       931   0.94562
       932   0.94508
       933   0.94508
       934   0.94508
       935   0.94454
       936   0.94454
       937   0.94454
       938   0.94399
       939   0.94399
       940   0.94399
       941   0.94345
       942   0.94345
       943   0.94290
       944   0.94290
       945   0.94236
       946   0.94236
       947   0.94182
       948   0.94182
       949   0.94127
       950   0.94127
       951   0.94073
       952   0.94018
       953   0.94018
       954   0.93964
       955   0.93910
       956   0.93910
       957   0.93855
       958   0.93801
       959   0.93747
       960   0.93692
       961   0.93638
       962   0.93583
       963   0.93529
       964   0.93529
       965   0.93420
       966   0.93366
       967   0.93312
       968   0.93257
       969   0.93203
       970   0.93148
       971   0.93094
       972   0.92985
       973   0.92931
       974   0.92877
       975   0.92768
       976   0.92713
       977   0.92605
       978   0.92550
       979   0.92442
       980   0.92387
       981   0.92550
       982   0.92768
       983   0.92985
       984   0.93148
       985   0.93366
       986   0.93529
       987   0.93692
       988   0.93910
       989   0.94073
       990   0.94236
       991   0.94399
       992   0.94562
       993   0.94725
       994   0.94889
       995   0.95052
       996   0.95215
       997   0.95324
       998   0.95487
       999   0.95595
      1000   0.95759
      1001   0.95867
      1002   0.96030
      1003   0.96139
      1004   0.96248
      1005   0.96357
      1006   0.96465
      1007   0.96574
      1008   0.96683
      1009   0.96792
      1010   0.96900
      1011   0.97009
      1012   0.97118
      1013   0.97172
      1014   0.97281
      1015   0.97390
      1016   0.97444
      1017   0.97553
      1018   0.97607
      1019   0.97716
      1020   0.97771
      1021   0.97825
      1022   0.97934
      1023   0.97988
      1024   0.98042
      1025   0.97988
      1026   0.97988
      1027   0.97988
      1028   0.97988
      1029   0.97934
      1030   0.97934
      1031   0.97934
      1032   0.97879
      1033   0.97879
      1034   0.97825
      1035   0.97825
      1036   0.97771
      1037   0.97771
      1038   0.97716
      1039   0.97662
      1040   0.97662
      1041   0.97662
      1042   0.97607
      1043   0.97607
      1044   0.97553
      1045   0.97553
      1046   0.97499
      1047   0.97444
      1048   0.97444
      1049   0.97444
      1050   0.97336
      1051   0.97336
      1052   0.97336
      1053   0.97281
      1054   0.97281
      1055   0.97227
      1056   0.97227
      1057   0.97118
      1058   0.97118
      1059   0.97118
      1060   0.97064
      1061   0.97064
      1062   0.97009
      1063   0.97009
      1064   0.96955
      1065   0.96900
      1066   0.96900
      1067   0.96846
      1068   0.96846
      1069   0.96792
      1070   0.96792
      1071   0.96737
      1072   0.96683
      1073   0.96683
      1074   0.96683
      1075   0.96629
      1076   0.96574
      1077   0.96520
      1078   0.96465
      1079   0.96411
      1080   0.96357
      1081   0.96357
      1082   0.96302
      1083   0.96248
      1084   0.96194
      1085   0.96194
      1086   0.96139
      1087   0.96085
      1088   0.96030
      1089   0.96030
      1090   0.95976
      1091   0.95922
      1092   0.95922
      1093   0.95867
      1094   0.95813
      1095   0.95813
      1096   0.95759
      1097   0.95759
      1098   0.95704
      1099   0.95650
      1100   0.95650
      1101   0.95595
      1102   0.95595
      1103   0.95541
      1104   0.95541
      1105   0.95487
      1106   0.95487
      1107   0.95432
      1108   0.95432
      1109   0.95378
      1110   0.95378
      1111   0.95378
      1112   0.95324
      1113   0.95324
      1114   0.95269
      1115   0.95269
      1116   0.95269
      1117   0.95215
      1118   0.95215
      1119   0.95215
      1120   0.95160
      1121   0.95160
      1122   0.95160
      1123   0.95160
      1124   0.95106
      1125   0.95106
      1126   0.95106
      1127   0.95106
      1128   0.95052
      1129   0.95052
      1130   0.95052
      1131   0.95052
      1132   0.95052
      1133   0.95052
      1134   0.94997
      1135   0.94997
      1136   0.94997
      1137   0.94997
      1138   0.94997
      1139   0.94997
      1140   0.94997
      1141   0.94997
      1142   0.94997
      1143   0.94997
      1144   0.94997
      1145   0.94997
      1146   0.94997
      1147   0.94997
      1148   0.94997
      1149   0.94997
      1150   0.94997
      1151   0.94997
      1152   0.94997
      1153   0.94997
      1154   0.94997
      1155   0.94997
      1156   0.94997
      1157   0.94997
      1158   0.95052
      1159   0.95052
      1160   0.95052
      1161   0.95052
      1162   0.95052
      1163   0.95052
      1164   0.95106
      1165   0.95106
      1166   0.95106
      1167   0.95106
      1168   0.95106
      1169   0.95160
      1170   0.95160
      1171   0.95160
      1172   0.95160
      1173   0.95215
      1174   0.95215
      1175   0.95215
      1176   0.95269
      1177   0.95269
      1178   0.95269
      1179   0.95324
      1180   0.95324
      1181   0.95324
      1182   0.95378
      1183   0.95378
      1184   0.95378
      1185   0.95432
      1186   0.95432
      1187   0.95487
      1188   0.95487
      1189   0.95487
      1190   0.95541
      1191   0.95541
      1192   0.95595
      1193   0.95595
      1194   0.95595
      1195   0.95595
      1196   0.95595
      1197   0.95595
      1198   0.95595
      1199   0.95595
      1200   0.95595
      1201   0.95595
      1202   0.95595
      1203   0.95595
      1204   0.95595
      1205   0.95595
      1206   0.95595
      1207   0.95650
      1208   0.95595
      1209   0.95595
      1210   0.95595
      1211   0.95595
      1212   0.95595
      1213   0.95595
      1214   0.95595
      1215   0.95541
      1216   0.95541
      1217   0.95595
      1218   0.95541
      1219   0.95541
      1220   0.95541
      1221   0.95487
      1222   0.95487
      1223   0.95487
      1224   0.95432
      1225   0.95432
      1226   0.95432
      1227   0.95378
      1228   0.95378
      1229   0.95378
      1230   0.95324
      1231   0.95269
      1232   0.95269
      1233   0.95215
      1234   0.95160
      1235   0.95160
      1236   0.95106
      1237   0.95052
      1238   0.94997
      1239   0.94943
      1240   0.94889
      1241   0.94834
      1242   0.94780
      1243   0.94671
      1244   0.94617
      1245   0.94508
      1246   0.94562
      1247   0.94671
      1248   0.94725
      1249   0.94834
      1250   0.94834
      1251   0.94943
      1252   0.94997
      1253   0.95106
      1254   0.95106
      1255   0.95215
      1256   0.95215
      1257   0.95324
      1258   0.95324
      1259   0.95432
      1260   0.95432
      1261   0.95541
      1262   0.95541
      1263   0.95650
      1264   0.95650
      1265   0.95650
      1266   0.95759
      1267   0.95759
      1268   0.95813
      1269   0.95867
      1270   0.95922
      1271   0.95922
      1272   0.95922
      1273   0.96030
      1274   0.96030
      1275   0.96085
      1276   0.96085
      1277   0.96085
      1278   0.96194
      1279   0.96194
      1280   0.96194
      1281   0.96248
      1282   0.96248
      1283   0.96302
      1284   0.96248
      1285   0.96194
      1286   0.96194
      1287   0.96139
      1288   0.96085
      1289   0.96085
      1290   0.96030
      1291   0.95976
      1292   0.95976
      1293   0.95922
      1294   0.95867
      1295   0.95867
      1296   0.95813
      1297   0.95704
      1298   0.95541
      1299   0.95378
      1300   0.95215
      1301   0.94997
      1302   0.94780
      1303   0.94617
      1304   0.94399
      1305   0.94182
      1306   0.94018
      1307   0.93855
      1308   0.93638
      1309   0.93420
      1310   0.93203
      1311   0.93040
      1312   0.92822
      1313   0.92605
      1314   0.92333
      1315   0.92170
      1316   0.91952
      1317   0.91735
      1318   0.91463
      1319   0.91245
      1320   0.90973
      1321   0.90810
      1322   0.90538
      1323   0.90321
      1324   0.90049
      1325   0.89777
      1326   0.89505
      1327   0.89396
      1328   0.89396
      1329   0.89451
      1330   0.89505
      1331   0.89560
      1332   0.89668
      1333   0.89668
      1334   0.89723
      1335   0.89777
      1336   0.89777
      1337   0.89831
      1338   0.89831
      1339   0.89940
      1340   0.89940
      1341   0.89940
      1342   0.89995
      1343   0.89995
      1344   0.89995
      1345   0.90049
      1346   0.90049
      1347   0.90049
      1348   0.90049
      1349   0.90049
      1350   0.90049
      1351   0.89995
      1352   0.89995
      1353   0.89995
      1354   0.89995
      1355   0.89995
      1356   0.89995
      1357   0.89995
      1358   0.89940
      1359   0.89940
      1360   0.89886
      1361   0.89886
      1362   0.89831
      1363   0.89831
      1364   0.89831
      1365   0.89777
      1366   0.89777
      1367   0.89668
      1368   0.89668
      1369   0.89614
      1370   0.89614
      1371   0.89614
      1372   0.89560
      1373   0.89505
      1374   0.89505
      1375   0.89451
      1376   0.89396
      1377   0.89396
      1378   0.89288
      1379   0.89179
      1380   0.89070
      1381   0.88961
      1382   0.88853
      1383   0.88744
      1384   0.88581
      1385   0.88418
      1386   0.88309
      1387   0.88146
      1388   0.88037
      1389   0.87928
      1390   0.87819
      1391   0.87602
      1392   0.87384
      1393   0.87221
      1394   0.87058
      1395   0.86841
      1396   0.86623
      1397   0.86406
      1398   0.86079
      1399   0.85808
      1400   0.85427
      1401   0.85046
      1402   0.84611
      1403   0.84122
      1404   0.83469
      1405   0.82871
      1406   0.82436
      1407   0.81892
      1408   0.81566
      1409   0.81185
      1410   0.80968
      1411   0.80642
      1412   0.80424
      1413   0.80207
      1414   0.80044
      1415   0.79826
      1416   0.79717
      1417   0.79500
      1418   0.79391
      1419   0.79337
      1420   0.79119
      1421   0.79065
      1422   0.79010
      1423   0.78793
      1424   0.78793
      1425   0.78738
      1426   0.78630
      1427   0.78575
      1428   0.78521
      1429   0.78412
      1430   0.78412
      1431   0.78358
      1432   0.78358
      1433   0.78303
      1434   0.78195
      1435   0.78140
      1436   0.78140
      1437   0.78140
      1438   0.78140
      1439   0.78086
      1440   0.78032
      1441   0.78086
      1442   0.78032
      1443   0.78032
      1444   0.78032
      1445   0.78086
      1446   0.78086
      1447   0.78086
      1448   0.78032
      1449   0.78032
      1450   0.78032
      1451   0.78032
      1452   0.78032
      1453   0.77977
      1454   0.77977
      1455   0.78032
      1456   0.78032
      1457   0.77977
      1458   0.78086
      1459   0.78086
      1460   0.78086
      1461   0.78140
      1462   0.78140
      1463   0.78195
      1464   0.78249
      1465   0.78303
      1466   0.78303
      1467   0.78412
      1468   0.78412
      1469   0.78521
      1470   0.78521
      1471   0.78630
      1472   0.78684
      1473   0.78738
      1474   0.78847
      1475   0.79010
      1476   0.79065
      1477   0.79173
      1478   0.79282
      1479   0.79337
      1480   0.79500
      1481   0.79663
      1482   0.79826
      1483   0.79989
      1484   0.80207
      1485   0.80424
      1486   0.80696
      1487   0.82762
      1488   0.85372
      1489   0.85644
      1490   0.85916
      1491   0.86188
      1492   0.86406
      1493   0.86623
      1494   0.86678
      1495   0.86678
      1496   0.86678
      1497   0.86678
      1498   0.86678
      1499   0.86678
      1500   0.86678
      1501   0.86678
      1502   0.86678
      1503   0.86678
      1504   0.86678
      1505   0.86678
      1506   0.86678
      1507   0.86732
      1508   0.86732
      1509   0.86732
      1510   0.86732
      1511   0.86732
      1512   0.86732
      1513   0.86732
      1514   0.86786
      1515   0.86786
      1516   0.86786
      1517   0.86786
      1518   0.86841
      1519   0.86841
      1520   0.86841
      1521   0.86895
      1522   0.86895
      1523   0.86895
      1524   0.86949
      1525   0.86949
      1526   0.86949
      1527   0.87004
      1528   0.87004
      1529   0.87004
      1530   0.87058
      1531   0.87058
      1532   0.87113
      1533   0.87113
      1534   0.87167
      1535   0.87167
      1536   0.87221
      1537   0.87221
      1538   0.87276
      1539   0.87276
      1540   0.87330
      1541   0.87330
      1542   0.87384
      1543   0.87384
      1544   0.87439
      1545   0.87493
      1546   0.87493
      1547   0.87548
      1548   0.87548
      1549   0.87602
      1550   0.87656
      1551   0.87656
      1552   0.87711
      1553   0.87765
      1554   0.87819
      1555   0.87819
      1556   0.87874
      1557   0.87928
      1558   0.87928
      1559   0.87983
      1560   0.88037
      1561   0.88091
      1562   0.88091
      1563   0.88146
      1564   0.88200
      1565   0.88254
      1566   0.88309
      1567   0.88363
      1568   0.88363
      1569   0.88418
      1570   0.88472
      1571   0.88526
      1572   0.88581
      1573   0.88635
      1574   0.88635
      1575   0.88690
      1576   0.88744
      1577   0.88798
      1578   0.88853
      1579   0.88907
      1580   0.88907
      1581   0.88961
      1582   0.89016
      1583   0.89070
      1584   0.89125
      1585   0.89179
      1586   0.89179
      1587   0.89233
      1588   0.89288
      1589   0.89342
      1590   0.89396
      1591   0.89396
      1592   0.89451
      1593   0.89505
      1594   0.89560
      1595   0.89560
      1596   0.89614
      1597   0.89668
      1598   0.89668
      1599   0.89723
      1600   0.89777
      1601   0.89777
      1602   0.89831
      1603   0.89831
      1604   0.89831
      1605   0.89723
      1606   0.89614
      1607   0.89614
      1608   0.89505
      1609   0.89451
      1610   0.89505
      1611   0.89451
      1612   0.89396
      1613   0.89342
      1614   0.89288
      1615   0.89288
      1616   0.89233
      1617   0.89179
      1618   0.89125
      1619   0.89070
      1620   0.88961
      1621   0.88907
      1622   0.88853
      1623   0.88798
      1624   0.88690
      1625   0.88635
      1626   0.88581
      1627   0.88526
      1628   0.88418
      1629   0.88363
      1630   0.88309
      1631   0.88254
      1632   0.88146
      1633   0.88091
      1634   0.88037
      1635   0.87983
      1636   0.87874
      1637   0.87819
      1638   0.87765
      1639   0.87656
      1640   0.87602
      1641   0.87548
      1642   0.87493
      1643   0.87384
      1644   0.87330
      1645   0.87276
      1646   0.87167
      1647   0.87113
      1648   0.87058
      1649   0.86949
      1650   0.86895
      1651   0.86841
      1652   0.86732
      1653   0.86678
      1654   0.86623
      1655   0.86514
      1656   0.86460
      1657   0.86406
      1658   0.86297
      1659   0.86243
      1660   0.86188
      1661   0.86079
      1662   0.86025
      1663   0.85916
      1664   0.85862
      1665   0.85808
      1666   0.85699
      1667   0.85644
      1668   0.85536
      1669   0.85481
      1670   0.85372
      1671   0.85318
      1672   0.85209
      1673   0.85155
      1674   0.85046
      1675   0.84937
      1676   0.84883
      1677   0.84720
      1678   0.84611
      1679   0.84448
      1680   0.84285
      1681   0.84176
      1682   0.84013
      1683   0.83850
      1684   0.83578
      1685   0.83361
      1686   0.83143
      1687   0.82817
      1688   0.82545
      1689   0.81947
      1690   0.81566
      1691   0.81566
      1692   0.81566
      1693   0.81512
      1694   0.81512
      1695   0.81512
      1696   0.81457
      1697   0.81457
      1698   0.81403
      1699   0.81403
      1700   0.81403
      1701   0.81349
      1702   0.81349
      1703   0.81294
      1704   0.81294
      1705   0.81240
      1706   0.81240
      1707   0.81185
      1708   0.81185
      1709   0.81131
      1710   0.81077
      1711   0.81077
      1712   0.81022
      1713   0.81022
      1714   0.80968
      1715   0.80914
      1716   0.80914
      1717   0.80859
      1718   0.80805
      1719   0.80750
      1720   0.80750
      1721   0.80696
      1722   0.80642
      1723   0.80587
      1724   0.80533
      1725   0.80479
      1726   0.80479
      1727   0.80424
      1728   0.80370
      1729   0.80315
      1730   0.80261
      1731   0.80207
      1732   0.80098
      1733   0.80044
      1734   0.79989
      1735   0.79935
      1736   0.79880
      1737   0.79772
      1738   0.79717
      1739   0.79663
      1740   0.79500
      1741   0.79337
      1742   0.79119
      1743   0.78902
      1744   0.78684
      1745   0.78467
      1746   0.78303
      1747   0.78086
      1748   0.77814
      1749   0.76291
      1750   0.75367
      1751   0.74606
      1752   0.73899
      1753   0.73246
      1754   0.72539
      1755   0.71615
      1756   0.70473
      1757   0.69222
      1758   0.67156
      1759   0.66449
      1760   0.66014
      1761   0.65633
      1762   0.65253
      1763   0.64872
      1764   0.64492
      1765   0.64111
      1766   0.63730
      1767   0.63404
      1768   0.63023
      1769   0.62643
      1770   0.62371
      1771   0.61881
      1772   0.61555
      1773   0.61229
      1774   0.60794
      1775   0.60522
      1776   0.60141
      1777   0.59869
      1778   0.59489
      1779   0.59108
      1780   0.58728
      1781   0.58401
      1782   0.58021
      1783   0.57640
      1784   0.57314
      1785   0.56933
      1786   0.56607
      1787   0.56281
      1788   0.55846
      1789   0.55465
      1790   0.55139
      1791   0.54812
      1792   0.54377
      1793   0.54051
      1794   0.53779
      1795   0.53562
      1796   0.53399
      1797   0.53290
      1798   0.53072
      1799   0.52855
      1800   0.52637
      1801   0.52474
      1802   0.52257
      1803   0.52039
      1804   0.51876
      1805   0.51713
      1806   0.51495
      1807   0.51278
      1808   0.51115
      1809   0.50843
      1810   0.50680
      1811   0.50517
      1812   0.50245
      1813   0.50082
      1814   0.49810
      1815   0.49647
      1816   0.49483
      1817   0.49212
      1818   0.48994
      1819   0.48831
      1820   0.48613
      1821   0.48341
      1822   0.48124
      1823   0.47906
      1824   0.47743
      1825   0.47471
      1826   0.47308
      1827   0.47036
      1828   0.46819
      1829   0.46601
      1830   0.46384
      1831   0.46112
      1832   0.45840
      1833   0.45623
      1834   0.45351
      1835   0.45133
      1836   0.44916
      1837   0.44589
      1838   0.44318
      1839   0.44154
