         1   0.00653
         2   0.00707
         3   0.00761
         4   0.00816
         5   0.00924
         6   0.00979
         7   0.01033
         8   0.01088
         9   0.01142
        10   0.01196
        11   0.01251
        12   0.01305
        13   0.01359
        14   0.01359
        15   0.01359
        16   0.01359
        17   0.01359
        18   0.01414
        19   0.01468
        20   0.01468
        21   0.01468
        22   0.01468
        23   0.01468
        24   0.01468
        25   0.01468
        26   0.01468
        27   0.01468
        28   0.01468
        29   0.01468
        30   0.01468
        31   0.01468
        32   0.01523
        33   0.01577
        34   0.01577
        35   0.01577
        36   0.01577
        37   0.01577
        38   0.01577
        39   0.01577
        40   0.01577
        41   0.01577
        42   0.01577
        43   0.01577
        44   0.01631
        45   0.01631
        46   0.01631
        47   0.01686
        48   0.01686
        49   0.01686
        50   0.01686
        51   0.01686
        52   0.01686
        53   0.01686
        54   0.01740
        55   0.01740
        56   0.01740
        57   0.01740
        58   0.01740
        59   0.01740
        60   0.01794
        61   0.01794
        62   0.01794
        63   0.01849
        64   0.01849
        65   0.01849
        66   0.01849
        67   0.01849
        68   0.01849
        69   0.01849
        70   0.01849
        71   0.01903
        72   0.01958
        73   0.01958
        74   0.01958
        75   0.01958
        76   0.01958
        77   0.01958
        78   0.01958
        79   0.02012
        80   0.02012
        81   0.02066
        82   0.02066
        83   0.02066
        84   0.02066
        85   0.02066
        86   0.02066
        87   0.02121
        88   0.02121
        89   0.02121
        90   0.02121
        91   0.02175
        92   0.02175
        93   0.02175
        94   0.02229
        95   0.02229
        96   0.02229
        97   0.02229
        98   0.02229
        99   0.02284
       100   0.02284
       101   0.02338
       102   0.02338
       103   0.02338
       104   0.02338
       105   0.02338
       106   0.02338
       107   0.02393
       108   0.02447
       109   0.02447
       110   0.02447
       111   0.02447
       112   0.02447
       113   0.02447
       114   0.02501
       115   0.02501
       116   0.02556
       117   0.02556
       118   0.02556
       119   0.02556
       120   0.02610
       121   0.02610
       122   0.02610
       123   0.02610
       124   0.02664
       125   0.02664
       126   0.02664
       127   0.02719
       128   0.02719
       129   0.02719
       130   0.02719
       131   0.02773
       132   0.02773
       133   0.02773
       134   0.02828
       135   0.02828
       136   0.02828
       137   0.02828
       138   0.02828
       139   0.02882
       140   0.02882
       141   0.02882
       142   0.02936
       143   0.02936
       144   0.02936
       145   0.02936
       146   0.02991
       147   0.02991
       148   0.02991
       149   0.02991
       150   0.02991
       151   0.02991
       152   0.02991
       153   0.02991
       154   0.03100
       155   0.03100
       156   0.03100
       157   0.03100
       158   0.03100
       159   0.03100
       160   0.03100
       161   0.03100
       162   0.03154
       163   0.03154
       164   0.03154
       165   0.03154
       166   0.03154
       167   0.03154
       168   0.03154
       169   0.03154
       170   0.03154
       171   0.03208
       172   0.03208
       173   0.03208
       174   0.03208
       175   0.03208
       176   0.03208
       177   0.03208
       178   0.03208
       179   0.03154
       180   0.03154
       181   0.03154
       182   0.03154
       183   0.03154
       184   0.03208
       185   0.03208
       186   0.03208
       187   0.03208
       188   0.03208
       189   0.03208
       190   0.03208
       191   0.03208
       192   0.03154
       193   0.03154
       194   0.03154
       195   0.03154
       196   0.03154
       197   0.03154
       198   0.03154
       199   0.03154
       200   0.03154
       201   0.03100
       202   0.03100
       203   0.03100
       204   0.03100
       205   0.03100
       206   0.03100
       207   0.03100
       208   0.03100
       209   0.02991
       210   0.02991
       211   0.02991
       212   0.02991
       213   0.02991
       214   0.02991
       215   0.02991
       216   0.02991
       217   0.02936
       218   0.02936
       219   0.02936
       220   0.02936
       221   0.02882
       222   0.02882
       223   0.02882
       224   0.02882
       225   0.02828
       226   0.02828
       227   0.02828
       228   0.02828
       229   0.02773
       230   0.02773
       231   0.02773
       232   0.02719
       233   0.02719
       234   0.02719
       235   0.02719
       236   0.02664
       237   0.02664
       238   0.02664
       239   0.02664
       240   0.02610
       241   0.02610
       242   0.02610
       243   0.02556
       244   0.02556
       245   0.02556
       246   0.02556
       247   0.02501
       248   0.02501
       249   0.02501
       250   0.02447
       251   0.02447
       252   0.02447
       253   0.02447
       254   0.02447
       255   0.02393
       256   0.02338
       257   0.02338
       258   0.02338
       259   0.02338
       260   0.02338
       261   0.02338
       262   0.02338
       263   0.02284
       264   0.02229
       265   0.02229
       266   0.02229
       267   0.02229
       268   0.02229
       269   0.02175
       270   0.02175
       271   0.02175
       272   0.02175
       273   0.02121
       274   0.02121
       275   0.02121
       276   0.02066
       277   0.02066
       278   0.02066
       279   0.02066
       280   0.02066
       281   0.02066
       282   0.02012
       283   0.02012
       284   0.01958
       285   0.01958
       286   0.01958
       287   0.01958
       288   0.01958
       289   0.01958
       290   0.01958
       291   0.01958
       292   0.01849
       293   0.01849
       294   0.01849
       295   0.01849
       296   0.01849
       297   0.01849
       298   0.01849
       299   0.01849
       300   0.01794
       301   0.01794
       302   0.01794
       303   0.02175
       304   0.02338
       305   0.02556
       306   0.02719
       307   0.02828
       308   0.02936
       309   0.02991
       310   0.03100
       311   0.03100
       312   0.03208
       313   0.03263
       314   0.03371
       315   0.03371
       316   0.03426
       317   0.03426
       318   0.03480
       319   0.03480
       320   0.03535
       321   0.03426
       322   0.03317
       323   0.03208
       324   0.03100
       325   0.02991
       326   0.02882
       327   0.02773
       328   0.02664
       329   0.02556
       330   0.02447
       331   0.02284
       332   0.02121
       333   0.02012
       334   0.01903
       335   0.01903
       336   0.01958
       337   0.02066
       338   0.02175
       339   0.02229
       340   0.02338
       341   0.02447
       342   0.02501
       343   0.02610
       344   0.02719
       345   0.02773
       346   0.02882
       347   0.02936
       348   0.03045
       349   0.03100
       350   0.03208
       351   0.03317
       352   0.03371
       353   0.03480
       354   0.03535
       355   0.03643
       356   0.03589
       357   0.03589
       358   0.03535
       359   0.03589
       360   0.03535
       361   0.03480
       362   0.03480
       363   0.03426
       364   0.03371
       365   0.03371
       366   0.03317
       367   0.03263
       368   0.03263
       369   0.03208
       370   0.03154
       371   0.03045
       372   0.02991
       373   0.02936
       374   0.02828
       375   0.02664
       376   0.02501
       377   0.02175
       378   0.02175
       379   0.02175
       380   0.02175
       381   0.02175
       382   0.02175
       383   0.02175
       384   0.02175
       385   0.02175
       386   0.02175
       387   0.02175
       388   0.02175
       389   0.02175
       390   0.02175
       391   0.02175
       392   0.02175
       393   0.02175
       394   0.02175
       395   0.02175
       396   0.02175
       397   0.02175
       398   0.02175
       399   0.02175
       400   0.02175
       401   0.02175
       402   0.02175
       403   0.02175
       404   0.02175
       405   0.02175
       406   0.02175
       407   0.02175
       408   0.02175
       409   0.02175
       410   0.02175
       411   0.02175
       412   0.02175
       413   0.02175
       414   0.02175
       415   0.02175
       416   0.02175
       417   0.02175
       418   0.02175
       419   0.02175
       420   0.02175
       421   0.02175
       422   0.02175
       423   0.02175
       424   0.02175
       425   0.02175
       426   0.02175
       427   0.02175
       428   0.02175
       429   0.02175
       430   0.02175
       431   0.02175
       432   0.02175
       433   0.02175
       434   0.02175
       435   0.02175
       436   0.02175
       437   0.02175
       438   0.02175
       439   0.02175
       440   0.02175
       441   0.02175
       442   0.02175
       443   0.02175
       444   0.02175
       445   0.02175
       446   0.02175
       447   0.02175
       448   0.02175
       449   0.02175
       450   0.02175
       451   0.02175
       452   0.02175
       453   0.02175
       454   0.02175
       455   0.02175
       456   0.02175
       457   0.02175
       458   0.02175
       459   0.02175
       460   0.02175
       461   0.02175
       462   0.02121
       463   0.02175
       464   0.02175
       465   0.02229
       466   0.02229
       467   0.02229
       468   0.02229
       469   0.02229
       470   0.02284
       471   0.02229
       472   0.02229
       473   0.02229
       474   0.02229
       475   0.02229
       476   0.02229
       477   0.02175
       478   0.02175
       479   0.02175
       480   0.02121
       481   0.02121
       482   0.02121
       483   0.02175
       484   0.02175
       485   0.02175
       486   0.02229
       487   0.02229
       488   0.02229
       489   0.02229
       490   0.02229
       491   0.02229
       492   0.02284
       493   0.02229
       494   0.02229
       495   0.02229
       496   0.02229
       497   0.02229
       498   0.02175
       499   0.02175
       500   0.02121
       501   0.02121
       502   0.02175
       503   0.02175
       504   0.02175
       505   0.02175
       506   0.02175
       507   0.02175
       508   0.02175
       509   0.02175
       510   0.02175
       511   0.02175
       512   0.02175
       513   0.02175
       514   0.02175
       515   0.02175
       516   0.02175
       517   0.02175
       518   0.02175
       519   0.02175
       520   0.02175
       521   0.02175
       522   0.02175
       523   0.02175
       524   0.02175
       525   0.02175
       526   0.02175
       527   0.02175
       528   0.02175
       529   0.02175
       530   0.02175
       531   0.02175
       532   0.02175
       533   0.02175
       534   0.02175
       535   0.02175
       536   0.02175
       537   0.02175
       538   0.02175
       539   0.02175
       540   0.02175
       541   0.02175
       542   0.02175
       543   0.02175
       544   0.02175
       545   0.02175
       546   0.02175
       547   0.02175
       548   0.02175
       549   0.02175
       550   0.02175
       551   0.02175
       552   0.02175
       553   0.02175
       554   0.02175
       555   0.02175
       556   0.02175
       557   0.02175
       558   0.02175
       559   0.02175
       560   0.02175
       561   0.02175
       562   0.02175
       563   0.02175
       564   0.02175
       565   0.02175
       566   0.02175
       567   0.02175
       568   0.02175
       569   0.02175
       570   0.02175
       571   0.02175
       572   0.02175
       573   0.02175
       574   0.02175
       575   0.02175
       576   0.02175
       577   0.02175
       578   0.02175
       579   0.02175
       580   0.02175
       581   0.02175
       582   0.02175
       583   0.02175
       584   0.02175
       585   0.02175
       586   0.02175
       587   0.02175
       588   0.02175
       589   0.02175
       590   0.02175
       591   0.02175
       592   0.02175
       593   0.02175
       594   0.02175
       595   0.02175
       596   0.02175
       597   0.02175
       598   0.02175
       599   0.02175
       600   0.02175
       601   0.02175
       602   0.02175
       603   0.02175
       604   0.02175
       605   0.02175
       606   0.02175
       607   0.02175
       608   0.02175
       609   0.02175
       610   0.02175
       611   0.02175
       612   0.02175
       613   0.02175
       614   0.02175
       615   0.02175
       616   0.02175
       617   0.02175
       618   0.02175
       619   0.02175
       620   0.02175
       621   0.02175
       622   0.02175
       623   0.02175
       624   0.02175
       625   0.02175
       626   0.02175
       627   0.02175
       628   0.02175
       629   0.02175
       630   0.02175
       631   0.02175
       632   0.02175
       633   0.02175
       634   0.02175
       635   0.02175
       636   0.02175
       637   0.02175
       638   0.02175
       639   0.02175
       640   0.02175
       641   0.02175
       642   0.02175
       643   0.02175
       644   0.02175
       645   0.02175
       646   0.02175
       647   0.02175
       648   0.02175
       649   0.02175
       650   0.02175
       651   0.02175
       652   0.02175
       653   0.02175
       654   0.02175
       655   0.02175
       656   0.02175
       657   0.02284
       658   0.02501
       659   0.02664
       660   0.02719
       661   0.02828
       662   0.02936
       663   0.02991
       664   0.03045
       665   0.03045
       666   0.03100
       667   0.03154
       668   0.03208
       669   0.03208
       670   0.03208
       671   0.03263
       672   0.03317
       673   0.03263
       674   0.03154
       675   0.03100
       676   0.03045
       677   0.02936
       678   0.02882
       679   0.02773
       680   0.02719
       681   0.02664
       682   0.02556
       683   0.02501
       684   0.02393
       685   0.02338
       686   0.02229
       687   0.02175
       688   0.02066
       689   0.02012
       690   0.01903
       691   0.01849
       692   0.01740
       693   0.01794
       694   0.01903
       695   0.02012
       696   0.02175
       697   0.02284
       698   0.02393
       699   0.02501
       700   0.02610
       701   0.02773
       702   0.02882
       703   0.02991
       704   0.03045
       705   0.03100
       706   0.03045
       707   0.02936
       708   0.02882
       709   0.02773
       710   0.02664
       711   0.02556
       712   0.02447
       713   0.02284
       714   0.02066
       715   0.01631
       716   0.01468
       717   0.01468
       718   0.01468
       719   0.01468
       720   0.01468
       721   0.01468
       722   0.01468
       723   0.01523
       724   0.01523
       725   0.01523
       726   0.01523
       727   0.01577
       728   0.01577
       729   0.01577
       730   0.01577
       731   0.01577
       732   0.01631
       733   0.01631
       734   0.01631
       735   0.01631
       736   0.01631
       737   0.01631
       738   0.01686
       739   0.01686
       740   0.01740
       741   0.01740
       742   0.01740
       743   0.01740
       744   0.01740
       745   0.01740
       746   0.01740
       747   0.01740
       748   0.01849
       749   0.01849
       750   0.01849
       751   0.01849
       752   0.01849
       753   0.01849
       754   0.01903
       755   0.01903
       756   0.01903
       757   0.01958
       758   0.01958
       759   0.01958
       760   0.01958
       761   0.02012
       762   0.02012
       763   0.02012
       764   0.02012
       765   0.02012
       766   0.02121
       767   0.02121
       768   0.02121
       769   0.02121
       770   0.02121
       771   0.02121
       772   0.02175
       773   0.02229
       774   0.02229
       775   0.02229
       776   0.02229
       777   0.02284
       778   0.02284
       779   0.02284
       780   0.02284
       781   0.02338
       782   0.02393
       783   0.02393
       784   0.02393
       785   0.02393
       786   0.02393
       787   0.02501
       788   0.02501
       789   0.02501
       790   0.02501
       791   0.02556
       792   0.02556
       793   0.02556
       794   0.02610
       795   0.02610
       796   0.02664
       797   0.02664
       798   0.02664
       799   0.02664
       800   0.02719
       801   0.02773
       802   0.02773
       803   0.02773
       804   0.02773
       805   0.02773
       806   0.02882
       807   0.02882
       808   0.02882
       809   0.02882
       810   0.02882
       811   0.02882
       812   0.02991
       813   0.02991
       814   0.02991
       815   0.02991
       816   0.02991
       817   0.03045
       818   0.03045
       819   0.03100
       820   0.03100
       821   0.03100
       822   0.03100
       823   0.03154
       824   0.03154
       825   0.03154
       826   0.03154
       827   0.03154
       828   0.03154
       829   0.03208
       830   0.03208
       831   0.03208
       832   0.03208
       833   0.03208
       834   0.03208
       835   0.03263
       836   0.03263
       837   0.03263
       838   0.03263
       839   0.03263
       840   0.03263
       841   0.03263
       842   0.03317
       843   0.03317
       844   0.03317
       845   0.03317
       846   0.03317
       847   0.03317
       848   0.03317
       849   0.03263
       850   0.03317
       851   0.03317
       852   0.03317
       853   0.03317
       854   0.03317
       855   0.03317
       856   0.03317
       857   0.03263
       858   0.03263
       859   0.03263
       860   0.03263
       861   0.03263
       862   0.03263
       863   0.03263
       864   0.03208
       865   0.03208
       866   0.03208
       867   0.03208
       868   0.03208
       869   0.03208
       870   0.03154
       871   0.03154
       872   0.03154
       873   0.03154
       874   0.03154
       875   0.03154
       876   0.03100
       877   0.03100
       878   0.03100
       879   0.03100
       880   0.03045
       881   0.02991
       882   0.02991
       883   0.02991
       884   0.02991
       885   0.02991
       886   0.02991
       887   0.02882
       888   0.02882
       889   0.02882
       890   0.02882
       891   0.02882
       892   0.02882
       893   0.02773
       894   0.02773
       895   0.02773
       896   0.02773
       897   0.02773
       898   0.02719
       899   0.02664
       900   0.02664
       901   0.02664
       902   0.02664
       903   0.02610
       904   0.02610
       905   0.02556
       906   0.02556
       907   0.02501
       908   0.02501
       909   0.02501
       910   0.02501
       911   0.02447
       912   0.02393
       913   0.02393
       914   0.02393
       915   0.02393
       916   0.02393
       917   0.02338
       918   0.02284
       919   0.02284
       920   0.02284
       921   0.02284
       922   0.02229
       923   0.02229
       924   0.02229
       925   0.02175
       926   0.02175
       927   0.02121
       928   0.02121
       929   0.02121
       930   0.02121
       931   0.02121
       932   0.02066
       933   0.02012
       934   0.02012
       935   0.02012
       936   0.02012
       937   0.02012
       938   0.01958
       939   0.01958
       940   0.01958
       941   0.01958
       942   0.01903
       943   0.01903
       944   0.01849
       945   0.01849
       946   0.01849
       947   0.01849
       948   0.01849
       949   0.01849
       950   0.01849
       951   0.01740
       952   0.01740
       953   0.01740
       954   0.01740
       955   0.01740
       956   0.01740
       957   0.01740
       958   0.01740
       959   0.01686
       960   0.01686
       961   0.01631
       962   0.01631
       963   0.01631
       964   0.02012
       965   0.02175
       966   0.02229
       967   0.02121
       968   0.02121
       969   0.02066
       970   0.02012
       971   0.01958
       972   0.01903
       973   0.01849
       974   0.01794
       975   0.01740
       976   0.01631
       977   0.01523
       978   0.01468
       979   0.01414
       980   0.01305
       981   0.01414
       982   0.01468
       983   0.01631
       984   0.01686
       985   0.01740
       986   0.01794
       987   0.01849
       988   0.01903
       989   0.01958
       990   0.01958
       991   0.01903
       992   0.01631
       993   0.01142
       994   0.01196
       995   0.01196
       996   0.01251
       997   0.01251
       998   0.01251
       999   0.01251
      1000   0.01251
      1001   0.01251
      1002   0.01251
      1003   0.01251
      1004   0.01251
      1005   0.01251
      1006   0.01251
      1007   0.01305
      1008   0.01359
      1009   0.01359
      1010   0.01359
      1011   0.01359
      1012   0.01359
      1013   0.01359
      1014   0.01359
      1015   0.01359
      1016   0.01414
      1017   0.01414
      1018   0.01414
      1019   0.01414
      1020   0.01468
      1021   0.01468
      1022   0.01468
      1023   0.01468
      1024   0.01523
      1025   0.01523
      1026   0.01523
      1027   0.01523
      1028   0.01523
      1029   0.01523
      1030   0.01577
      1031   0.01631
      1032   0.01631
      1033   0.01631
      1034   0.01631
      1035   0.01631
      1036   0.01631
      1037   0.01631
      1038   0.01686
      1039   0.01740
      1040   0.01740
      1041   0.01740
      1042   0.01740
      1043   0.01794
      1044   0.01794
      1045   0.01794
      1046   0.01794
      1047   0.01849
      1048   0.01903
      1049   0.01903
      1050   0.01903
      1051   0.01903
      1052   0.01903
      1053   0.01958
      1054   0.01958
      1055   0.02012
      1056   0.02012
      1057   0.02066
      1058   0.02066
      1059   0.02066
      1060   0.02066
      1061   0.02175
      1062   0.02175
      1063   0.02175
      1064   0.02175
      1065   0.02229
      1066   0.02229
      1067   0.02284
      1068   0.02338
      1069   0.02338
      1070   0.02338
      1071   0.02393
      1072   0.02393
      1073   0.02447
      1074   0.02501
      1075   0.02501
      1076   0.02501
      1077   0.02556
      1078   0.02610
      1079   0.02610
      1080   0.02664
      1081   0.02664
      1082   0.02719
      1083   0.02773
      1084   0.02773
      1085   0.02828
      1086   0.02828
      1087   0.02882
      1088   0.02936
      1089   0.02991
      1090   0.02991
      1091   0.02991
      1092   0.03100
      1093   0.03100
      1094   0.03154
      1095   0.03154
      1096   0.03208
      1097   0.03263
      1098   0.03263
      1099   0.03317
      1100   0.03371
      1101   0.03371
      1102   0.03426
      1103   0.03426
      1104   0.03480
      1105   0.03480
      1106   0.03535
      1107   0.03535
      1108   0.03589
      1109   0.03589
      1110   0.03589
      1111   0.03643
      1112   0.03698
      1113   0.03698
      1114   0.03698
      1115   0.03752
      1116   0.03752
      1117   0.03752
      1118   0.03806
      1119   0.03806
      1120   0.03752
      1121   0.03806
      1122   0.03806
      1123   0.03806
      1124   0.03806
      1125   0.03861
      1126   0.03861
      1127   0.03861
      1128   0.03861
      1129   0.03861
      1130   0.03861
      1131   0.03861
      1132   0.03861
      1133   0.03861
      1134   0.03861
      1135   0.03915
      1136   0.03861
      1137   0.03861
      1138   0.03861
      1139   0.03915
      1140   0.03861
      1141   0.03861
      1142   0.03861
      1143   0.03806
      1144   0.03861
      1145   0.03861
      1146   0.03861
      1147   0.03806
      1148   0.03806
      1149   0.03806
      1150   0.03752
      1151   0.03806
      1152   0.03806
      1153   0.03806
      1154   0.03752
      1155   0.03752
      1156   0.03752
      1157   0.03698
      1158   0.03698
      1159   0.03643
      1160   0.03589
      1161   0.03589
      1162   0.03589
      1163   0.03589
      1164   0.03535
      1165   0.03535
      1166   0.03480
      1167   0.03480
      1168   0.03426
      1169   0.03371
      1170   0.03371
      1171   0.03317
      1172   0.03263
      1173   0.03263
      1174   0.03263
      1175   0.03154
      1176   0.03154
      1177   0.03100
      1178   0.03100
      1179   0.03045
      1180   0.02991
      1181   0.02991
      1182   0.02936
      1183   0.02936
      1184   0.02882
      1185   0.02828
      1186   0.02828
      1187   0.02773
      1188   0.02719
      1189   0.02664
      1190   0.02664
      1191   0.02664
      1192   0.02610
      1193   0.02556
      1194   0.02556
      1195   0.02501
      1196   0.02501
      1197   0.02447
      1198   0.02393
      1199   0.02393
      1200   0.02338
      1201   0.02338
      1202   0.02338
      1203   0.02284
      1204   0.02229
      1205   0.02229
      1206   0.02229
      1207   0.02175
      1208   0.02175
      1209   0.02175
      1210   0.02066
      1211   0.02066
      1212   0.02066
      1213   0.02066
      1214   0.02012
      1215   0.02012
      1216   0.02012
      1217   0.01958
      1218   0.01903
      1219   0.01903
      1220   0.01903
      1221   0.01903
      1222   0.01903
      1223   0.01849
      1224   0.01794
      1225   0.01794
      1226   0.02284
      1227   0.02664
      1228   0.02828
      1229   0.02991
      1230   0.03045
      1231   0.03045
      1232   0.02991
      1233   0.02936
      1234   0.02828
      1235   0.02773
      1236   0.02719
      1237   0.02610
      1238   0.02556
      1239   0.02501
      1240   0.02338
      1241   0.02284
      1242   0.02175
      1243   0.02066
      1244   0.01958
      1245   0.01903
      1246   0.01958
      1247   0.02066
      1248   0.02121
      1249   0.02229
      1250   0.02284
      1251   0.02338
      1252   0.02447
      1253   0.02501
      1254   0.02556
      1255   0.02610
      1256   0.02719
      1257   0.02773
      1258   0.02828
      1259   0.02882
      1260   0.02936
      1261   0.02991
      1262   0.03045
      1263   0.03100
      1264   0.03154
      1265   0.03154
      1266   0.03100
      1267   0.03045
      1268   0.02936
      1269   0.02773
      1270   0.02501
      1271   0.02175
      1272   0.02175
      1273   0.02175
      1274   0.02175
      1275   0.02175
      1276   0.02175
      1277   0.02175
      1278   0.02175
      1279   0.02175
      1280   0.02175
      1281   0.02175
      1282   0.02175
      1283   0.02175
      1284   0.02175
      1285   0.02175
      1286   0.02175
      1287   0.02175
      1288   0.02175
      1289   0.02175
      1290   0.02175
      1291   0.02175
      1292   0.02175
      1293   0.02175
      1294   0.02175
      1295   0.02175
      1296   0.02175
      1297   0.02175
      1298   0.02175
      1299   0.02175
      1300   0.02175
      1301   0.02175
      1302   0.02175
      1303   0.02175
      1304   0.02175
      1305   0.02175
      1306   0.02175
      1307   0.02447
      1308   0.02447
      1309   0.02447
      1310   0.02447
      1311   0.02447
      1312   0.02393
      1313   0.02393
      1314   0.02338
      1315   0.02338
      1316   0.02284
      1317   0.02229
      1318   0.02175
      1319   0.02121
      1320   0.02066
      1321   0.02012
      1322   0.01958
      1323   0.01903
      1324   0.01849
      1325   0.01794
      1326   0.01740
      1327   0.01740
      1328   0.01794
      1329   0.01849
      1330   0.01903
      1331   0.01958
      1332   0.02066
      1333   0.02066
      1334   0.02066
      1335   0.02066
      1336   0.02066
      1337   0.02012
      1338   0.01958
      1339   0.01359
      1340   0.01359
      1341   0.01359
      1342   0.01414
      1343   0.01414
      1344   0.01414
      1345   0.01468
      1346   0.01468
      1347   0.01468
      1348   0.01468
      1349   0.01468
      1350   0.01523
      1351   0.01523
      1352   0.01523
      1353   0.01523
      1354   0.01523
      1355   0.01523
      1356   0.01577
      1357   0.01577
      1358   0.01631
      1359   0.01631
      1360   0.01631
      1361   0.01631
      1362   0.01631
      1363   0.01631
      1364   0.01686
      1365   0.01740
      1366   0.01740
      1367   0.01740
      1368   0.01740
      1369   0.01740
      1370   0.01794
      1371   0.01794
      1372   0.01794
      1373   0.01794
      1374   0.01849
      1375   0.01849
      1376   0.01903
      1377   0.01903
      1378   0.01903
      1379   0.01903
      1380   0.01903
      1381   0.02012
      1382   0.02012
      1383   0.02012
      1384   0.02012
      1385   0.02066
      1386   0.02066
      1387   0.02066
      1388   0.02121
      1389   0.02175
      1390   0.02175
      1391   0.02175
      1392   0.02175
      1393   0.02229
      1394   0.02229
      1395   0.02284
      1396   0.02338
      1397   0.02338
      1398   0.02338
      1399   0.02338
      1400   0.02393
      1401   0.02447
      1402   0.02447
      1403   0.02501
      1404   0.02501
      1405   0.02501
      1406   0.02610
      1407   0.02610
      1408   0.02664
      1409   0.02664
      1410   0.02664
      1411   0.02773
      1412   0.02773
      1413   0.02773
      1414   0.02828
      1415   0.02828
      1416   0.02936
      1417   0.02936
      1418   0.02936
      1419   0.02991
      1420   0.03045
      1421   0.03100
      1422   0.03100
      1423   0.03100
      1424   0.03154
      1425   0.03208
      1426   0.03208
      1427   0.03263
      1428   0.03263
      1429   0.03317
      1430   0.03371
      1431   0.03371
      1432   0.03371
      1433   0.03426
      1434   0.03480
      1435   0.03480
      1436   0.03535
      1437   0.03535
      1438   0.03535
      1439   0.03589
      1440   0.03643
      1441   0.03643
      1442   0.03643
      1443   0.03643
      1444   0.03698
      1445   0.03698
      1446   0.03698
      1447   0.03752
      1448   0.03752
      1449   0.03752
      1450   0.03752
      1451   0.03806
      1452   0.03806
      1453   0.03752
      1454   0.03806
      1455   0.03806
      1456   0.03806
      1457   0.03806
      1458   0.03861
      1459   0.03861
      1460   0.03806
      1461   0.03806
      1462   0.03861
      1463   0.03861
      1464   0.03806
      1465   0.03806
      1466   0.03861
      1467   0.03861
      1468   0.03806
      1469   0.03806
      1470   0.03806
      1471   0.03861
      1472   0.03806
      1473   0.03806
      1474   0.03806
      1475   0.03806
      1476   0.03752
      1477   0.03806
      1478   0.03806
      1479   0.03806
      1480   0.03752
      1481   0.03752
      1482   0.03752
      1483   0.03698
      1484   0.03698
      1485   0.03698
      1486   0.03698
      1487   0.03643
      1488   0.03643
      1489   0.03643
      1490   0.03589
      1491   0.03535
      1492   0.03535
      1493   0.03535
      1494   0.03480
      1495   0.03480
      1496   0.03480
      1497   0.03426
      1498   0.03371
      1499   0.03371
      1500   0.03317
      1501   0.03317
      1502   0.03263
      1503   0.03208
      1504   0.03208
      1505   0.03208
      1506   0.03100
      1507   0.03100
      1508   0.03100
      1509   0.03045
      1510   0.02991
      1511   0.02991
      1512   0.02936
      1513   0.02936
      1514   0.02882
      1515   0.02828
      1516   0.02828
      1517   0.02773
      1518   0.02773
      1519   0.02664
      1520   0.02664
      1521   0.02664
      1522   0.02610
      1523   0.02610
      1524   0.02556
      1525   0.02501
      1526   0.02501
      1527   0.02501
      1528   0.02447
      1529   0.02447
      1530   0.02393
      1531   0.02338
      1532   0.02338
      1533   0.02338
      1534   0.02284
      1535   0.02284
      1536   0.02229
      1537   0.02229
      1538   0.02175
      1539   0.02175
      1540   0.02175
      1541   0.02121
      1542   0.02066
      1543   0.02066
      1544   0.02066
      1545   0.02012
      1546   0.02012
      1547   0.02012
      1548   0.02012
      1549   0.01958
      1550   0.01903
      1551   0.01903
      1552   0.01903
      1553   0.01903
      1554   0.01903
      1555   0.01849
      1556   0.01849
      1557   0.01794
      1558   0.01794
      1559   0.01794
      1560   0.01740
      1561   0.01740
      1562   0.01740
      1563   0.01740
      1564   0.01740
      1565   0.01686
      1566   0.01631
      1567   0.01631
      1568   0.01631
      1569   0.01631
      1570   0.01631
      1571   0.01631
      1572   0.01631
      1573   0.01577
      1574   0.01577
      1575   0.01523
      1576   0.01523
      1577   0.01523
      1578   0.01523
      1579   0.01523
      1580   0.01468
      1581   0.01468
      1582   0.01468
      1583   0.01468
      1584   0.01468
      1585   0.01414
      1586   0.01414
      1587   0.01414
      1588   0.01414
      1589   0.01359
      1590   0.01359
      1591   0.01359
      1592   0.01631
      1593   0.02175
      1594   0.02393
      1595   0.02447
      1596   0.02393
      1597   0.02393
      1598   0.02284
      1599   0.02229
      1600   0.02175
      1601   0.02121
      1602   0.02066
      1603   0.02012
      1604   0.01903
      1605   0.01794
      1606   0.01740
      1607   0.01794
      1608   0.01849
      1609   0.01958
      1610   0.02012
      1611   0.02066
      1612   0.02121
      1613   0.02175
      1614   0.02229
      1615   0.02338
      1616   0.02393
      1617   0.02447
      1618   0.02501
      1619   0.02556
      1620   0.02556
      1621   0.02610
      1622   0.02664
      1623   0.02719
      1624   0.02719
      1625   0.02773
      1626   0.02773
      1627   0.02719
      1628   0.02556
      1629   0.02175
      1630   0.02175
      1631   0.02175
      1632   0.02175
      1633   0.02175
      1634   0.02175
      1635   0.02175
      1636   0.02175
      1637   0.02175
      1638   0.02175
      1639   0.02175
      1640   0.02175
      1641   0.02175
      1642   0.02175
      1643   0.02175
      1644   0.02175
      1645   0.02175
      1646   0.02175
      1647   0.02175
      1648   0.02175
      1649   0.02175
      1650   0.02175
      1651   0.02175
      1652   0.02175
      1653   0.02175
      1654   0.02175
      1655   0.02175
      1656   0.02175
      1657   0.02175
      1658   0.02175
      1659   0.02175
      1660   0.02175
      1661   0.02175
      1662   0.02175
      1663   0.02175
      1664   0.02175
      1665   0.02175
      1666   0.02175
      1667   0.02175
      1668   0.02175
      1669   0.02175
      1670   0.02175
      1671   0.02175
      1672   0.02175
      1673   0.02175
      1674   0.02175
      1675   0.02175
      1676   0.02175
      1677   0.02175
      1678   0.02175
      1679   0.02175
      1680   0.02175
      1681   0.02175
      1682   0.02175
      1683   0.02175
      1684   0.02175
      1685   0.02175
      1686   0.02175
      1687   0.02175
      1688   0.02175
      1689   0.02175
      1690   0.02175
      1691   0.02175
      1692   0.02175
      1693   0.02175
      1694   0.02175
      1695   0.02175
      1696   0.02175
      1697   0.02175
      1698   0.02175
      1699   0.02175
      1700   0.02175
      1701   0.02175
      1702   0.02175
      1703   0.02175
      1704   0.02175
      1705   0.02175
      1706   0.02175
      1707   0.02175
      1708   0.02175
      1709   0.02175
      1710   0.02175
      1711   0.02175
      1712   0.02175
      1713   0.02175
      1714   0.02175
      1715   0.02175
      1716   0.02175
      1717   0.02175
      1718   0.02175
      1719   0.02175
      1720   0.02175
      1721   0.02175
      1722   0.02175
      1723   0.02175
      1724   0.02175
      1725   0.02175
      1726   0.02175
      1727   0.02175
      1728   0.02175
      1729   0.02175
      1730   0.02175
      1731   0.02175
      1732   0.02175
      1733   0.02175
      1734   0.02175
      1735   0.02175
      1736   0.02175
      1737   0.02175
      1738   0.02175
      1739   0.02175
      1740   0.02175
      1741   0.02175
      1742   0.02175
      1743   0.02175
      1744   0.02175
      1745   0.02175
      1746   0.02175
      1747   0.02175
      1748   0.02175
      1749   0.02175
      1750   0.02175
      1751   0.02175
      1752   0.02175
      1753   0.02175
      1754   0.02175
      1755   0.02175
      1756   0.02175
      1757   0.02175
      1758   0.02175
      1759   0.02175
      1760   0.02175
      1761   0.02175
      1762   0.02175
      1763   0.02175
      1764   0.02175
      1765   0.02175
      1766   0.02175
      1767   0.02175
      1768   0.02175
      1769   0.02175
      1770   0.02175
      1771   0.02175
      1772   0.02175
      1773   0.02175
      1774   0.02175
      1775   0.02175
      1776   0.02175
      1777   0.02175
      1778   0.02175
      1779   0.02175
      1780   0.02175
      1781   0.02175
      1782   0.02175
      1783   0.02175
      1784   0.02175
      1785   0.02175
      1786   0.02175
      1787   0.02175
      1788   0.02175
      1789   0.02175
      1790   0.02175
      1791   0.02175
      1792   0.02175
      1793   0.02175
      1794   0.02175
      1795   0.02175
      1796   0.02175
      1797   0.02175
      1798   0.02175
      1799   0.02175
      1800   0.02175
      1801   0.02175
      1802   0.02175
      1803   0.02175
      1804   0.02175
      1805   0.02175
      1806   0.02175
      1807   0.02175
      1808   0.02175
      1809   0.02175
      1810   0.02175
      1811   0.02175
      1812   0.02175
      1813   0.02175
      1814   0.02175
      1815   0.02175
      1816   0.02175
      1817   0.02175
      1818   0.02175
      1819   0.02175
      1820   0.02121
      1821   0.02066
      1822   0.02012
      1823   0.01958
      1824   0.01903
      1825   0.01849
      1826   0.01794
      1827   0.01740
      1828   0.01686
      1829   0.01631
      1830   0.01577
      1831   0.01523
      1832   0.01468
      1833   0.01414
      1834   0.01359
      1835   0.01305
      1836   0.01251
      1837   0.01196
      1838   0.01142
      1839   0.01088
