         1   0.01414
         2   0.01468
         3   0.01523
         4   0.01577
         5   0.01631
         6   0.01740
         7   0.01794
         8   0.01849
         9   0.01903
        10   0.01958
        11   0.02012
        12   0.02121
        13   0.02175
        14   0.02229
        15   0.02284
        16   0.02338
        17   0.02393
        18   0.02447
        19   0.02556
        20   0.02610
        21   0.02664
        22   0.02719
        23   0.02773
        24   0.02828
        25   0.02936
        26   0.02991
        27   0.03045
        28   0.03045
        29   0.03045
        30   0.03100
        31   0.03100
        32   0.03100
        33   0.03154
        34   0.03154
        35   0.03154
        36   0.03208
        37   0.03208
        38   0.03208
        39   0.03208
        40   0.03317
        41   0.03317
        42   0.03317
        43   0.03317
        44   0.03317
        45   0.03371
        46   0.03371
        47   0.03371
        48   0.03426
        49   0.03426
        50   0.03480
        51   0.03480
        52   0.03480
        53   0.03480
        54   0.03535
        55   0.03589
        56   0.03589
        57   0.03589
        58   0.03643
        59   0.03643
        60   0.03643
        61   0.03698
        62   0.03752
        63   0.03752
        64   0.03752
        65   0.03752
        66   0.03806
        67   0.03806
        68   0.03861
        69   0.03915
        70   0.03915
        71   0.03915
        72   0.03915
        73   0.04024
        74   0.04024
        75   0.04024
        76   0.04078
        77   0.04078
        78   0.04078
        79   0.04133
        80   0.04187
        81   0.04187
        82   0.04187
        83   0.04241
        84   0.04241
        85   0.04296
        86   0.04350
        87   0.04350
        88   0.04350
        89   0.04405
        90   0.04459
        91   0.04459
        92   0.04513
        93   0.04513
        94   0.04513
        95   0.04622
        96   0.04622
        97   0.04622
        98   0.04676
        99   0.04676
       100   0.04731
       101   0.04785
       102   0.04785
       103   0.04785
       104   0.04840
       105   0.04894
       106   0.04894
       107   0.04948
       108   0.04948
       109   0.05003
       110   0.05057
       111   0.05057
       112   0.05057
       113   0.05111
       114   0.05166
       115   0.05166
       116   0.05220
       117   0.05220
       118   0.05275
       119   0.05275
       120   0.05329
       121   0.05329
       122   0.05329
       123   0.05383
       124   0.05438
       125   0.05438
       126   0.05438
       127   0.05492
       128   0.05546
       129   0.05546
       130   0.05546
       131   0.05601
       132   0.05601
       133   0.05655
       134   0.05655
       135   0.05710
       136   0.05710
       137   0.05710
       138   0.05710
       139   0.05818
       140   0.05818
       141   0.05818
       142   0.05818
       143   0.05873
       144   0.05873
       145   0.05873
       146   0.05873
       147   0.05927
       148   0.05927
       149   0.05927
       150   0.05927
       151   0.05982
       152   0.05982
       153   0.05982
       154   0.05982
       155   0.06036
       156   0.06036
       157   0.06036
       158   0.06036
       159   0.06090
       160   0.06090
       161   0.06090
       162   0.06090
       163   0.06145
       164   0.06090
       165   0.06090
       166   0.06090
       167   0.06145
       168   0.06145
       169   0.06145
       170   0.06145
       171   0.06145
       172   0.06145
       173   0.06145
       174   0.06145
       175   0.06145
       176   0.06199
       177   0.06145
       178   0.06145
       179   0.06145
       180   0.06145
       181   0.06199
       182   0.06199
       183   0.06145
       184   0.06145
       185   0.06145
       186   0.06199
       187   0.06145
       188   0.06145
       189   0.06145
       190   0.06145
       191   0.06145
       192   0.06145
       193   0.06145
       194   0.06145
       195   0.06145
       196   0.06090
       197   0.06090
       198   0.06090
       199   0.06145
       200   0.06090
       201   0.06090
       202   0.06090
       203   0.06090
       204   0.06036
       205   0.06036
       206   0.06036
       207   0.06036
       208   0.05982
       209   0.05982
       210   0.05982
       211   0.05982
       212   0.05927
       213   0.05927
       214   0.05927
       215   0.05927
       216   0.05873
       217   0.05873
       218   0.05873
       219   0.05873
       220   0.05818
       221   0.05818
       222   0.05818
       223   0.05818
       224   0.05710
       225   0.05710
       226   0.05710
       227   0.05710
       228   0.05655
       229   0.05655
       230   0.05601
       231   0.05601
       232   0.05546
       233   0.05546
       234   0.05546
       235   0.05492
       236   0.05438
       237   0.05438
       238   0.05438
       239   0.05438
       240   0.05329
       241   0.05329
       242   0.05329
       243   0.05275
       244   0.05275
       245   0.05220
       246   0.05220
       247   0.05166
       248   0.05166
       249   0.05111
       250   0.05057
       251   0.05057
       252   0.05057
       253   0.05003
       254   0.04948
       255   0.04948
       256   0.04894
       257   0.04894
       258   0.04840
       259   0.04785
       260   0.04785
       261   0.04785
       262   0.04731
       263   0.04676
       264   0.04676
       265   0.04622
       266   0.04622
       267   0.04622
       268   0.05003
       269   0.05383
       270   0.05601
       271   0.05818
       272   0.05982
       273   0.06090
       274   0.06145
       275   0.06308
       276   0.06417
       277   0.06471
       278   0.06525
       279   0.06580
       280   0.06634
       281   0.06743
       282   0.06797
       283   0.06852
       284   0.06906
       285   0.06960
       286   0.07015
       287   0.07015
       288   0.07123
       289   0.07123
       290   0.07123
       291   0.07123
       292   0.07232
       293   0.07287
       294   0.07287
       295   0.07341
       296   0.07341
       297   0.07287
       298   0.07341
       299   0.07395
       300   0.07450
       301   0.07450
       302   0.07395
       303   0.07450
       304   0.07504
       305   0.07341
       306   0.07232
       307   0.07178
       308   0.07069
       309   0.06906
       310   0.06797
       311   0.06688
       312   0.06580
       313   0.06471
       314   0.06362
       315   0.06253
       316   0.06145
       317   0.06036
       318   0.05873
       319   0.05764
       320   0.05655
       321   0.05546
       322   0.05438
       323   0.05275
       324   0.05166
       325   0.05057
       326   0.04948
       327   0.04785
       328   0.04622
       329   0.04513
       330   0.04405
       331   0.04296
       332   0.04187
       333   0.03970
       334   0.03861
       335   0.03861
       336   0.03915
       337   0.04024
       338   0.04133
       339   0.04241
       340   0.04296
       341   0.04405
       342   0.04513
       343   0.04568
       344   0.04676
       345   0.04785
       346   0.04894
       347   0.04948
       348   0.05057
       349   0.05166
       350   0.05220
       351   0.05329
       352   0.05438
       353   0.05492
       354   0.05601
       355   0.05710
       356   0.05764
       357   0.05873
       358   0.05982
       359   0.06036
       360   0.06145
       361   0.06253
       362   0.06308
       363   0.06417
       364   0.06525
       365   0.06580
       366   0.06688
       367   0.06743
       368   0.06852
       369   0.06960
       370   0.07015
       371   0.07123
       372   0.07178
       373   0.07287
       374   0.07395
       375   0.07450
       376   0.07450
       377   0.07395
       378   0.07450
       379   0.07395
       380   0.07395
       381   0.07341
       382   0.07341
       383   0.07287
       384   0.07287
       385   0.07287
       386   0.07287
       387   0.07232
       388   0.07178
       389   0.07178
       390   0.07123
       391   0.07069
       392   0.07069
       393   0.07015
       394   0.06960
       395   0.06960
       396   0.06906
       397   0.06852
       398   0.06797
       399   0.06743
       400   0.06688
       401   0.06634
       402   0.06580
       403   0.06525
       404   0.06417
       405   0.06362
       406   0.06308
       407   0.06199
       408   0.06090
       409   0.05982
       410   0.05873
       411   0.05764
       412   0.05601
       413   0.05438
       414   0.05220
       415   0.04948
       416   0.04350
       417   0.04350
       418   0.04350
       419   0.04350
       420   0.04350
       421   0.04350
       422   0.04350
       423   0.04350
       424   0.04350
       425   0.04350
       426   0.04350
       427   0.04350
       428   0.04350
       429   0.04350
       430   0.04350
       431   0.04350
       432   0.04350
       433   0.04350
       434   0.04350
       435   0.04350
       436   0.04350
       437   0.04350
       438   0.04350
       439   0.04350
       440   0.04350
       441   0.04350
       442   0.04296
       443   0.04350
       444   0.04405
       445   0.04405
       446   0.04459
       447   0.04459
       448   0.04513
       449   0.04513
       450   0.04513
       451   0.04568
       452   0.04568
       453   0.04568
       454   0.04568
       455   0.04568
       456   0.04568
       457   0.04568
       458   0.04622
       459   0.04622
       460   0.04568
       461   0.04568
       462   0.04568
       463   0.04568
       464   0.04568
       465   0.04568
       466   0.04568
       467   0.04568
       468   0.04513
       469   0.04513
       470   0.04513
       471   0.04513
       472   0.04459
       473   0.04459
       474   0.04459
       475   0.04405
       476   0.04405
       477   0.04405
       478   0.04350
       479   0.04350
       480   0.04296
       481   0.04296
       482   0.04296
       483   0.04350
       484   0.04350
       485   0.04405
       486   0.04405
       487   0.04405
       488   0.04459
       489   0.04459
       490   0.04459
       491   0.04513
       492   0.04513
       493   0.04513
       494   0.04513
       495   0.04568
       496   0.04568
       497   0.04568
       498   0.04568
       499   0.04568
       500   0.04568
       501   0.04568
       502   0.04568
       503   0.04622
       504   0.04622
       505   0.04568
       506   0.04568
       507   0.04568
       508   0.04568
       509   0.04568
       510   0.04568
       511   0.04568
       512   0.04513
       513   0.04513
       514   0.04513
       515   0.04459
       516   0.04459
       517   0.04405
       518   0.04405
       519   0.04350
       520   0.04296
       521   0.04296
       522   0.04350
       523   0.04350
       524   0.04350
       525   0.04350
       526   0.04350
       527   0.04350
       528   0.04350
       529   0.04350
       530   0.04350
       531   0.04350
       532   0.04350
       533   0.04350
       534   0.04350
       535   0.04350
       536   0.04350
       537   0.04350
       538   0.04350
       539   0.04350
       540   0.04350
       541   0.04350
       542   0.04350
       543   0.04350
       544   0.04350
       545   0.04350
       546   0.04350
       547   0.04350
       548   0.04350
       549   0.04350
       550   0.04350
       551   0.04350
       552   0.04350
       553   0.04350
       554   0.04350
       555   0.04350
       556   0.04350
       557   0.04350
       558   0.04350
       559   0.04350
       560   0.04350
       561   0.04350
       562   0.04350
       563   0.04350
       564   0.04350
       565   0.04350
       566   0.04350
       567   0.04350
       568   0.04350
       569   0.04350
       570   0.04350
       571   0.04350
       572   0.04350
       573   0.04350
       574   0.04350
       575   0.04350
       576   0.04350
       577   0.04350
       578   0.04350
       579   0.04350
       580   0.04350
       581   0.04350
       582   0.04350
       583   0.04350
       584   0.04350
       585   0.04350
       586   0.04350
       587   0.04350
       588   0.04350
       589   0.04350
       590   0.04350
       591   0.04350
       592   0.04350
       593   0.04350
       594   0.04350
       595   0.04350
       596   0.04350
       597   0.04350
       598   0.04350
       599   0.04350
       600   0.04350
       601   0.04350
       602   0.04350
       603   0.04350
       604   0.04350
       605   0.04350
       606   0.04350
       607   0.04350
       608   0.04350
       609   0.04350
       610   0.04350
       611   0.04350
       612   0.04350
       613   0.04350
       614   0.04350
       615   0.04350
       616   0.04350
       617   0.04350
       618   0.04350
       619   0.04513
       620   0.04894
       621   0.05166
       622   0.05275
       623   0.05438
       624   0.05601
       625   0.05655
       626   0.05764
       627   0.05818
       628   0.05873
       629   0.06036
       630   0.06090
       631   0.06090
       632   0.06145
       633   0.06199
       634   0.06253
       635   0.06308
       636   0.06362
       637   0.06417
       638   0.06417
       639   0.06471
       640   0.06525
       641   0.06580
       642   0.06580
       643   0.06634
       644   0.06688
       645   0.06634
       646   0.06688
       647   0.06743
       648   0.06743
       649   0.06797
       650   0.06797
       651   0.06797
       652   0.06852
       653   0.06743
       654   0.06688
       655   0.06634
       656   0.06525
       657   0.06471
       658   0.06362
       659   0.06308
       660   0.06199
       661   0.06145
       662   0.06090
       663   0.05982
       664   0.05927
       665   0.05818
       666   0.05764
       667   0.05655
       668   0.05601
       669   0.05492
       670   0.05438
       671   0.05329
       672   0.05275
       673   0.05166
       674   0.05111
       675   0.05003
       676   0.04948
       677   0.04840
       678   0.04785
       679   0.04676
       680   0.04568
       681   0.04513
       682   0.04405
       683   0.04350
       684   0.04241
       685   0.04187
       686   0.04078
       687   0.04024
       688   0.03915
       689   0.03806
       690   0.03752
       691   0.03643
       692   0.03589
       693   0.03589
       694   0.03752
       695   0.03915
       696   0.04024
       697   0.04133
       698   0.04241
       699   0.04405
       700   0.04568
       701   0.04676
       702   0.04785
       703   0.04894
       704   0.05003
       705   0.05111
       706   0.05275
       707   0.05383
       708   0.05492
       709   0.05601
       710   0.05710
       711   0.05873
       712   0.05982
       713   0.06090
       714   0.06199
       715   0.06308
       716   0.06417
       717   0.06525
       718   0.06634
       719   0.06525
       720   0.06580
       721   0.06580
       722   0.06471
       723   0.06417
       724   0.06362
       725   0.06308
       726   0.06253
       727   0.06253
       728   0.06199
       729   0.06090
       730   0.06036
       731   0.05927
       732   0.05873
       733   0.05764
       734   0.05764
       735   0.05655
       736   0.05546
       737   0.05383
       738   0.05220
       739   0.05166
       740   0.05003
       741   0.04840
       742   0.04622
       743   0.04350
       744   0.03698
       745   0.03698
       746   0.03698
       747   0.03698
       748   0.03752
       749   0.03752
       750   0.03752
       751   0.03861
       752   0.03861
       753   0.03915
       754   0.03915
       755   0.03915
       756   0.04024
       757   0.04024
       758   0.04078
       759   0.04078
       760   0.04078
       761   0.04187
       762   0.04187
       763   0.04241
       764   0.04241
       765   0.04241
       766   0.04350
       767   0.04350
       768   0.04405
       769   0.04405
       770   0.04513
       771   0.04513
       772   0.04568
       773   0.04568
       774   0.04622
       775   0.04676
       776   0.04731
       777   0.04731
       778   0.04785
       779   0.04840
       780   0.04840
       781   0.04894
       782   0.04894
       783   0.05003
       784   0.05003
       785   0.05057
       786   0.05057
       787   0.05166
       788   0.05166
       789   0.05220
       790   0.05220
       791   0.05275
       792   0.05329
       793   0.05329
       794   0.05438
       795   0.05438
       796   0.05438
       797   0.05492
       798   0.05546
       799   0.05546
       800   0.05601
       801   0.05655
       802   0.05655
       803   0.05710
       804   0.05710
       805   0.05764
       806   0.05764
       807   0.05764
       808   0.05873
       809   0.05873
       810   0.05873
       811   0.05873
       812   0.05927
       813   0.05927
       814   0.05927
       815   0.05982
       816   0.05982
       817   0.05982
       818   0.06036
       819   0.06036
       820   0.06036
       821   0.06090
       822   0.06090
       823   0.06090
       824   0.06145
       825   0.06145
       826   0.06145
       827   0.06199
       828   0.06145
       829   0.06145
       830   0.06199
       831   0.06199
       832   0.06199
       833   0.06145
       834   0.06199
       835   0.06199
       836   0.06199
       837   0.06253
       838   0.06199
       839   0.06199
       840   0.06253
       841   0.06253
       842   0.06199
       843   0.06253
       844   0.06253
       845   0.06253
       846   0.06253
       847   0.06253
       848   0.06253
       849   0.06199
       850   0.06253
       851   0.06253
       852   0.06253
       853   0.06253
       854   0.06253
       855   0.06253
       856   0.06199
       857   0.06253
       858   0.06253
       859   0.06199
       860   0.06199
       861   0.06253
       862   0.06199
       863   0.06199
       864   0.06199
       865   0.06199
       866   0.06199
       867   0.06199
       868   0.06145
       869   0.06145
       870   0.06145
       871   0.06199
       872   0.06145
       873   0.06145
       874   0.06145
       875   0.06090
       876   0.06090
       877   0.06090
       878   0.06036
       879   0.06036
       880   0.06036
       881   0.05982
       882   0.05982
       883   0.05982
       884   0.05927
       885   0.05927
       886   0.05927
       887   0.05873
       888   0.05873
       889   0.05873
       890   0.05873
       891   0.05764
       892   0.05764
       893   0.05764
       894   0.05710
       895   0.05655
       896   0.05655
       897   0.05601
       898   0.05601
       899   0.05546
       900   0.05546
       901   0.05492
       902   0.05438
       903   0.05438
       904   0.05438
       905   0.05329
       906   0.05329
       907   0.05275
       908   0.05220
       909   0.05220
       910   0.05166
       911   0.05166
       912   0.05057
       913   0.05057
       914   0.05003
       915   0.05003
       916   0.04894
       917   0.04894
       918   0.04840
       919   0.04840
       920   0.04731
       921   0.04731
       922   0.04731
       923   0.04676
       924   0.04622
       925   0.04568
       926   0.04568
       927   0.04513
       928   0.04513
       929   0.04405
       930   0.04405
       931   0.04350
       932   0.04350
       933   0.04241
       934   0.04241
       935   0.04241
       936   0.04187
       937   0.04187
       938   0.04078
       939   0.04078
       940   0.04024
       941   0.04024
       942   0.04024
       943   0.03915
       944   0.03915
       945   0.04405
       946   0.04622
       947   0.04731
       948   0.04785
       949   0.04894
       950   0.04948
       951   0.04894
       952   0.04840
       953   0.04840
       954   0.04731
       955   0.04676
       956   0.04676
       957   0.04568
       958   0.04513
       959   0.04459
       960   0.04350
       961   0.04296
       962   0.04241
       963   0.04241
       964   0.04133
       965   0.04024
       966   0.03970
       967   0.03861
       968   0.03806
       969   0.03752
       970   0.03698
       971   0.03589
       972   0.03535
       973   0.03426
       974   0.03371
       975   0.03263
       976   0.03154
       977   0.03100
       978   0.03045
       979   0.02882
       980   0.02828
       981   0.02936
       982   0.03045
       983   0.03100
       984   0.03263
       985   0.03371
       986   0.03426
       987   0.03480
       988   0.03589
       989   0.03643
       990   0.03752
       991   0.03806
       992   0.03861
       993   0.03915
       994   0.03970
       995   0.04078
       996   0.04133
       997   0.04133
       998   0.04187
       999   0.04187
      1000   0.04241
      1001   0.04241
      1002   0.04241
      1003   0.04133
      1004   0.03861
      1005   0.03589
      1006   0.02773
      1007   0.02719
      1008   0.02719
      1009   0.02773
      1010   0.02773
      1011   0.02773
      1012   0.02773
      1013   0.02828
      1014   0.02882
      1015   0.02882
      1016   0.02882
      1017   0.02936
      1018   0.02936
      1019   0.02936
      1020   0.03045
      1021   0.03045
      1022   0.03045
      1023   0.03100
      1024   0.03100
      1025   0.03100
      1026   0.03208
      1027   0.03208
      1028   0.03208
      1029   0.03263
      1030   0.03263
      1031   0.03263
      1032   0.03371
      1033   0.03371
      1034   0.03426
      1035   0.03426
      1036   0.03426
      1037   0.03535
      1038   0.03535
      1039   0.03589
      1040   0.03589
      1041   0.03643
      1042   0.03698
      1043   0.03752
      1044   0.03752
      1045   0.03806
      1046   0.03806
      1047   0.03915
      1048   0.03915
      1049   0.03970
      1050   0.04024
      1051   0.04078
      1052   0.04133
      1053   0.04187
      1054   0.04187
      1055   0.04296
      1056   0.04350
      1057   0.04405
      1058   0.04405
      1059   0.04513
      1060   0.04568
      1061   0.04622
      1062   0.04676
      1063   0.04785
      1064   0.04785
      1065   0.04840
      1066   0.04894
      1067   0.05003
      1068   0.05057
      1069   0.05111
      1070   0.05220
      1071   0.05329
      1072   0.05383
      1073   0.05438
      1074   0.05546
      1075   0.05601
      1076   0.05655
      1077   0.05764
      1078   0.05818
      1079   0.05873
      1080   0.05982
      1081   0.06036
      1082   0.06090
      1083   0.06145
      1084   0.06199
      1085   0.06253
      1086   0.06308
      1087   0.06362
      1088   0.06362
      1089   0.06471
      1090   0.06471
      1091   0.06471
      1092   0.06525
      1093   0.06580
      1094   0.06634
      1095   0.06634
      1096   0.06634
      1097   0.06688
      1098   0.06688
      1099   0.06743
      1100   0.06743
      1101   0.06688
      1102   0.06743
      1103   0.06743
      1104   0.06797
      1105   0.06743
      1106   0.06797
      1107   0.06797
      1108   0.06797
      1109   0.06797
      1110   0.06797
      1111   0.06797
      1112   0.06797
      1113   0.06852
      1114   0.06797
      1115   0.06852
      1116   0.06797
      1117   0.06852
      1118   0.06797
      1119   0.06797
      1120   0.06797
      1121   0.06797
      1122   0.06797
      1123   0.06797
      1124   0.06852
      1125   0.06797
      1126   0.06797
      1127   0.06797
      1128   0.06797
      1129   0.06797
      1130   0.06797
      1131   0.06797
      1132   0.06797
      1133   0.06852
      1134   0.06797
      1135   0.06852
      1136   0.06797
      1137   0.06852
      1138   0.06797
      1139   0.06852
      1140   0.06797
      1141   0.06852
      1142   0.06797
      1143   0.06852
      1144   0.06797
      1145   0.06852
      1146   0.06797
      1147   0.06852
      1148   0.06797
      1149   0.06852
      1150   0.06797
      1151   0.06852
      1152   0.06797
      1153   0.06852
      1154   0.06797
      1155   0.06852
      1156   0.06797
      1157   0.06797
      1158   0.06797
      1159   0.06797
      1160   0.06852
      1161   0.06797
      1162   0.06797
      1163   0.06797
      1164   0.06797
      1165   0.06743
      1166   0.06797
      1167   0.06743
      1168   0.06743
      1169   0.06743
      1170   0.06688
      1171   0.06743
      1172   0.06688
      1173   0.06688
      1174   0.06688
      1175   0.06634
      1176   0.06634
      1177   0.06580
      1178   0.06580
      1179   0.06525
      1180   0.06471
      1181   0.06471
      1182   0.06417
      1183   0.06362
      1184   0.06362
      1185   0.06308
      1186   0.06199
      1187   0.06199
      1188   0.06090
      1189   0.06036
      1190   0.05982
      1191   0.05873
      1192   0.05818
      1193   0.05818
      1194   0.05710
      1195   0.05601
      1196   0.05546
      1197   0.05492
      1198   0.05383
      1199   0.05329
      1200   0.05275
      1201   0.05166
      1202   0.05818
      1203   0.06145
      1204   0.06362
      1205   0.06471
      1206   0.06688
      1207   0.06797
      1208   0.06797
      1209   0.06906
      1210   0.07015
      1211   0.07123
      1212   0.07123
      1213   0.07069
      1214   0.07015
      1215   0.06906
      1216   0.06852
      1217   0.06743
      1218   0.06634
      1219   0.06580
      1220   0.06471
      1221   0.06362
      1222   0.06308
      1223   0.06199
      1224   0.06145
      1225   0.06036
      1226   0.05982
      1227   0.05873
      1228   0.05710
      1229   0.05655
      1230   0.05546
      1231   0.05438
      1232   0.05383
      1233   0.05275
      1234   0.05166
      1235   0.05057
      1236   0.04948
      1237   0.04785
      1238   0.04731
      1239   0.04622
      1240   0.04513
      1241   0.04405
      1242   0.04241
      1243   0.04133
      1244   0.04078
      1245   0.03915
      1246   0.04024
      1247   0.04133
      1248   0.04187
      1249   0.04296
      1250   0.04350
      1251   0.04459
      1252   0.04513
      1253   0.04622
      1254   0.04676
      1255   0.04785
      1256   0.04840
      1257   0.04948
      1258   0.05003
      1259   0.05057
      1260   0.05166
      1261   0.05220
      1262   0.05275
      1263   0.05383
      1264   0.05438
      1265   0.05492
      1266   0.05601
      1267   0.05655
      1268   0.05710
      1269   0.05764
      1270   0.05873
      1271   0.05927
      1272   0.05982
      1273   0.06036
      1274   0.06090
      1275   0.06145
      1276   0.06199
      1277   0.06253
      1278   0.06308
      1279   0.06362
      1280   0.06417
      1281   0.06471
      1282   0.06525
      1283   0.06525
      1284   0.06580
      1285   0.06634
      1286   0.07015
      1287   0.07123
      1288   0.07069
      1289   0.06960
      1290   0.06852
      1291   0.06688
      1292   0.06525
      1293   0.06362
      1294   0.06090
      1295   0.05764
      1296   0.05003
      1297   0.05003
      1298   0.04948
      1299   0.04948
      1300   0.04894
      1301   0.04840
      1302   0.04840
      1303   0.04785
      1304   0.04731
      1305   0.04731
      1306   0.04676
      1307   0.04622
      1308   0.04568
      1309   0.04513
      1310   0.04459
      1311   0.04459
      1312   0.04405
      1313   0.04350
      1314   0.04296
      1315   0.04241
      1316   0.04187
      1317   0.04133
      1318   0.04078
      1319   0.04024
      1320   0.03970
      1321   0.03915
      1322   0.03806
      1323   0.03752
      1324   0.03698
      1325   0.03643
      1326   0.03589
      1327   0.03589
      1328   0.03643
      1329   0.03752
      1330   0.03861
      1331   0.03915
      1332   0.03970
      1333   0.04024
      1334   0.04078
      1335   0.04187
      1336   0.04241
      1337   0.04241
      1338   0.04296
      1339   0.04405
      1340   0.04405
      1341   0.04459
      1342   0.04459
      1343   0.04513
      1344   0.04513
      1345   0.04513
      1346   0.04568
      1347   0.04568
      1348   0.04513
      1349   0.04513
      1350   0.04513
      1351   0.04405
      1352   0.04296
      1353   0.03806
      1354   0.03208
      1355   0.03208
      1356   0.03263
      1357   0.03317
      1358   0.03317
      1359   0.03371
      1360   0.03371
      1361   0.03426
      1362   0.03426
      1363   0.03480
      1364   0.03535
      1365   0.03535
      1366   0.03589
      1367   0.03589
      1368   0.03698
      1369   0.03698
      1370   0.03698
      1371   0.03752
      1372   0.03752
      1373   0.03861
      1374   0.03915
      1375   0.03915
      1376   0.03970
      1377   0.04024
      1378   0.04078
      1379   0.04078
      1380   0.04133
      1381   0.04187
      1382   0.04241
      1383   0.04296
      1384   0.04350
      1385   0.04350
      1386   0.04459
      1387   0.04513
      1388   0.04568
      1389   0.04568
      1390   0.04676
      1391   0.04731
      1392   0.04785
      1393   0.04840
      1394   0.04948
      1395   0.04948
      1396   0.05003
      1397   0.05111
      1398   0.05166
      1399   0.05220
      1400   0.05275
      1401   0.05383
      1402   0.05438
      1403   0.05492
      1404   0.05601
      1405   0.05655
      1406   0.05710
      1407   0.05818
      1408   0.05873
      1409   0.05927
      1410   0.05927
      1411   0.06036
      1412   0.06090
      1413   0.06090
      1414   0.06199
      1415   0.06253
      1416   0.06308
      1417   0.06362
      1418   0.06362
      1419   0.06417
      1420   0.06471
      1421   0.06471
      1422   0.06525
      1423   0.06525
      1424   0.06525
      1425   0.06580
      1426   0.06580
      1427   0.06634
      1428   0.06634
      1429   0.06634
      1430   0.06688
      1431   0.06688
      1432   0.06743
      1433   0.06743
      1434   0.06688
      1435   0.06743
      1436   0.06743
      1437   0.06797
      1438   0.06743
      1439   0.06797
      1440   0.06797
      1441   0.06743
      1442   0.06797
      1443   0.06797
      1444   0.06797
      1445   0.06797
      1446   0.06797
      1447   0.06797
      1448   0.06852
      1449   0.06797
      1450   0.06852
      1451   0.06797
      1452   0.06797
      1453   0.06797
      1454   0.06797
      1455   0.06797
      1456   0.06797
      1457   0.06797
      1458   0.06797
      1459   0.06797
      1460   0.06797
      1461   0.06852
      1462   0.06797
      1463   0.06852
      1464   0.06797
      1465   0.06852
      1466   0.06797
      1467   0.06852
      1468   0.06797
      1469   0.06852
      1470   0.06797
      1471   0.06852
      1472   0.06797
      1473   0.06852
      1474   0.06797
      1475   0.06852
      1476   0.06797
      1477   0.06852
      1478   0.06797
      1479   0.06852
      1480   0.06797
      1481   0.06797
      1482   0.06797
      1483   0.06797
      1484   0.06797
      1485   0.06797
      1486   0.06797
      1487   0.06797
      1488   0.06797
      1489   0.06797
      1490   0.06797
      1491   0.06743
      1492   0.06797
      1493   0.06743
      1494   0.06743
      1495   0.06743
      1496   0.06743
      1497   0.06743
      1498   0.06688
      1499   0.06688
      1500   0.06688
      1501   0.06634
      1502   0.06634
      1503   0.06580
      1504   0.06580
      1505   0.06580
      1506   0.06525
      1507   0.06525
      1508   0.06471
      1509   0.06471
      1510   0.06417
      1511   0.06362
      1512   0.06362
      1513   0.06308
      1514   0.06253
      1515   0.06199
      1516   0.06199
      1517   0.06090
      1518   0.06036
      1519   0.06036
      1520   0.05927
      1521   0.05873
      1522   0.05818
      1523   0.05710
      1524   0.05655
      1525   0.05601
      1526   0.05546
      1527   0.05492
      1528   0.05438
      1529   0.05383
      1530   0.05275
      1531   0.05220
      1532   0.05166
      1533   0.05057
      1534   0.05003
      1535   0.04948
      1536   0.04894
      1537   0.04785
      1538   0.04731
      1539   0.04731
      1540   0.04622
      1541   0.04568
      1542   0.04513
      1543   0.04459
      1544   0.04405
      1545   0.04350
      1546   0.04296
      1547   0.04296
      1548   0.04241
      1549   0.04133
      1550   0.04133
      1551   0.04078
      1552   0.04024
      1553   0.03970
      1554   0.03915
      1555   0.03915
      1556   0.03861
      1557   0.03861
      1558   0.03752
      1559   0.03752
      1560   0.03698
      1561   0.03698
      1562   0.03589
      1563   0.03589
      1564   0.03535
      1565   0.03535
      1566   0.03535
      1567   0.03480
      1568   0.03426
      1569   0.03371
      1570   0.03371
      1571   0.03371
      1572   0.03317
      1573   0.03263
      1574   0.03208
      1575   0.03208
      1576   0.03208
      1577   0.03915
      1578   0.04459
      1579   0.04785
      1580   0.05057
      1581   0.05166
      1582   0.05166
      1583   0.05166
      1584   0.05111
      1585   0.05111
      1586   0.05057
      1587   0.05057
      1588   0.04948
      1589   0.04948
      1590   0.04894
      1591   0.04785
      1592   0.04731
      1593   0.04676
      1594   0.04622
      1595   0.04568
      1596   0.04459
      1597   0.04405
      1598   0.04296
      1599   0.04241
      1600   0.04133
      1601   0.04024
      1602   0.03915
      1603   0.03861
      1604   0.03752
      1605   0.03589
      1606   0.03535
      1607   0.03589
      1608   0.03698
      1609   0.03752
      1610   0.03806
      1611   0.03915
      1612   0.03970
      1613   0.04024
      1614   0.04078
      1615   0.04187
      1616   0.04241
      1617   0.04296
      1618   0.04350
      1619   0.04405
      1620   0.04459
      1621   0.04568
      1622   0.04622
      1623   0.04676
      1624   0.04731
      1625   0.04785
      1626   0.04840
      1627   0.04894
      1628   0.04948
      1629   0.05003
      1630   0.05057
      1631   0.05111
      1632   0.05166
      1633   0.05220
      1634   0.05275
      1635   0.05275
      1636   0.05329
      1637   0.05383
      1638   0.05438
      1639   0.05438
      1640   0.05492
      1641   0.05546
      1642   0.05546
      1643   0.05601
      1644   0.05601
      1645   0.05655
      1646   0.05655
      1647   0.05546
      1648   0.05438
      1649   0.05275
      1650   0.05111
      1651   0.04840
      1652   0.04350
      1653   0.04350
      1654   0.04350
      1655   0.04350
      1656   0.04350
      1657   0.04350
      1658   0.04350
      1659   0.04350
      1660   0.04350
      1661   0.04350
      1662   0.04350
      1663   0.04350
      1664   0.04350
      1665   0.04350
      1666   0.04350
      1667   0.04350
      1668   0.04350
      1669   0.04350
      1670   0.04350
      1671   0.04350
      1672   0.04350
      1673   0.04350
      1674   0.04350
      1675   0.04350
      1676   0.04350
      1677   0.04350
      1678   0.04350
      1679   0.04350
      1680   0.04350
      1681   0.04350
      1682   0.04350
      1683   0.04350
      1684   0.04350
      1685   0.04350
      1686   0.04350
      1687   0.04350
      1688   0.04350
      1689   0.04350
      1690   0.04350
      1691   0.04350
      1692   0.04350
      1693   0.04350
      1694   0.04350
      1695   0.04350
      1696   0.04350
      1697   0.04350
      1698   0.04350
      1699   0.04350
      1700   0.04350
      1701   0.04350
      1702   0.04350
      1703   0.04350
      1704   0.04350
      1705   0.04350
      1706   0.04350
      1707   0.04350
      1708   0.04350
      1709   0.04350
      1710   0.04350
      1711   0.04350
      1712   0.04350
      1713   0.04350
      1714   0.04350
      1715   0.04350
      1716   0.04350
      1717   0.04350
      1718   0.04350
      1719   0.04350
      1720   0.04350
      1721   0.04350
      1722   0.04350
      1723   0.04350
      1724   0.04350
      1725   0.04350
      1726   0.04350
      1727   0.04350
      1728   0.04350
      1729   0.04350
      1730   0.04350
      1731   0.04350
      1732   0.04350
      1733   0.04350
      1734   0.04350
      1735   0.04350
      1736   0.04350
      1737   0.04350
      1738   0.04350
      1739   0.04350
      1740   0.04350
      1741   0.04350
      1742   0.04350
      1743   0.04350
      1744   0.04350
      1745   0.04350
      1746   0.04350
      1747   0.04350
      1748   0.04350
      1749   0.04350
      1750   0.04350
      1751   0.04350
      1752   0.04350
      1753   0.04350
      1754   0.04350
      1755   0.04350
      1756   0.04350
      1757   0.04350
      1758   0.04350
      1759   0.04350
      1760   0.04350
      1761   0.04350
      1762   0.04350
      1763   0.04350
      1764   0.04350
      1765   0.04350
      1766   0.04350
      1767   0.04350
      1768   0.04350
      1769   0.04350
      1770   0.04350
      1771   0.04350
      1772   0.04350
      1773   0.04350
      1774   0.04350
      1775   0.04350
      1776   0.04350
      1777   0.04350
      1778   0.04350
      1779   0.04350
      1780   0.04350
      1781   0.04350
      1782   0.04350
      1783   0.04350
      1784   0.04350
      1785   0.04350
      1786   0.04350
      1787   0.04350
      1788   0.04350
      1789   0.04350
      1790   0.04350
      1791   0.04350
      1792   0.04350
      1793   0.04350
      1794   0.04350
      1795   0.04350
      1796   0.04350
      1797   0.04350
      1798   0.04350
      1799   0.04350
      1800   0.04296
      1801   0.04241
      1802   0.04187
      1803   0.04133
      1804   0.04078
      1805   0.04024
      1806   0.03970
      1807   0.03915
      1808   0.03861
      1809   0.03806
      1810   0.03752
      1811   0.03698
      1812   0.03643
      1813   0.03589
      1814   0.03535
      1815   0.03480
      1816   0.03426
      1817   0.03371
      1818   0.03317
      1819   0.03263
      1820   0.03208
      1821   0.03154
      1822   0.03100
      1823   0.03045
      1824   0.02991
      1825   0.02936
      1826   0.02882
      1827   0.02828
      1828   0.02773
      1829   0.02719
      1830   0.02664
      1831   0.02610
      1832   0.02556
      1833   0.02501
      1834   0.02447
      1835   0.02393
      1836   0.02338
      1837   0.02284
      1838   0.02229
      1839   0.02175
