9.046 23.111 -2.113 
5.6 24.861 -2.454 
2.566 23.426 -0.805 
-0.928 23.318 -2.158 
-3.86 24.11 0.112 
-7.396 23.135 -0.911 
-10.051 25.425 0.561 
-13.827 25.07 0.966 
-16.3 27.899 1.54 
-19.617 27.828 3.385 
-21.297 27.786 -0.039 
-19.439 24.479 -0.764 
-17.148 26.08 -3.348 
-13.593 24.768 -3.518 
-10.368 26.269 -4.8 
-6.622 25.849 -4.358 
-3.838 28.185 -3.192 
-0.121 27.471 -3.688 
2.287 28.855 -1.094 
5.689 28.329 0.475 
5.838 26.233 3.742 
7.368 29.105 5.704 
4.679 31.584 4.616 
2.155 32.243 7.376 
-1.589 31.797 7.718 
-1.854 35.583 7.192 
-0.228 35.145 3.707 
-2.77 32.357 3.001 
-5.607 34.738 3.885 
-4.115 37.448 1.591 
-3.933 34.88 -1.209 
-7.552 33.869 -0.548 
-8.618 37.538 -0.73 
-6.82 37.86 -4.096 
-8.544 34.733 -5.433 
-12.02 35.269 -3.937 
-12.239 39.069 -3.574 
-12.243 41.707 -0.824 
-16.077 41.993 -0.971 
-16.807 38.467 0.414 
-13.335 37.408 1.719 
-11.591 40.361 3.344 
-8.459 39.207 5.209 
-9.675 40.645 8.547 
-12.881 38.681 8.412 
-11.499 35.289 7.396 
-11.474 32.387 9.847 
-9.652 29.282 8.668 
-10.62 25.937 10.252 
-8.504 22.771 10.077 
-7.836 19.777 12.391 
-10.231 21.145 15.056 
-8.414 24.478 15.225 
-8.847 28.05 14.159 
-5.6 28.786 12.279 
-3.584 31.671 13.746 
-2.22 34.442 11.409 
1.462 34.39 12.392 
1.987 30.633 12.292 
3.972 29.256 9.326 
1.653 27.062 7.339 
3.946 24.041 7.68 
3.326 23.992 11.44 
-0.288 22.915 10.906 
0.794 19.931 8.699 
-2.029 20.456 6.243 
-2.598 17.612 3.76 
-3.373 18.804 0.093 
-5.988 15.918 0.079 
-8.09 17.446 2.831 
-9.993 20.762 3.004 
-9.28 23.927 5.015 
-12.663 25.559 5.579 
-12.76 29.372 5.1 
-15.554 31.248 6.904 
-15.977 34.974 7.096 
-17.307 36.846 10.206 
