         1   0.19267
         2   0.19267
         3   0.19330
         4   0.19330
         5   0.19394
         6   0.19394
         7   0.19394
         8   0.19457
         9   0.19457
        10   0.19457
        11   0.19520
        12   0.19520
        13   0.19520
        14   0.19583
        15   0.19583
        16   0.19583
        17   0.19646
        18   0.19646
        19   0.19646
        20   0.19709
        21   0.19709
        22   0.19709
        23   0.19709
        24   0.19773
        25   0.19773
        26   0.19773
        27   0.19836
        28   0.19836
        29   0.19836
        30   0.19836
        31   0.19899
        32   0.19899
        33   0.19899
        34   0.19899
        35   0.19899
        36   0.19962
        37   0.19962
        38   0.19962
        39   0.19962
        40   0.19962
        41   0.20025
        42   0.20025
        43   0.20025
        44   0.20025
        45   0.20025
        46   0.20025
        47   0.20088
        48   0.20088
        49   0.20088
        50   0.20088
        51   0.20088
        52   0.20088
        53   0.20088
        54   0.20152
        55   0.20152
        56   0.20152
        57   0.20152
        58   0.20152
        59   0.20152
        60   0.20152
        61   0.20152
        62   0.20152
        63   0.20152
        64   0.20215
        65   0.20215
        66   0.20215
        67   0.20215
        68   0.20215
        69   0.20215
        70   0.20215
        71   0.20215
        72   0.20215
        73   0.20215
        74   0.20215
        75   0.20215
        76   0.20215
        77   0.20215
        78   0.20215
        79   0.20215
        80   0.20215
        81   0.20215
        82   0.20215
        83   0.20215
        84   0.20215
        85   0.20215
        86   0.20215
        87   0.20215
        88   0.20215
        89   0.20215
        90   0.20215
        91   0.20215
        92   0.20215
        93   0.20215
        94   0.20215
        95   0.20215
        96   0.20152
        97   0.20152
        98   0.20152
        99   0.20152
       100   0.20152
       101   0.20215
       102   0.20278
       103   0.20341
       104   0.20404
       105   0.20467
       106   0.20531
       107   0.20594
       108   0.20657
       109   0.20720
       110   0.20783
       111   0.20846
       112   0.20910
       113   0.20973
       114   0.21036
       115   0.21099
       116   0.21162
       117   0.21226
       118   0.21289
       119   0.21352
       120   0.21415
       121   0.21478
       122   0.21541
       123   0.21605
       124   0.21668
       125   0.21731
       126   0.21794
       127   0.21857
       128   0.21920
       129   0.21984
       130   0.22047
       131   0.22110
       132   0.22173
       133   0.22678
       134   0.24005
       135   0.24826
       136   0.25395
       137   0.25900
       138   0.26406
       139   0.26785
       140   0.27164
       141   0.27543
       142   0.27922
       143   0.28238
       144   0.28553
       145   0.28869
       146   0.29122
       147   0.29438
       148   0.29754
       149   0.29943
       150   0.30259
       151   0.30512
       152   0.30764
       153   0.30954
       154   0.31270
       155   0.31459
       156   0.31712
       157   0.31965
       158   0.32154
       159   0.32407
       160   0.32660
       161   0.32849
       162   0.33102
       163   0.33291
       164   0.33481
       165   0.33670
       166   0.33860
       167   0.34049
       168   0.34239
       169   0.34491
       170   0.34744
       171   0.35060
       172   0.35376
       173   0.35692
       174   0.36071
       175   0.36323
       176   0.36639
       177   0.36955
       178   0.37271
       179   0.37524
       180   0.37840
       181   0.38092
       182   0.38345
       183   0.38534
       184   0.38787
       185   0.39040
       186   0.39356
       187   0.39545
       188   0.39798
       189   0.40051
       190   0.40303
       191   0.40493
       192   0.40682
       193   0.40935
       194   0.41188
       195   0.41377
       196   0.41503
       197   0.41756
       198   0.42009
       199   0.42198
       200   0.42388
       201   0.42577
       202   0.42767
       203   0.42956
       204   0.43209
       205   0.43335
       206   0.43525
       207   0.43778
       208   0.43904
       209   0.44093
       210   0.44283
       211   0.44473
       212   0.44599
       213   0.44788
       214   0.44978
       215   0.46052
       216   0.47757
       217   0.48831
       218   0.49653
       219   0.50474
       220   0.51232
       221   0.51800
       222   0.52432
       223   0.52937
       224   0.53506
       225   0.53948
       226   0.54517
       227   0.54896
       228   0.55464
       229   0.55843
       230   0.56286
       231   0.56665
       232   0.57107
       233   0.57486
       234   0.57928
       235   0.58181
       236   0.58623
       237   0.58876
       238   0.59381
       239   0.59697
       240   0.60013
       241   0.60392
       242   0.60708
       243   0.61023
       244   0.61276
       245   0.61592
       246   0.62034
       247   0.62224
       248   0.62603
       249   0.62792
       250   0.63171
       251   0.63424
       252   0.63677
       253   0.63929
       254   0.64245
       255   0.64498
       256   0.64750
       257   0.64877
       258   0.65066
       259   0.65193
       260   0.65382
       261   0.65572
       262   0.65761
       263   0.65824
       264   0.65951
       265   0.66203
       266   0.66330
       267   0.66393
       268   0.66582
       269   0.66709
       270   0.66898
       271   0.67025
       272   0.67151
       273   0.67277
       274   0.67404
       275   0.67467
       276   0.67656
       277   0.67846
       278   0.67972
       279   0.68099
       280   0.68162
       281   0.68351
       282   0.68414
       283   0.68541
       284   0.68667
       285   0.68793
       286   0.68857
       287   0.69046
       288   0.69109
       289   0.69236
       290   0.69299
       291   0.69488
       292   0.69551
       293   0.69678
       294   0.69741
       295   0.69867
       296   0.69931
       297   0.70057
       298   0.70183
       299   0.70246
       300   0.70373
       301   0.70499
       302   0.70562
       303   0.70625
       304   0.70752
       305   0.70815
       306   0.70941
       307   0.70878
       308   0.70878
       309   0.70752
       310   0.70625
       311   0.70499
       312   0.70436
       313   0.70373
       314   0.70183
       315   0.69994
       316   0.69931
       317   0.69678
       318   0.69425
       319   0.69046
       320   0.68667
       321   0.67909
       322   0.65888
       323   0.65824
       324   0.65824
       325   0.65951
       326   0.65951
       327   0.65888
       328   0.65888
       329   0.65888
       330   0.65888
       331   0.65951
       332   0.65951
       333   0.65951
       334   0.65888
       335   0.65951
       336   0.67467
       337   0.68478
       338   0.69362
       339   0.69994
       340   0.70562
       341   0.71194
       342   0.71699
       343   0.72142
       344   0.72647
       345   0.73279
       346   0.73847
       347   0.74352
       348   0.74921
       349   0.75363
       350   0.75805
       351   0.76248
       352   0.76563
       353   0.76943
       354   0.77322
       355   0.77574
       356   0.77890
       357   0.78206
       358   0.78269
       359   0.78395
       360   0.78459
       361   0.78585
       362   0.78648
       363   0.78711
       364   0.78774
       365   0.78901
       366   0.78901
       367   0.79027
       368   0.79090
       369   0.79090
       370   0.79090
       371   0.79217
       372   0.79217
       373   0.79154
       374   0.79154
       375   0.79217
       376   0.79217
       377   0.79217
       378   0.79217
       379   0.79217
       380   0.79154
       381   0.79154
       382   0.79154
       383   0.79154
       384   0.79090
       385   0.79027
       386   0.79027
       387   0.79090
       388   0.79027
       389   0.78964
       390   0.79217
       391   0.79469
       392   0.79722
       393   0.79912
       394   0.80164
       395   0.80354
       396   0.80606
       397   0.80859
       398   0.80985
       399   0.81238
       400   0.81491
       401   0.81680
       402   0.81870
       403   0.82059
       404   0.82375
       405   0.82565
       406   0.82817
       407   0.82944
       408   0.83133
       409   0.83323
       410   0.83449
       411   0.83702
       412   0.83955
       413   0.84081
       414   0.84270
       415   0.84460
       416   0.84586
       417   0.84839
       418   0.84965
       419   0.85218
       420   0.85407
       421   0.85471
       422   0.85723
       423   0.85786
       424   0.85976
       425   0.86166
       426   0.86355
       427   0.86545
       428   0.86671
       429   0.86860
       430   0.86924
       431   0.87176
       432   0.87239
       433   0.87429
       434   0.87618
       435   0.87745
       436   0.87871
       437   0.87997
       438   0.88124
       439   0.88061
       440   0.88061
       441   0.87997
       442   0.87997
       443   0.87934
       444   0.87934
       445   0.87871
       446   0.87871
       447   0.87808
       448   0.87808
       449   0.87745
       450   0.87745
       451   0.87682
       452   0.87618
       453   0.87618
       454   0.87555
       455   0.87555
       456   0.87492
       457   0.87492
       458   0.87429
       459   0.87429
       460   0.87366
       461   0.87303
       462   0.87303
       463   0.87239
       464   0.87239
       465   0.87176
       466   0.87113
       467   0.87113
       468   0.87050
       469   0.87050
       470   0.86987
       471   0.86924
       472   0.86924
       473   0.86860
       474   0.86797
       475   0.86797
       476   0.86734
       477   0.86671
       478   0.86671
       479   0.86608
       480   0.86545
       481   0.86545
       482   0.86481
       483   0.86418
       484   0.86418
       485   0.86355
       486   0.86292
       487   0.86229
       488   0.86229
       489   0.86166
       490   0.86102
       491   0.86039
       492   0.86039
       493   0.85976
       494   0.85913
       495   0.85850
       496   0.85850
       497   0.85786
       498   0.85723
       499   0.85660
       500   0.85597
       501   0.85597
       502   0.85534
       503   0.85471
       504   0.85407
       505   0.85344
       506   0.85344
       507   0.85281
       508   0.85218
       509   0.85155
       510   0.85092
       511   0.85028
       512   0.84965
       513   0.84965
       514   0.84902
       515   0.84839
       516   0.84776
       517   0.84713
       518   0.84649
       519   0.84586
       520   0.84523
       521   0.84460
       522   0.84397
       523   0.84334
       524   0.84270
       525   0.84207
       526   0.84144
       527   0.84081
       528   0.84018
       529   0.83955
       530   0.83891
       531   0.83828
       532   0.83955
       533   0.84081
       534   0.84207
       535   0.84334
       536   0.84460
       537   0.84523
       538   0.84649
       539   0.84776
       540   0.84902
       541   0.84965
       542   0.85092
       543   0.85218
       544   0.85281
       545   0.85407
       546   0.85534
       547   0.85597
       548   0.85723
       549   0.85786
       550   0.85913
       551   0.85976
       552   0.86102
       553   0.86166
       554   0.86292
       555   0.86355
       556   0.86481
       557   0.86545
       558   0.86671
       559   0.86734
       560   0.86860
       561   0.86924
       562   0.86987
       563   0.87113
       564   0.87176
       565   0.87239
       566   0.87366
       567   0.87429
       568   0.87492
       569   0.87555
       570   0.87682
       571   0.87745
       572   0.87808
       573   0.87871
       574   0.87997
       575   0.88061
       576   0.88124
       577   0.88187
       578   0.88250
       579   0.88313
       580   0.88377
       581   0.88503
       582   0.88566
       583   0.88629
       584   0.88692
       585   0.88756
       586   0.88819
       587   0.88882
       588   0.88945
       589   0.89008
       590   0.89071
       591   0.89135
       592   0.89198
       593   0.89261
       594   0.89324
       595   0.89324
       596   0.89387
       597   0.89450
       598   0.89514
       599   0.89577
       600   0.89640
       601   0.89703
       602   0.89766
       603   0.89766
       604   0.89829
       605   0.89893
       606   0.89956
       607   0.89956
       608   0.90019
       609   0.90082
       610   0.90145
       611   0.90145
       612   0.90208
       613   0.90272
       614   0.90272
       615   0.90335
       616   0.90398
       617   0.90398
       618   0.90461
       619   0.90524
       620   0.90524
       621   0.90587
       622   0.90651
       623   0.90651
       624   0.90714
       625   0.90714
       626   0.90777
       627   0.90777
       628   0.90840
       629   0.90840
       630   0.90903
       631   0.90903
       632   0.90967
       633   0.90967
       634   0.91030
       635   0.91030
       636   0.91093
       637   0.91093
       638   0.91093
       639   0.91156
       640   0.91156
       641   0.91219
       642   0.91219
       643   0.91219
       644   0.91282
       645   0.91282
       646   0.91282
       647   0.91346
       648   0.91346
       649   0.91346
       650   0.91219
       651   0.91156
       652   0.90967
       653   0.90714
       654   0.90524
       655   0.90398
       656   0.90145
       657   0.89893
       658   0.89703
       659   0.89324
       660   0.88945
       661   0.88945
       662   0.88882
       663   0.88882
       664   0.88882
       665   0.88882
       666   0.88819
       667   0.88819
       668   0.88819
       669   0.88819
       670   0.88756
       671   0.88819
       672   0.88819
       673   0.88819
       674   0.88756
       675   0.88756
       676   0.88756
       677   0.88756
       678   0.88692
       679   0.88629
       680   0.88629
       681   0.88629
       682   0.88629
       683   0.88629
       684   0.88629
       685   0.88566
       686   0.88566
       687   0.88566
       688   0.88503
       689   0.88503
       690   0.88503
       691   0.88503
       692   0.88440
       693   0.88440
       694   0.88377
       695   0.88377
       696   0.88377
       697   0.88377
       698   0.88313
       699   0.88313
       700   0.88313
       701   0.88250
       702   0.88250
       703   0.88250
       704   0.88187
       705   0.88124
       706   0.88124
       707   0.88061
       708   0.88061
       709   0.88061
       710   0.87997
       711   0.87997
       712   0.87934
       713   0.87934
       714   0.87934
       715   0.87871
       716   0.87871
       717   0.87808
       718   0.87808
       719   0.87745
       720   0.87745
       721   0.87682
       722   0.87618
       723   0.87618
       724   0.87555
       725   0.87618
       726   0.87555
       727   0.87492
       728   0.87492
       729   0.87429
       730   0.87429
       731   0.87366
       732   0.87303
       733   0.87239
       734   0.87239
       735   0.87176
       736   0.87176
       737   0.87113
       738   0.87113
       739   0.87050
       740   0.86987
       741   0.86924
       742   0.86924
       743   0.86860
       744   0.86860
       745   0.86797
       746   0.86734
       747   0.86671
       748   0.86608
       749   0.86545
       750   0.86545
       751   0.86481
       752   0.86545
       753   0.86545
       754   0.86608
       755   0.86671
       756   0.86734
       757   0.86734
       758   0.86797
       759   0.86797
       760   0.86924
       761   0.86924
       762   0.86924
       763   0.86987
       764   0.86987
       765   0.86987
       766   0.86987
       767   0.87050
       768   0.87050
       769   0.87050
       770   0.87050
       771   0.87050
       772   0.87050
       773   0.87113
       774   0.87113
       775   0.87113
       776   0.87113
       777   0.87050
       778   0.87050
       779   0.87050
       780   0.87050
       781   0.86987
       782   0.86924
       783   0.86797
       784   0.86734
       785   0.86608
       786   0.86481
       787   0.86418
       788   0.86292
       789   0.86166
       790   0.86102
       791   0.85976
       792   0.85850
       793   0.85723
       794   0.85597
       795   0.85471
       796   0.85344
       797   0.85218
       798   0.85092
       799   0.84965
       800   0.84839
       801   0.84713
       802   0.84586
       803   0.84460
       804   0.84334
       805   0.84207
       806   0.84018
       807   0.83891
       808   0.83765
       809   0.83575
       810   0.83449
       811   0.83260
       812   0.83070
       813   0.82944
       814   0.82754
       815   0.82565
       816   0.82438
       817   0.82249
       818   0.82059
       819   0.81870
       820   0.81617
       821   0.81428
       822   0.81238
       823   0.80985
       824   0.80796
       825   0.80543
       826   0.80291
       827   0.80038
       828   0.79722
       829   0.79469
       830   0.79154
       831   0.78838
       832   0.78459
       833   0.78016
       834   0.77511
       835   0.76816
       836   0.75363
       837   0.75300
       838   0.75237
       839   0.75174
       840   0.75111
       841   0.75047
       842   0.74984
       843   0.74921
       844   0.74795
       845   0.74732
       846   0.74668
       847   0.74605
       848   0.74542
       849   0.74479
       850   0.74416
       851   0.74352
       852   0.74289
       853   0.74163
       854   0.74100
       855   0.74037
       856   0.73973
       857   0.73910
       858   0.73784
       859   0.73721
       860   0.73658
       861   0.73594
       862   0.73531
       863   0.73405
       864   0.73342
       865   0.73279
       866   0.73152
       867   0.73089
       868   0.73026
       869   0.72963
       870   0.72836
       871   0.72773
       872   0.72647
       873   0.70183
       874   0.68604
       875   0.67404
       876   0.66456
       877   0.66330
       878   0.67088
       879   0.67909
       880   0.68983
       881   0.70310
       882   0.72710
       883   0.72773
       884   0.72900
       885   0.72963
       886   0.73026
       887   0.73089
       888   0.73152
       889   0.73215
       890   0.73342
       891   0.73405
       892   0.73468
       893   0.73531
       894   0.73594
       895   0.73658
       896   0.73721
       897   0.73784
       898   0.73847
       899   0.73910
       900   0.73973
       901   0.74037
       902   0.74100
       903   0.74163
       904   0.74226
       905   0.74289
       906   0.74352
       907   0.74416
       908   0.74479
       909   0.74479
       910   0.74542
       911   0.74605
       912   0.74668
       913   0.74732
       914   0.74795
       915   0.74795
       916   0.74858
       917   0.74921
       918   0.74984
       919   0.75047
       920   0.75047
       921   0.75111
       922   0.75174
       923   0.75237
       924   0.75237
       925   0.75300
       926   0.75363
       927   0.75363
       928   0.75426
       929   0.75553
       930   0.75616
       931   0.75679
       932   0.75805
       933   0.75869
       934   0.75932
       935   0.76058
       936   0.76121
       937   0.76184
       938   0.76248
       939   0.76311
       940   0.76374
       941   0.76437
       942   0.76500
       943   0.76563
       944   0.76563
       945   0.76627
       946   0.76690
       947   0.76753
       948   0.76816
       949   0.76816
       950   0.76879
       951   0.76943
       952   0.76943
       953   0.77006
       954   0.77006
       955   0.77069
       956   0.77132
       957   0.77132
       958   0.77195
       959   0.77195
       960   0.77258
       961   0.77258
       962   0.77322
       963   0.77322
       964   0.77385
       965   0.77385
       966   0.77448
       967   0.77448
       968   0.77448
       969   0.77511
       970   0.77511
       971   0.77574
       972   0.77574
       973   0.77574
       974   0.77637
       975   0.77637
       976   0.77637
       977   0.77701
       978   0.77701
       979   0.77701
       980   0.77764
       981   0.77764
       982   0.77764
       983   0.77764
       984   0.77827
       985   0.77827
       986   0.77827
       987   0.77827
       988   0.77890
       989   0.77890
       990   0.77890
       991   0.77890
       992   0.77953
       993   0.77953
       994   0.77953
       995   0.77953
       996   0.78016
       997   0.78016
       998   0.78016
       999   0.78016
      1000   0.78016
      1001   0.78080
      1002   0.78080
      1003   0.78080
      1004   0.78080
      1005   0.78080
      1006   0.78143
      1007   0.78143
      1008   0.78143
      1009   0.78143
      1010   0.78143
      1011   0.78206
      1012   0.78206
      1013   0.78206
      1014   0.78206
      1015   0.78206
      1016   0.78206
      1017   0.78269
      1018   0.78269
      1019   0.78269
      1020   0.78269
      1021   0.78269
      1022   0.78332
      1023   0.78332
      1024   0.78332
      1025   0.78332
      1026   0.78332
      1027   0.78332
      1028   0.78332
      1029   0.78395
      1030   0.78395
      1031   0.78395
      1032   0.78395
      1033   0.78395
      1034   0.78395
      1035   0.78459
      1036   0.78459
      1037   0.78459
      1038   0.78459
      1039   0.78459
      1040   0.78459
      1041   0.78459
      1042   0.78522
      1043   0.78522
      1044   0.78522
      1045   0.78522
      1046   0.78522
      1047   0.78522
      1048   0.78522
      1049   0.78585
      1050   0.78585
      1051   0.78585
      1052   0.78585
      1053   0.78585
      1054   0.78585
      1055   0.78585
      1056   0.78648
      1057   0.78648
      1058   0.78648
      1059   0.78648
      1060   0.78648
      1061   0.78648
      1062   0.78648
      1063   0.78648
      1064   0.78648
      1065   0.78711
      1066   0.78711
      1067   0.78711
      1068   0.78711
      1069   0.78711
      1070   0.78711
      1071   0.78711
      1072   0.78711
      1073   0.78711
      1074   0.78711
      1075   0.78774
      1076   0.78774
      1077   0.78774
      1078   0.78774
      1079   0.78774
      1080   0.78774
      1081   0.78774
      1082   0.78774
      1083   0.78774
      1084   0.78774
      1085   0.78774
      1086   0.78774
      1087   0.78774
      1088   0.78774
      1089   0.78774
      1090   0.78774
      1091   0.78774
      1092   0.78774
      1093   0.78774
      1094   0.78774
      1095   0.78774
      1096   0.78774
      1097   0.78774
      1098   0.78774
      1099   0.78711
      1100   0.78711
      1101   0.78711
      1102   0.78711
      1103   0.78711
      1104   0.78711
      1105   0.78711
      1106   0.78648
      1107   0.78648
      1108   0.78648
      1109   0.78648
      1110   0.78585
      1111   0.78585
      1112   0.78585
      1113   0.78522
      1114   0.78522
      1115   0.78522
      1116   0.78459
      1117   0.78459
      1118   0.78395
      1119   0.78395
      1120   0.78332
      1121   0.78269
      1122   0.78269
      1123   0.78206
      1124   0.78143
      1125   0.78143
      1126   0.78080
      1127   0.78016
      1128   0.77953
      1129   0.77890
      1130   0.77827
      1131   0.77701
      1132   0.77637
      1133   0.77511
      1134   0.77448
      1135   0.77322
      1136   0.77195
      1137   0.77069
      1138   0.76943
      1139   0.76753
      1140   0.76563
      1141   0.76311
      1142   0.75995
      1143   0.75553
      1144   0.75363
      1145   0.75300
      1146   0.75237
      1147   0.75111
      1148   0.75047
      1149   0.74984
      1150   0.74921
      1151   0.74858
      1152   0.74732
      1153   0.74668
      1154   0.74605
      1155   0.74479
      1156   0.74416
      1157   0.74352
      1158   0.74226
      1159   0.74163
      1160   0.74037
      1161   0.73973
      1162   0.73847
      1163   0.73784
      1164   0.73658
      1165   0.73468
      1166   0.73152
      1167   0.72836
      1168   0.72394
      1169   0.72078
      1170   0.71762
      1171   0.71383
      1172   0.71004
      1173   0.70625
      1174   0.70246
      1175   0.69804
      1176   0.69931
      1177   0.69994
      1178   0.70120
      1179   0.70310
      1180   0.70373
      1181   0.70436
      1182   0.70562
      1183   0.70689
      1184   0.70815
      1185   0.70878
      1186   0.70941
      1187   0.71131
      1188   0.71194
      1189   0.71320
      1190   0.71383
      1191   0.71447
      1192   0.71510
      1193   0.71699
      1194   0.71826
      1195   0.71889
      1196   0.71952
      1197   0.72015
      1198   0.72078
      1199   0.72268
      1200   0.72331
      1201   0.72394
      1202   0.72457
      1203   0.72584
      1204   0.72647
      1205   0.72773
      1206   0.72836
      1207   0.72900
      1208   0.73026
      1209   0.73089
      1210   0.73152
      1211   0.73594
      1212   0.75553
      1213   0.76500
      1214   0.77258
      1215   0.77827
      1216   0.78206
      1217   0.78395
      1218   0.78648
      1219   0.78838
      1220   0.79027
      1221   0.79280
      1222   0.79406
      1223   0.79659
      1224   0.79785
      1225   0.79912
      1226   0.80038
      1227   0.80164
      1228   0.80291
      1229   0.80417
      1230   0.80543
      1231   0.80670
      1232   0.80796
      1233   0.80859
      1234   0.80985
      1235   0.81112
      1236   0.81175
      1237   0.81301
      1238   0.81428
      1239   0.81554
      1240   0.81617
      1241   0.81680
      1242   0.81807
      1243   0.81870
      1244   0.81933
      1245   0.81996
      1246   0.82059
      1247   0.82186
      1248   0.82249
      1249   0.82312
      1250   0.82375
      1251   0.82438
      1252   0.82502
      1253   0.82565
      1254   0.82628
      1255   0.82754
      1256   0.82817
      1257   0.82944
      1258   0.82944
      1259   0.83007
      1260   0.83070
      1261   0.83133
      1262   0.83196
      1263   0.83260
      1264   0.83260
      1265   0.83323
      1266   0.83386
      1267   0.83512
      1268   0.83512
      1269   0.83575
      1270   0.83639
      1271   0.83639
      1272   0.83702
      1273   0.83828
      1274   0.83891
      1275   0.83955
      1276   0.83955
      1277   0.84018
      1278   0.84081
      1279   0.84081
      1280   0.84207
      1281   0.84207
      1282   0.84270
      1283   0.84270
      1284   0.84460
      1285   0.84460
      1286   0.84523
      1287   0.84523
      1288   0.84649
      1289   0.84649
      1290   0.84649
      1291   0.84713
      1292   0.84776
      1293   0.84839
      1294   0.84902
      1295   0.84965
      1296   0.85028
      1297   0.85028
      1298   0.85092
      1299   0.85155
      1300   0.85155
      1301   0.85218
      1302   0.85344
      1303   0.85344
      1304   0.85407
      1305   0.85471
      1306   0.85534
      1307   0.85534
      1308   0.85597
      1309   0.85660
      1310   0.85723
      1311   0.85786
      1312   0.85786
      1313   0.85850
      1314   0.85913
      1315   0.85976
      1316   0.86039
      1317   0.86039
      1318   0.86039
      1319   0.86102
      1320   0.86166
      1321   0.86166
      1322   0.86102
      1323   0.86102
      1324   0.86102
      1325   0.86102
      1326   0.86102
      1327   0.86039
      1328   0.86039
      1329   0.86039
      1330   0.86039
      1331   0.86039
      1332   0.86039
      1333   0.86039
      1334   0.85976
      1335   0.85913
      1336   0.85913
      1337   0.85913
      1338   0.85976
      1339   0.85976
      1340   0.85976
      1341   0.85976
      1342   0.85976
      1343   0.85913
      1344   0.85913
      1345   0.85913
      1346   0.85913
      1347   0.85850
      1348   0.85850
      1349   0.85850
      1350   0.85850
      1351   0.85850
      1352   0.85786
      1353   0.85786
      1354   0.85786
      1355   0.85786
      1356   0.85786
      1357   0.85786
      1358   0.85786
      1359   0.85786
      1360   0.85786
      1361   0.85786
      1362   0.85786
      1363   0.85786
      1364   0.85786
      1365   0.85723
      1366   0.85723
      1367   0.85723
      1368   0.85723
      1369   0.85723
      1370   0.85723
      1371   0.85723
      1372   0.85660
      1373   0.85660
      1374   0.85660
      1375   0.85660
      1376   0.85660
      1377   0.85660
      1378   0.85597
      1379   0.85597
      1380   0.85660
      1381   0.85660
      1382   0.85660
      1383   0.85597
      1384   0.85597
      1385   0.85660
      1386   0.85660
      1387   0.85660
      1388   0.85597
      1389   0.85597
      1390   0.85597
      1391   0.85660
      1392   0.85597
      1393   0.85597
      1394   0.85597
      1395   0.85597
      1396   0.85534
      1397   0.85597
      1398   0.85597
      1399   0.85597
      1400   0.85597
      1401   0.85597
      1402   0.85534
      1403   0.85534
      1404   0.85534
      1405   0.85534
      1406   0.85597
      1407   0.85597
      1408   0.85534
      1409   0.85534
      1410   0.85534
      1411   0.85471
      1412   0.85597
      1413   0.85597
      1414   0.85534
      1415   0.85534
      1416   0.85471
      1417   0.85471
      1418   0.85471
      1419   0.85407
      1420   0.85407
      1421   0.85344
      1422   0.85344
      1423   0.85344
      1424   0.85281
      1425   0.85281
      1426   0.85218
      1427   0.85218
      1428   0.85155
      1429   0.85155
      1430   0.85092
      1431   0.85092
      1432   0.85028
      1433   0.85028
      1434   0.84965
      1435   0.84965
      1436   0.84902
      1437   0.84902
      1438   0.84839
      1439   0.84839
      1440   0.84776
      1441   0.84776
      1442   0.84713
      1443   0.84713
      1444   0.84649
      1445   0.84649
      1446   0.84586
      1447   0.84523
      1448   0.84523
      1449   0.84460
      1450   0.84460
      1451   0.84397
      1452   0.84334
      1453   0.84334
      1454   0.84270
      1455   0.84207
      1456   0.84207
      1457   0.84144
      1458   0.84144
      1459   0.84081
      1460   0.84018
      1461   0.83955
      1462   0.83955
      1463   0.83891
      1464   0.83828
      1465   0.83828
      1466   0.83765
      1467   0.83702
      1468   0.83702
      1469   0.83639
      1470   0.83575
      1471   0.83512
      1472   0.83512
      1473   0.83449
      1474   0.83386
      1475   0.83323
      1476   0.83260
      1477   0.83260
      1478   0.83196
      1479   0.83133
      1480   0.83070
      1481   0.83007
      1482   0.82944
      1483   0.82944
      1484   0.82881
      1485   0.82817
      1486   0.82754
      1487   0.82691
      1488   0.82628
      1489   0.82565
      1490   0.82502
      1491   0.82502
      1492   0.82438
      1493   0.82375
      1494   0.82312
      1495   0.82249
      1496   0.82186
      1497   0.82123
      1498   0.82059
      1499   0.81996
      1500   0.81933
      1501   0.81870
      1502   0.81807
      1503   0.81744
      1504   0.81680
      1505   0.81617
      1506   0.81554
      1507   0.81491
      1508   0.81364
      1509   0.81301
      1510   0.81238
      1511   0.81175
      1512   0.81112
      1513   0.81049
      1514   0.80985
      1515   0.80922
      1516   0.80796
      1517   0.80733
      1518   0.80670
      1519   0.80606
      1520   0.80543
      1521   0.80417
      1522   0.80354
      1523   0.80291
      1524   0.80227
      1525   0.80164
      1526   0.80038
      1527   0.79975
      1528   0.79912
      1529   0.79785
      1530   0.79659
      1531   0.79406
      1532   0.78964
      1533   0.78648
      1534   0.78143
      1535   0.76248
      1536   0.74163
      1537   0.72205
      1538   0.70246
      1539   0.68351
      1540   0.66582
      1541   0.65256
      1542   0.63992
      1543   0.62919
      1544   0.61845
      1545   0.60960
      1546   0.60202
      1547   0.60392
      1548   0.60581
      1549   0.60834
      1550   0.61087
      1551   0.61339
      1552   0.61529
      1553   0.61781
      1554   0.62034
      1555   0.62160
      1556   0.62539
      1557   0.62792
      1558   0.63045
      1559   0.63424
      1560   0.63740
      1561   0.64056
      1562   0.64498
      1563   0.65066
      1564   0.65824
      1565   0.67972
      1566   0.69362
      1567   0.69931
      1568   0.70436
      1569   0.70878
      1570   0.71131
      1571   0.71320
      1572   0.71383
      1573   0.71447
      1574   0.71383
      1575   0.71447
      1576   0.71510
      1577   0.71510
      1578   0.71573
      1579   0.71573
      1580   0.71573
      1581   0.71573
      1582   0.71636
      1583   0.71636
