         1   0.21352
         2   0.21415
         3   0.21415
         4   0.21415
         5   0.21415
         6   0.21478
         7   0.21478
         8   0.21478
         9   0.21541
        10   0.21541
        11   0.21541
        12   0.21605
        13   0.21605
        14   0.21605
        15   0.21605
        16   0.21668
        17   0.21668
        18   0.21668
        19   0.21668
        20   0.21731
        21   0.21731
        22   0.21731
        23   0.21731
        24   0.21794
        25   0.21794
        26   0.21794
        27   0.21794
        28   0.21794
        29   0.21857
        30   0.21857
        31   0.21857
        32   0.21857
        33   0.21857
        34   0.21920
        35   0.21920
        36   0.21920
        37   0.21920
        38   0.21920
        39   0.21920
        40   0.21984
        41   0.21984
        42   0.21984
        43   0.21984
        44   0.21984
        45   0.21984
        46   0.21984
        47   0.22047
        48   0.22047
        49   0.22047
        50   0.22047
        51   0.22047
        52   0.22047
        53   0.22047
        54   0.22047
        55   0.22047
        56   0.22047
        57   0.22110
        58   0.22110
        59   0.22110
        60   0.22110
        61   0.22110
        62   0.22110
        63   0.22110
        64   0.22110
        65   0.22110
        66   0.22110
        67   0.22110
        68   0.22110
        69   0.22110
        70   0.22110
        71   0.22110
        72   0.22110
        73   0.22110
        74   0.22110
        75   0.22110
        76   0.22110
        77   0.22110
        78   0.22110
        79   0.22110
        80   0.22110
        81   0.22110
        82   0.22110
        83   0.22110
        84   0.22110
        85   0.22110
        86   0.22110
        87   0.22110
        88   0.22110
        89   0.22110
        90   0.22110
        91   0.22110
        92   0.22110
        93   0.22994
        94   0.23437
        95   0.23752
        96   0.24068
        97   0.24258
        98   0.24384
        99   0.24637
       100   0.24826
       101   0.25521
       102   0.25963
       103   0.26406
       104   0.26848
       105   0.27164
       106   0.27606
       107   0.27922
       108   0.28238
       109   0.28553
       110   0.28869
       111   0.29185
       112   0.29438
       113   0.29754
       114   0.30006
       115   0.30259
       116   0.30575
       117   0.30764
       118   0.31080
       119   0.31270
       120   0.31586
       121   0.31775
       122   0.31965
       123   0.32280
       124   0.32470
       125   0.32660
       126   0.32912
       127   0.33102
       128   0.33354
       129   0.33544
       130   0.33733
       131   0.33986
       132   0.34176
       133   0.34365
       134   0.34555
       135   0.34744
       136   0.34934
       137   0.35123
       138   0.35313
       139   0.35502
       140   0.35755
       141   0.36071
       142   0.36450
       143   0.36766
       144   0.37081
       145   0.37397
       146   0.37713
       147   0.38029
       148   0.38282
       149   0.38534
       150   0.38850
       151   0.39103
       152   0.39419
       153   0.39672
       154   0.39861
       155   0.40114
       156   0.40366
       157   0.40619
       158   0.40872
       159   0.41124
       160   0.41377
       161   0.41567
       162   0.41819
       163   0.42072
       164   0.42262
       165   0.42514
       166   0.42704
       167   0.42830
       168   0.43083
       169   0.43335
       170   0.43525
       171   0.43714
       172   0.43904
       173   0.44157
       174   0.45925
       175   0.47378
       176   0.48389
       177   0.49337
       178   0.50032
       179   0.50790
       180   0.51421
       181   0.51990
       182   0.52558
       183   0.53190
       184   0.53696
       185   0.54201
       186   0.54769
       187   0.55085
       188   0.55654
       189   0.56159
       190   0.56538
       191   0.56980
       192   0.57423
       193   0.57802
       194   0.58244
       195   0.58623
       196   0.59065
       197   0.59444
       198   0.59886
       199   0.60139
       200   0.60518
       201   0.60834
       202   0.61213
       203   0.61592
       204   0.61908
       205   0.62350
       206   0.62539
       207   0.62919
       208   0.63298
       209   0.63550
       210   0.63866
       211   0.64119
       212   0.64435
       213   0.64814
       214   0.65066
       215   0.65382
       216   0.65635
       217   0.65951
       218   0.66203
       219   0.66456
       220   0.66646
       221   0.66835
       222   0.66961
       223   0.67214
       224   0.67277
       225   0.67404
       226   0.67656
       227   0.67783
       228   0.67972
       229   0.68035
       230   0.68288
       231   0.68414
       232   0.68604
       233   0.68667
       234   0.68857
       235   0.69046
       236   0.69109
       237   0.69299
       238   0.69425
       239   0.69551
       240   0.69678
       241   0.69804
       242   0.69931
       243   0.70057
       244   0.70246
       245   0.70373
       246   0.70562
       247   0.70625
       248   0.70752
       249   0.70941
       250   0.71004
       251   0.71194
       252   0.71257
       253   0.71383
       254   0.71510
       255   0.71636
       256   0.71699
       257   0.71889
       258   0.71889
       259   0.72078
       260   0.72142
       261   0.72268
       262   0.72394
       263   0.72521
       264   0.72584
       265   0.72773
       266   0.72836
       267   0.72963
       268   0.73026
       269   0.73089
       270   0.73215
       271   0.73342
       272   0.73468
       273   0.73594
       274   0.73721
       275   0.73721
       276   0.73847
       277   0.73973
       278   0.74037
       279   0.74226
       280   0.74289
       281   0.74289
       282   0.76058
       283   0.76943
       284   0.77511
       285   0.78143
       286   0.78711
       287   0.79154
       288   0.79659
       289   0.80164
       290   0.80543
       291   0.81049
       292   0.81554
       293   0.81870
       294   0.82375
       295   0.82817
       296   0.83323
       297   0.83828
       298   0.84207
       299   0.84776
       300   0.85218
       301   0.85723
       302   0.86166
       303   0.86734
       304   0.87113
       305   0.87682
       306   0.88124
       307   0.88503
       308   0.88882
       309   0.89324
       310   0.89640
       311   0.90082
       312   0.90714
       313   0.91219
       314   0.91725
       315   0.92104
       316   0.92483
       317   0.92862
       318   0.93304
       319   0.93683
       320   0.93936
       321   0.94251
       322   0.94567
       323   0.94757
       324   0.94820
       325   0.95009
       326   0.95136
       327   0.95262
       328   0.95325
       329   0.95452
       330   0.95578
       331   0.95768
       332   0.95831
       333   0.95894
       334   0.95957
       335   0.96083
       336   0.96210
       337   0.96273
       338   0.96336
       339   0.96336
       340   0.96399
       341   0.96210
       342   0.96083
       343   0.95957
       344   0.95704
       345   0.95578
       346   0.95389
       347   0.95073
       348   0.94820
       349   0.94504
       350   0.94062
       351   0.93304
       352   0.90777
       353   0.90714
       354   0.90714
       355   0.90651
       356   0.90714
       357   0.90651
       358   0.90651
       359   0.90587
       360   0.90587
       361   0.90524
       362   0.90587
       363   0.90524
       364   0.90461
       365   0.90461
       366   0.90398
       367   0.90398
       368   0.90335
       369   0.90335
       370   0.90335
       371   0.90272
       372   0.90208
       373   0.90208
       374   0.90145
       375   0.90082
       376   0.90082
       377   0.90082
       378   0.90019
       379   0.90019
       380   0.89956
       381   0.89893
       382   0.89829
       383   0.89829
       384   0.89766
       385   0.89703
       386   0.89703
       387   0.89703
       388   0.89640
       389   0.89577
       390   0.89640
       391   0.89703
       392   0.89766
       393   0.89893
       394   0.90019
       395   0.90019
       396   0.90082
       397   0.90208
       398   0.90335
       399   0.90335
       400   0.90461
       401   0.90524
       402   0.90587
       403   0.90651
       404   0.90777
       405   0.90840
       406   0.90840
       407   0.90840
       408   0.90777
       409   0.90777
       410   0.90777
       411   0.90714
       412   0.90714
       413   0.90714
       414   0.90651
       415   0.90651
       416   0.90587
       417   0.90587
       418   0.90587
       419   0.90524
       420   0.90524
       421   0.90524
       422   0.90461
       423   0.90461
       424   0.90398
       425   0.90398
       426   0.90398
       427   0.90335
       428   0.90335
       429   0.90272
       430   0.90272
       431   0.90208
       432   0.90208
       433   0.90208
       434   0.90145
       435   0.90145
       436   0.90082
       437   0.90082
       438   0.90019
       439   0.90019
       440   0.89956
       441   0.89956
       442   0.89893
       443   0.89893
       444   0.89893
       445   0.89829
       446   0.89829
       447   0.89766
       448   0.89766
       449   0.89703
       450   0.89703
       451   0.89640
       452   0.89640
       453   0.89577
       454   0.89577
       455   0.89514
       456   0.89514
       457   0.89450
       458   0.89387
       459   0.89387
       460   0.89324
       461   0.89324
       462   0.89261
       463   0.89261
       464   0.89198
       465   0.89198
       466   0.89135
       467   0.89071
       468   0.89071
       469   0.89008
       470   0.89008
       471   0.88945
       472   0.88945
       473   0.88882
       474   0.88819
       475   0.88819
       476   0.88756
       477   0.88756
       478   0.88692
       479   0.88629
       480   0.88629
       481   0.88566
       482   0.88503
       483   0.88503
       484   0.88440
       485   0.88377
       486   0.88377
       487   0.88313
       488   0.88313
       489   0.88250
       490   0.88187
       491   0.88124
       492   0.88124
       493   0.88061
       494   0.87997
       495   0.87997
       496   0.87934
       497   0.87871
       498   0.87871
       499   0.87808
       500   0.87745
       501   0.87682
       502   0.87682
       503   0.87618
       504   0.87555
       505   0.87555
       506   0.87492
       507   0.87429
       508   0.87366
       509   0.87303
       510   0.87303
       511   0.87239
       512   0.87176
       513   0.87113
       514   0.87113
       515   0.87050
       516   0.86987
       517   0.86924
       518   0.86860
       519   0.86860
       520   0.86797
       521   0.86734
       522   0.86671
       523   0.86608
       524   0.86545
       525   0.86545
       526   0.86481
       527   0.86418
       528   0.86355
       529   0.86292
       530   0.86229
       531   0.86166
       532   0.86292
       533   0.86418
       534   0.86545
       535   0.86608
       536   0.86734
       537   0.86860
       538   0.86924
       539   0.87050
       540   0.87176
       541   0.87239
       542   0.87366
       543   0.87492
       544   0.87555
       545   0.87682
       546   0.87745
       547   0.87871
       548   0.87934
       549   0.88061
       550   0.88124
       551   0.88250
       552   0.88313
       553   0.88440
       554   0.88503
       555   0.88629
       556   0.88692
       557   0.88819
       558   0.88882
       559   0.88945
       560   0.89071
       561   0.89135
       562   0.89198
       563   0.89324
       564   0.89387
       565   0.89450
       566   0.89577
       567   0.89640
       568   0.89703
       569   0.89766
       570   0.89893
       571   0.89956
       572   0.90019
       573   0.90082
       574   0.90145
       575   0.90208
       576   0.90335
       577   0.90398
       578   0.90461
       579   0.90524
       580   0.90587
       581   0.90651
       582   0.90714
       583   0.90777
       584   0.90840
       585   0.90903
       586   0.90967
       587   0.91030
       588   0.91093
       589   0.91156
       590   0.91219
       591   0.91282
       592   0.91346
       593   0.91409
       594   0.91472
       595   0.91535
       596   0.91598
       597   0.91661
       598   0.91725
       599   0.91725
       600   0.91788
       601   0.91851
       602   0.91914
       603   0.91977
       604   0.92040
       605   0.92040
       606   0.92104
       607   0.92167
       608   0.92230
       609   0.92230
       610   0.92293
       611   0.92356
       612   0.92419
       613   0.92419
       614   0.92483
       615   0.92546
       616   0.92546
       617   0.92609
       618   0.92672
       619   0.92672
       620   0.92735
       621   0.92735
       622   0.92798
       623   0.92862
       624   0.92862
       625   0.92925
       626   0.92925
       627   0.92988
       628   0.92988
       629   0.93051
       630   0.93051
       631   0.93114
       632   0.93114
       633   0.93178
       634   0.93178
       635   0.93241
       636   0.93241
       637   0.93304
       638   0.93304
       639   0.93304
       640   0.93367
       641   0.93367
       642   0.93430
       643   0.93430
       644   0.93430
       645   0.93493
       646   0.93493
       647   0.93493
       648   0.93557
       649   0.93557
       650   0.93557
       651   0.93620
       652   0.93620
       653   0.93620
       654   0.93620
       655   0.93620
       656   0.93683
       657   0.93746
       658   0.93746
       659   0.93809
       660   0.93872
       661   0.93872
       662   0.93936
       663   0.93936
       664   0.93999
       665   0.93999
       666   0.94062
       667   0.94062
       668   0.94062
       669   0.94062
       670   0.94125
       671   0.94125
       672   0.94125
       673   0.94125
       674   0.94125
       675   0.94125
       676   0.94125
       677   0.94125
       678   0.94125
       679   0.94125
       680   0.94125
       681   0.94125
       682   0.94125
       683   0.94125
       684   0.94062
       685   0.94062
       686   0.94062
       687   0.93999
       688   0.93999
       689   0.93999
       690   0.93936
       691   0.93936
       692   0.93936
       693   0.93872
       694   0.93872
       695   0.93809
       696   0.93746
       697   0.93746
       698   0.93683
       699   0.93683
       700   0.93620
       701   0.93620
       702   0.93620
       703   0.93620
       704   0.93620
       705   0.93557
       706   0.93557
       707   0.93557
       708   0.93493
       709   0.93493
       710   0.93493
       711   0.93430
       712   0.93430
       713   0.93430
       714   0.93367
       715   0.93367
       716   0.93304
       717   0.93304
       718   0.93304
       719   0.93241
       720   0.93241
       721   0.93178
       722   0.93178
       723   0.93114
       724   0.93114
       725   0.93051
       726   0.93051
       727   0.92988
       728   0.92988
       729   0.92925
       730   0.92862
       731   0.92862
       732   0.92798
       733   0.92798
       734   0.92735
       735   0.92672
       736   0.92672
       737   0.92609
       738   0.92546
       739   0.92546
       740   0.92483
       741   0.92419
       742   0.92419
       743   0.92356
       744   0.92293
       745   0.92230
       746   0.92230
       747   0.92167
       748   0.92104
       749   0.92040
       750   0.91977
       751   0.91914
       752   0.91914
       753   0.91851
       754   0.91788
       755   0.91725
       756   0.91661
       757   0.91598
       758   0.91535
       759   0.91472
       760   0.91409
       761   0.91346
       762   0.91282
       763   0.91219
       764   0.91156
       765   0.91093
       766   0.91030
       767   0.90967
       768   0.90903
       769   0.90840
       770   0.90777
       771   0.90714
       772   0.90651
       773   0.90524
       774   0.90461
       775   0.90398
       776   0.90335
       777   0.90272
       778   0.90145
       779   0.90082
       780   0.90019
       781   0.89956
       782   0.89829
       783   0.89766
       784   0.89703
       785   0.89577
       786   0.89514
       787   0.89387
       788   0.89324
       789   0.89261
       790   0.89135
       791   0.89071
       792   0.88945
       793   0.88882
       794   0.88756
       795   0.88692
       796   0.88566
       797   0.88440
       798   0.88377
       799   0.88250
       800   0.88124
       801   0.88061
       802   0.87934
       803   0.87808
       804   0.87745
       805   0.87618
       806   0.87492
       807   0.87366
       808   0.87239
       809   0.87176
       810   0.87050
       811   0.86924
       812   0.86797
       813   0.86671
       814   0.86545
       815   0.86418
       816   0.86292
       817   0.86166
       818   0.86039
       819   0.85913
       820   0.85723
       821   0.85597
       822   0.85471
       823   0.85344
       824   0.85218
       825   0.85028
       826   0.84902
       827   0.84713
       828   0.84586
       829   0.84460
       830   0.84270
       831   0.84144
       832   0.83955
       833   0.83765
       834   0.83639
       835   0.83449
       836   0.83260
       837   0.83070
       838   0.82881
       839   0.82754
       840   0.82565
       841   0.82375
       842   0.82123
       843   0.81933
       844   0.81744
       845   0.81554
       846   0.81301
       847   0.81112
       848   0.80859
       849   0.80670
       850   0.80417
       851   0.80164
       852   0.79912
       853   0.79659
       854   0.79406
       855   0.79090
       856   0.78838
       857   0.78522
       858   0.78206
       859   0.77827
       860   0.77511
       861   0.77132
       862   0.76690
       863   0.76184
       864   0.75616
       865   0.75363
       866   0.75237
       867   0.75174
       868   0.75111
       869   0.74984
       870   0.74921
       871   0.74858
       872   0.74732
       873   0.74668
       874   0.74605
       875   0.74479
       876   0.74416
       877   0.74416
       878   0.74479
       879   0.74542
       880   0.74605
       881   0.74732
       882   0.74795
       883   0.74858
       884   0.74921
       885   0.75047
       886   0.75111
       887   0.75174
       888   0.75237
       889   0.75300
       890   0.75363
       891   0.75553
       892   0.75805
       893   0.76058
       894   0.76248
       895   0.76437
       896   0.76627
       897   0.76816
       898   0.76943
       899   0.77132
       900   0.77258
       901   0.77385
       902   0.77511
       903   0.77637
       904   0.77764
       905   0.77827
       906   0.77953
       907   0.78016
       908   0.78143
       909   0.78206
       910   0.78332
       911   0.78395
       912   0.78459
       913   0.78522
       914   0.78648
       915   0.78711
       916   0.78774
       917   0.78838
       918   0.78901
       919   0.78964
       920   0.79027
       921   0.79090
       922   0.79090
       923   0.79154
       924   0.79217
       925   0.79280
       926   0.79343
       927   0.79343
       928   0.79406
       929   0.79469
       930   0.79469
       931   0.79533
       932   0.79596
       933   0.79596
       934   0.79659
       935   0.79659
       936   0.79722
       937   0.79722
       938   0.79785
       939   0.79848
       940   0.79848
       941   0.79848
       942   0.79912
       943   0.79912
       944   0.79975
       945   0.79975
       946   0.80038
       947   0.80038
       948   0.80038
       949   0.80101
       950   0.80101
       951   0.80164
       952   0.80164
       953   0.80164
       954   0.80227
       955   0.80227
       956   0.80227
       957   0.80291
       958   0.80291
       959   0.80291
       960   0.80291
       961   0.80354
       962   0.80354
       963   0.80354
       964   0.80354
       965   0.80417
       966   0.80417
       967   0.80417
       968   0.80417
       969   0.80480
       970   0.80480
       971   0.80480
       972   0.80480
       973   0.80543
       974   0.80543
       975   0.80543
       976   0.80543
       977   0.80543
       978   0.80606
       979   0.80606
       980   0.80606
       981   0.80606
       982   0.80606
       983   0.80670
       984   0.80670
       985   0.80670
       986   0.80670
       987   0.80670
       988   0.80733
       989   0.80733
       990   0.80733
       991   0.80733
       992   0.80733
       993   0.80733
       994   0.80796
       995   0.80796
       996   0.80796
       997   0.80796
       998   0.80796
       999   0.80796
      1000   0.80859
      1001   0.80859
      1002   0.80859
      1003   0.80859
      1004   0.80859
      1005   0.80859
      1006   0.80922
      1007   0.80922
      1008   0.80922
      1009   0.80922
      1010   0.80922
      1011   0.80922
      1012   0.80985
      1013   0.80985
      1014   0.80985
      1015   0.80985
      1016   0.80985
      1017   0.80985
      1018   0.81049
      1019   0.81049
      1020   0.81049
      1021   0.81049
      1022   0.81049
      1023   0.81112
      1024   0.81112
      1025   0.81112
      1026   0.81112
      1027   0.81112
      1028   0.81112
      1029   0.81175
      1030   0.81175
      1031   0.81175
      1032   0.81175
      1033   0.81175
      1034   0.81238
      1035   0.81238
      1036   0.81238
      1037   0.81238
      1038   0.81238
      1039   0.81238
      1040   0.81301
      1041   0.81301
      1042   0.81301
      1043   0.81301
      1044   0.81301
      1045   0.81364
      1046   0.81364
      1047   0.81364
      1048   0.81364
      1049   0.81364
      1050   0.81428
      1051   0.81428
      1052   0.81428
      1053   0.81428
      1054   0.81428
      1055   0.81491
      1056   0.81491
      1057   0.81491
      1058   0.81491
      1059   0.81554
      1060   0.81554
      1061   0.81554
      1062   0.81554
      1063   0.81554
      1064   0.81617
      1065   0.81617
      1066   0.81617
      1067   0.81617
      1068   0.81617
      1069   0.81680
      1070   0.81680
      1071   0.81680
      1072   0.81680
      1073   0.81744
      1074   0.81744
      1075   0.81744
      1076   0.81744
      1077   0.81744
      1078   0.81807
      1079   0.81807
      1080   0.81807
      1081   0.81807
      1082   0.81807
      1083   0.81870
      1084   0.81870
      1085   0.81870
      1086   0.81870
      1087   0.81933
      1088   0.81933
      1089   0.81933
      1090   0.81933
      1091   0.81933
      1092   0.81996
      1093   0.81996
      1094   0.81996
      1095   0.81996
      1096   0.81996
      1097   0.81996
      1098   0.82059
      1099   0.82059
      1100   0.82059
      1101   0.82059
      1102   0.82059
      1103   0.82123
      1104   0.82123
      1105   0.82123
      1106   0.82123
      1107   0.82123
      1108   0.82123
      1109   0.82123
      1110   0.82123
      1111   0.82186
      1112   0.82186
      1113   0.82186
      1114   0.82186
      1115   0.82186
      1116   0.82186
      1117   0.82186
      1118   0.82186
      1119   0.82186
      1120   0.82186
      1121   0.82186
      1122   0.82186
      1123   0.82186
      1124   0.82186
      1125   0.82186
      1126   0.82186
      1127   0.82186
      1128   0.82186
      1129   0.82186
      1130   0.82186
      1131   0.82186
      1132   0.82186
      1133   0.82186
      1134   0.82186
      1135   0.82186
      1136   0.82186
      1137   0.82123
      1138   0.82123
      1139   0.82123
      1140   0.82123
      1141   0.82059
      1142   0.82059
      1143   0.82059
      1144   0.81996
      1145   0.81996
      1146   0.81996
      1147   0.81933
      1148   0.81933
      1149   0.81870
      1150   0.81870
      1151   0.81807
      1152   0.81744
      1153   0.81744
      1154   0.81680
      1155   0.81617
      1156   0.81554
      1157   0.81491
      1158   0.81428
      1159   0.81364
      1160   0.81301
      1161   0.81238
      1162   0.81112
      1163   0.81049
      1164   0.80985
      1165   0.80859
      1166   0.80733
      1167   0.80606
      1168   0.80480
      1169   0.80291
      1170   0.80164
      1171   0.79975
      1172   0.79722
      1173   0.79469
      1174   0.79154
      1175   0.78774
      1176   0.79217
      1177   0.79596
      1178   0.79912
      1179   0.80227
      1180   0.80480
      1181   0.80733
      1182   0.80985
      1183   0.81238
      1184   0.81428
      1185   0.81617
      1186   0.81807
      1187   0.81996
      1188   0.82186
      1189   0.82375
      1190   0.82502
      1191   0.82691
      1192   0.82817
      1193   0.82944
      1194   0.83133
      1195   0.83260
      1196   0.83386
      1197   0.83512
      1198   0.83639
      1199   0.83765
      1200   0.83891
      1201   0.84018
      1202   0.84144
      1203   0.84270
      1204   0.84334
      1205   0.84460
      1206   0.84586
      1207   0.84649
      1208   0.84776
      1209   0.84839
      1210   0.84965
      1211   0.85028
      1212   0.85155
      1213   0.85218
      1214   0.85344
      1215   0.85407
      1216   0.85471
      1217   0.85597
      1218   0.85660
      1219   0.85723
      1220   0.85786
      1221   0.85913
      1222   0.85976
      1223   0.86039
      1224   0.86102
      1225   0.86166
      1226   0.86229
      1227   0.86292
      1228   0.86355
      1229   0.86418
      1230   0.86481
      1231   0.86545
      1232   0.86608
      1233   0.86671
      1234   0.86734
      1235   0.86797
      1236   0.86860
      1237   0.86924
      1238   0.86987
      1239   0.87050
      1240   0.87050
      1241   0.87113
      1242   0.87176
      1243   0.87239
      1244   0.87303
      1245   0.87303
      1246   0.87366
      1247   0.87429
      1248   0.87492
      1249   0.87492
      1250   0.87555
      1251   0.87618
      1252   0.87618
      1253   0.87682
      1254   0.87745
      1255   0.87745
      1256   0.87808
      1257   0.87808
      1258   0.87871
      1259   0.87934
      1260   0.87934
      1261   0.87997
      1262   0.87997
      1263   0.88061
      1264   0.88061
      1265   0.88124
      1266   0.88124
      1267   0.88187
      1268   0.88187
      1269   0.88250
      1270   0.88250
      1271   0.88250
      1272   0.88313
      1273   0.88313
      1274   0.88377
      1275   0.88377
      1276   0.88440
      1277   0.88440
      1278   0.88440
      1279   0.88503
      1280   0.88503
      1281   0.88503
      1282   0.88566
      1283   0.88566
      1284   0.88566
      1285   0.88629
      1286   0.88629
      1287   0.88629
      1288   0.88692
      1289   0.88692
      1290   0.88692
      1291   0.88692
      1292   0.88756
      1293   0.88756
      1294   0.88756
      1295   0.88756
      1296   0.88819
      1297   0.88819
      1298   0.88819
      1299   0.88819
      1300   0.88819
      1301   0.88819
      1302   0.88882
      1303   0.88882
      1304   0.88882
      1305   0.88882
      1306   0.88882
      1307   0.88882
      1308   0.88945
      1309   0.88945
      1310   0.88945
      1311   0.88945
      1312   0.88945
      1313   0.88945
      1314   0.88945
      1315   0.88945
      1316   0.88945
      1317   0.89008
      1318   0.89008
      1319   0.89008
      1320   0.89008
      1321   0.89008
      1322   0.89008
      1323   0.89008
      1324   0.89008
      1325   0.89008
      1326   0.89008
      1327   0.89008
      1328   0.89008
      1329   0.89008
      1330   0.89008
      1331   0.89008
      1332   0.89008
      1333   0.89008
      1334   0.89008
      1335   0.89008
      1336   0.89008
      1337   0.89008
      1338   0.89008
      1339   0.89008
      1340   0.89008
      1341   0.89008
      1342   0.89008
      1343   0.88945
      1344   0.88945
      1345   0.88945
      1346   0.88945
      1347   0.88945
      1348   0.88945
      1349   0.88945
      1350   0.88945
      1351   0.88945
      1352   0.88945
      1353   0.88882
      1354   0.88882
      1355   0.88882
      1356   0.88882
      1357   0.88882
      1358   0.88882
      1359   0.88882
      1360   0.88819
      1361   0.88819
      1362   0.88819
      1363   0.88819
      1364   0.88819
      1365   0.88819
      1366   0.88756
      1367   0.88756
      1368   0.88756
      1369   0.88756
      1370   0.88692
      1371   0.88692
      1372   0.88692
      1373   0.88692
      1374   0.88692
      1375   0.88629
      1376   0.88629
      1377   0.88629
      1378   0.88629
      1379   0.88566
      1380   0.88566
      1381   0.88566
      1382   0.88566
      1383   0.88503
      1384   0.88503
      1385   0.88503
      1386   0.88440
      1387   0.88440
      1388   0.88440
      1389   0.88440
      1390   0.88377
      1391   0.88377
      1392   0.88377
      1393   0.88313
      1394   0.88313
      1395   0.88313
      1396   0.88250
      1397   0.88250
      1398   0.88250
      1399   0.88187
      1400   0.88187
      1401   0.88124
      1402   0.88124
      1403   0.88124
      1404   0.88061
      1405   0.88061
      1406   0.88061
      1407   0.87997
      1408   0.87997
      1409   0.87934
      1410   0.87934
      1411   0.87871
      1412   0.87871
      1413   0.87871
      1414   0.87808
      1415   0.87808
      1416   0.87745
      1417   0.87745
      1418   0.87682
      1419   0.87682
      1420   0.87618
      1421   0.87618
      1422   0.87618
      1423   0.87555
      1424   0.87555
      1425   0.87492
      1426   0.87492
      1427   0.87429
      1428   0.87429
      1429   0.87366
      1430   0.87366
      1431   0.87303
      1432   0.87239
      1433   0.87239
      1434   0.87176
      1435   0.87176
      1436   0.87113
      1437   0.87113
      1438   0.87050
      1439   0.87050
      1440   0.86987
      1441   0.86924
      1442   0.86924
      1443   0.86860
      1444   0.86860
      1445   0.86797
      1446   0.86734
      1447   0.86734
      1448   0.86671
      1449   0.86608
      1450   0.86608
      1451   0.86545
      1452   0.86481
      1453   0.86481
      1454   0.86418
      1455   0.86355
      1456   0.86355
      1457   0.86292
      1458   0.86229
      1459   0.86229
      1460   0.86166
      1461   0.86102
      1462   0.86102
      1463   0.86039
      1464   0.85976
      1465   0.85913
      1466   0.85913
      1467   0.85850
      1468   0.85786
      1469   0.85723
      1470   0.85723
      1471   0.85660
      1472   0.85597
      1473   0.85534
      1474   0.85471
      1475   0.85471
      1476   0.85407
      1477   0.85344
      1478   0.85281
      1479   0.85218
      1480   0.85155
      1481   0.85155
      1482   0.85092
      1483   0.85028
      1484   0.84965
      1485   0.84902
      1486   0.84839
      1487   0.84776
      1488   0.84713
      1489   0.84649
      1490   0.84586
      1491   0.84523
      1492   0.84523
      1493   0.84460
      1494   0.84397
      1495   0.84334
      1496   0.84270
      1497   0.84207
      1498   0.84144
      1499   0.84081
      1500   0.84018
      1501   0.83955
      1502   0.83891
      1503   0.83828
      1504   0.83765
      1505   0.83639
      1506   0.83575
      1507   0.83512
      1508   0.83449
      1509   0.83386
      1510   0.83323
      1511   0.83260
      1512   0.83196
      1513   0.83133
      1514   0.83007
      1515   0.82944
      1516   0.82881
      1517   0.82817
      1518   0.82754
      1519   0.82691
      1520   0.82565
      1521   0.82502
      1522   0.82438
      1523   0.82375
      1524   0.82312
      1525   0.82186
      1526   0.82123
      1527   0.82059
      1528   0.81933
      1529   0.81870
      1530   0.81807
      1531   0.81680
      1532   0.81617
      1533   0.81554
      1534   0.81428
      1535   0.81364
      1536   0.81301
      1537   0.81175
      1538   0.81112
      1539   0.81049
      1540   0.80922
      1541   0.80859
      1542   0.80733
      1543   0.80670
      1544   0.80543
      1545   0.80480
      1546   0.80354
      1547   0.80354
      1548   0.80354
      1549   0.80291
      1550   0.80291
      1551   0.80291
      1552   0.80291
      1553   0.80291
      1554   0.80227
      1555   0.80227
      1556   0.80227
      1557   0.80227
      1558   0.80164
      1559   0.80164
      1560   0.80164
      1561   0.80101
      1562   0.80101
      1563   0.80101
      1564   0.80101
      1565   0.80038
      1566   0.80038
      1567   0.80038
      1568   0.79975
      1569   0.79975
      1570   0.79975
      1571   0.79912
      1572   0.79912
      1573   0.79912
      1574   0.79848
      1575   0.79848
      1576   0.79848
      1577   0.79785
      1578   0.79785
      1579   0.79785
      1580   0.79722
      1581   0.79722
      1582   0.79659
      1583   0.79659
