         1   0.22742
         2   0.22742
         3   0.22742
         4   0.22805
         5   0.22805
         6   0.22805
         7   0.22868
         8   0.22868
         9   0.22868
        10   0.22868
        11   0.22931
        12   0.22931
        13   0.22931
        14   0.22931
        15   0.22994
        16   0.22994
        17   0.22994
        18   0.22994
        19   0.22994
        20   0.23057
        21   0.23057
        22   0.23057
        23   0.23057
        24   0.23121
        25   0.23121
        26   0.23121
        27   0.23121
        28   0.23121
        29   0.23121
        30   0.23184
        31   0.23184
        32   0.23184
        33   0.23184
        34   0.23184
        35   0.23184
        36   0.23247
        37   0.23247
        38   0.23247
        39   0.23563
        40   0.24637
        41   0.25142
        42   0.25584
        43   0.26027
        44   0.26279
        45   0.26595
        46   0.26848
        47   0.27037
        48   0.27290
        49   0.27479
        50   0.27669
        51   0.27858
        52   0.28048
        53   0.28238
        54   0.28427
        55   0.28553
        56   0.28680
        57   0.28869
        58   0.28996
        59   0.29059
        60   0.29185
        61   0.29375
        62   0.29501
        63   0.29564
        64   0.29690
        65   0.29817
        66   0.29880
        67   0.30006
        68   0.30069
        69   0.30196
        70   0.30259
        71   0.30385
        72   0.30385
        73   0.30512
        74   0.30575
        75   0.30701
        76   0.30764
        77   0.30891
        78   0.30891
        79   0.31017
        80   0.31080
        81   0.31143
        82   0.31207
        83   0.31270
        84   0.31333
        85   0.31396
        86   0.31459
        87   0.31522
        88   0.31586
        89   0.31649
        90   0.31649
        91   0.31712
        92   0.31838
        93   0.31838
        94   0.31901
        95   0.31901
        96   0.32028
        97   0.32028
        98   0.32028
        99   0.32028
       100   0.32091
       101   0.32407
       102   0.32596
       103   0.32849
       104   0.33039
       105   0.33291
       106   0.33481
       107   0.33733
       108   0.33923
       109   0.34112
       110   0.34302
       111   0.34491
       112   0.34681
       113   0.34870
       114   0.35060
       115   0.35313
       116   0.35502
       117   0.35692
       118   0.35881
       119   0.36071
       120   0.36323
       121   0.36639
       122   0.37018
       123   0.37334
       124   0.37650
       125   0.37903
       126   0.38219
       127   0.38534
       128   0.38850
       129   0.39040
       130   0.39356
       131   0.39672
       132   0.39924
       133   0.40240
       134   0.40493
       135   0.40619
       136   0.40935
       137   0.41188
       138   0.41440
       139   0.41630
       140   0.41946
       141   0.42135
       142   0.42388
       143   0.42577
       144   0.42830
       145   0.43083
       146   0.43272
       147   0.43462
       148   0.45231
       149   0.46747
       150   0.47694
       151   0.48642
       152   0.49463
       153   0.50284
       154   0.50853
       155   0.51485
       156   0.52116
       157   0.52748
       158   0.53253
       159   0.53822
       160   0.54327
       161   0.54833
       162   0.55212
       163   0.55780
       164   0.56159
       165   0.56665
       166   0.57107
       167   0.57612
       168   0.57991
       169   0.58433
       170   0.58749
       171   0.59191
       172   0.59570
       173   0.59949
       174   0.60328
       175   0.60771
       176   0.61087
       177   0.61466
       178   0.61908
       179   0.62160
       180   0.62539
       181   0.62855
       182   0.63171
       183   0.63550
       184   0.63866
       185   0.64245
       186   0.64498
       187   0.64877
       188   0.65130
       189   0.65445
       190   0.65761
       191   0.66077
       192   0.66393
       193   0.66709
       194   0.67025
       195   0.67214
       196   0.67467
       197   0.67530
       198   0.67783
       199   0.67909
       200   0.68099
       201   0.68288
       202   0.68478
       203   0.68541
       204   0.68667
       205   0.68920
       206   0.69046
       207   0.69236
       208   0.69299
       209   0.69488
       210   0.69678
       211   0.69867
       212   0.69931
       213   0.70120
       214   0.70246
       215   0.70373
       216   0.70562
       217   0.70689
       218   0.70815
       219   0.70941
       220   0.71131
       221   0.71194
       222   0.71383
       223   0.71510
       224   0.71636
       225   0.71762
       226   0.71826
       227   0.72015
       228   0.72078
       229   0.72268
       230   0.72394
       231   0.72457
       232   0.72647
       233   0.72710
       234   0.72900
       235   0.72963
       236   0.73089
       237   0.73215
       238   0.73342
       239   0.73468
       240   0.73594
       241   0.73658
       242   0.73784
       243   0.73847
       244   0.74037
       245   0.74100
       246   0.74226
       247   0.75679
       248   0.76563
       249   0.77132
       250   0.77637
       251   0.78143
       252   0.78711
       253   0.79154
       254   0.79469
       255   0.79975
       256   0.80354
       257   0.80733
       258   0.81175
       259   0.81554
       260   0.81807
       261   0.82123
       262   0.82438
       263   0.82754
       264   0.83133
       265   0.83449
       266   0.83765
       267   0.84081
       268   0.84397
       269   0.84839
       270   0.85155
       271   0.85534
       272   0.85976
       273   0.86418
       274   0.86797
       275   0.87239
       276   0.87745
       277   0.88250
       278   0.88629
       279   0.89198
       280   0.89640
       281   0.90019
       282   0.90524
       283   0.90903
       284   0.91156
       285   0.91535
       286   0.91851
       287   0.92040
       288   0.92419
       289   0.92672
       290   0.93178
       291   0.93620
       292   0.94125
       293   0.94441
       294   0.94820
       295   0.95262
       296   0.95578
       297   0.95831
       298   0.96147
       299   0.96399
       300   0.96526
       301   0.96589
       302   0.96778
       303   0.96841
       304   0.96905
       305   0.96968
       306   0.97094
       307   0.97220
       308   0.97284
       309   0.97347
       310   0.97473
       311   0.97473
       312   0.97536
       313   0.97599
       314   0.97726
       315   0.97789
       316   0.97852
       317   0.97915
       318   0.97979
       319   0.98042
       320   0.98105
       321   0.98105
       322   0.98231
       323   0.98294
       324   0.98294
       325   0.98358
       326   0.98484
       327   0.98484
       328   0.98547
       329   0.98547
       330   0.98673
       331   0.98673
       332   0.98737
       333   0.98737
       334   0.98863
       335   0.98863
       336   0.98926
       337   0.98926
       338   0.98989
       339   0.99052
       340   0.99052
       341   0.99116
       342   0.99116
       343   0.99179
       344   0.99242
       345   0.99242
       346   0.99305
       347   0.99305
       348   0.99368
       349   0.99431
       350   0.99431
       351   0.99495
       352   0.99495
       353   0.99495
       354   0.99558
       355   0.99621
       356   0.99621
       357   0.99621
       358   0.99684
       359   0.99747
       360   0.99747
       361   0.99747
       362   0.99621
       363   0.99431
       364   0.99179
       365   0.98989
       366   0.98737
       367   0.98484
       368   0.98105
       369   0.97726
       370   0.97284
       371   0.96462
       372   0.93557
       373   0.93493
       374   0.93430
       375   0.93367
       376   0.93304
       377   0.93241
       378   0.93178
       379   0.93114
       380   0.93051
       381   0.92988
       382   0.92925
       383   0.92862
       384   0.92798
       385   0.92735
       386   0.92672
       387   0.92609
       388   0.92546
       389   0.92483
       390   0.92419
       391   0.92419
       392   0.92356
       393   0.92356
       394   0.92356
       395   0.92293
       396   0.92293
       397   0.92293
       398   0.92293
       399   0.92230
       400   0.92230
       401   0.92230
       402   0.92167
       403   0.92167
       404   0.92167
       405   0.92104
       406   0.92104
       407   0.92104
       408   0.92040
       409   0.92040
       410   0.92040
       411   0.91977
       412   0.91977
       413   0.91977
       414   0.91914
       415   0.91914
       416   0.91914
       417   0.91851
       418   0.91851
       419   0.91788
       420   0.91788
       421   0.91788
       422   0.91725
       423   0.91725
       424   0.91725
       425   0.91661
       426   0.91661
       427   0.91598
       428   0.91598
       429   0.91598
       430   0.91535
       431   0.91535
       432   0.91472
       433   0.91472
       434   0.91409
       435   0.91409
       436   0.91409
       437   0.91346
       438   0.91346
       439   0.91282
       440   0.91282
       441   0.91219
       442   0.91219
       443   0.91156
       444   0.91156
       445   0.91156
       446   0.91093
       447   0.91093
       448   0.91030
       449   0.91030
       450   0.90967
       451   0.90967
       452   0.90903
       453   0.90903
       454   0.90840
       455   0.90840
       456   0.90777
       457   0.90777
       458   0.90714
       459   0.90714
       460   0.90651
       461   0.90651
       462   0.90587
       463   0.90587
       464   0.90524
       465   0.90461
       466   0.90461
       467   0.90398
       468   0.90398
       469   0.90335
       470   0.90335
       471   0.90272
       472   0.90272
       473   0.90208
       474   0.90145
       475   0.90145
       476   0.90082
       477   0.90082
       478   0.90019
       479   0.90019
       480   0.89956
       481   0.89893
       482   0.89893
       483   0.89829
       484   0.89829
       485   0.89766
       486   0.89703
       487   0.89703
       488   0.89640
       489   0.89577
       490   0.89577
       491   0.89514
       492   0.89450
       493   0.89450
       494   0.89387
       495   0.89387
       496   0.89324
       497   0.89261
       498   0.89261
       499   0.89198
       500   0.89135
       501   0.89071
       502   0.89071
       503   0.89008
       504   0.88945
       505   0.88945
       506   0.88882
       507   0.88819
       508   0.88819
       509   0.88756
       510   0.88692
       511   0.88629
       512   0.88629
       513   0.88566
       514   0.88503
       515   0.88440
       516   0.88440
       517   0.88377
       518   0.88313
       519   0.88250
       520   0.88250
       521   0.88187
       522   0.88124
       523   0.88061
       524   0.87997
       525   0.87997
       526   0.87934
       527   0.87871
       528   0.87808
       529   0.87745
       530   0.87745
       531   0.87682
       532   0.87808
       533   0.87871
       534   0.87997
       535   0.88124
       536   0.88187
       537   0.88313
       538   0.88440
       539   0.88503
       540   0.88629
       541   0.88756
       542   0.88819
       543   0.88945
       544   0.89008
       545   0.89135
       546   0.89198
       547   0.89324
       548   0.89387
       549   0.89514
       550   0.89577
       551   0.89703
       552   0.89766
       553   0.89893
       554   0.89956
       555   0.90082
       556   0.90145
       557   0.90208
       558   0.90335
       559   0.90398
       560   0.90461
       561   0.90587
       562   0.90651
       563   0.90714
       564   0.90840
       565   0.90903
       566   0.90967
       567   0.91030
       568   0.91156
       569   0.91219
       570   0.91282
       571   0.91346
       572   0.91409
       573   0.91535
       574   0.91598
       575   0.91661
       576   0.91725
       577   0.91788
       578   0.91851
       579   0.91914
       580   0.91977
       581   0.92040
       582   0.92167
       583   0.92230
       584   0.92293
       585   0.92356
       586   0.92419
       587   0.92483
       588   0.92546
       589   0.92609
       590   0.92672
       591   0.92735
       592   0.92735
       593   0.92798
       594   0.92862
       595   0.92925
       596   0.92988
       597   0.93051
       598   0.93114
       599   0.93178
       600   0.93241
       601   0.93241
       602   0.93304
       603   0.93367
       604   0.93430
       605   0.93493
       606   0.93493
       607   0.93557
       608   0.93620
       609   0.93620
       610   0.93936
       611   0.94188
       612   0.94441
       613   0.94630
       614   0.94820
       615   0.95009
       616   0.95136
       617   0.95262
       618   0.95389
       619   0.95515
       620   0.95641
       621   0.95768
       622   0.95894
       623   0.95957
       624   0.96083
       625   0.96147
       626   0.96210
       627   0.96336
       628   0.96399
       629   0.96462
       630   0.96526
       631   0.96589
       632   0.96652
       633   0.96715
       634   0.96778
       635   0.96778
       636   0.96841
       637   0.96905
       638   0.96968
       639   0.96968
       640   0.97031
       641   0.97094
       642   0.97094
       643   0.97157
       644   0.97157
       645   0.97220
       646   0.97220
       647   0.97284
       648   0.97284
       649   0.97284
       650   0.97347
       651   0.97347
       652   0.97347
       653   0.97410
       654   0.97410
       655   0.97410
       656   0.97410
       657   0.97473
       658   0.97473
       659   0.97473
       660   0.97473
       661   0.97473
       662   0.97473
       663   0.97473
       664   0.97473
       665   0.97536
       666   0.97536
       667   0.97536
       668   0.97536
       669   0.97536
       670   0.97473
       671   0.97473
       672   0.97473
       673   0.97473
       674   0.97473
       675   0.97473
       676   0.97473
       677   0.97473
       678   0.97473
       679   0.97410
       680   0.97410
       681   0.97410
       682   0.97410
       683   0.97347
       684   0.97347
       685   0.97347
       686   0.97347
       687   0.97284
       688   0.97284
       689   0.97284
       690   0.97220
       691   0.97220
       692   0.97157
       693   0.97157
       694   0.97157
       695   0.97094
       696   0.97094
       697   0.97031
       698   0.97031
       699   0.96968
       700   0.96968
       701   0.96905
       702   0.96905
       703   0.96841
       704   0.96841
       705   0.96778
       706   0.96715
       707   0.96715
       708   0.96652
       709   0.96589
       710   0.96589
       711   0.96526
       712   0.96462
       713   0.96399
       714   0.96399
       715   0.96336
       716   0.96273
       717   0.96210
       718   0.96147
       719   0.96147
       720   0.96083
       721   0.96020
       722   0.95957
       723   0.95894
       724   0.95831
       725   0.95768
       726   0.95704
       727   0.95641
       728   0.95578
       729   0.95515
       730   0.95389
       731   0.95325
       732   0.95262
       733   0.95199
       734   0.95136
       735   0.95009
       736   0.94946
       737   0.94883
       738   0.94757
       739   0.94694
       740   0.94567
       741   0.94504
       742   0.94378
       743   0.94251
       744   0.94188
       745   0.94062
       746   0.93936
       747   0.93809
       748   0.93683
       749   0.93620
       750   0.93620
       751   0.93557
       752   0.93493
       753   0.93430
       754   0.93367
       755   0.93367
       756   0.93304
       757   0.93241
       758   0.93178
       759   0.93114
       760   0.93051
       761   0.92988
       762   0.92925
       763   0.92862
       764   0.92798
       765   0.92735
       766   0.92672
       767   0.92609
       768   0.92546
       769   0.92483
       770   0.92419
       771   0.92356
       772   0.92293
       773   0.92230
       774   0.92167
       775   0.92104
       776   0.92040
       777   0.91977
       778   0.91914
       779   0.91788
       780   0.91725
       781   0.91661
       782   0.91598
       783   0.91535
       784   0.91409
       785   0.91346
       786   0.91282
       787   0.91156
       788   0.91093
       789   0.91030
       790   0.90903
       791   0.90840
       792   0.90777
       793   0.90651
       794   0.90587
       795   0.90461
       796   0.90398
       797   0.90335
       798   0.90208
       799   0.90145
       800   0.90019
       801   0.89956
       802   0.89829
       803   0.89703
       804   0.89640
       805   0.89514
       806   0.89450
       807   0.89324
       808   0.89198
       809   0.89135
       810   0.89008
       811   0.88882
       812   0.88756
       813   0.88692
       814   0.88566
       815   0.88440
       816   0.88313
       817   0.88187
       818   0.88061
       819   0.87934
       820   0.87871
       821   0.87745
       822   0.87618
       823   0.87492
       824   0.87366
       825   0.87239
       826   0.87050
       827   0.86924
       828   0.86797
       829   0.86671
       830   0.86545
       831   0.86418
       832   0.86229
       833   0.86102
       834   0.85976
       835   0.85850
       836   0.85660
       837   0.85534
       838   0.85344
       839   0.85218
       840   0.85028
       841   0.84902
       842   0.84713
       843   0.84586
       844   0.84397
       845   0.84207
       846   0.84081
       847   0.83891
       848   0.83702
       849   0.83512
       850   0.83323
       851   0.83196
       852   0.83007
       853   0.82817
       854   0.82565
       855   0.82375
       856   0.82186
       857   0.81996
       858   0.81807
       859   0.81554
       860   0.81364
       861   0.81112
       862   0.80922
       863   0.80670
       864   0.80417
       865   0.80164
       866   0.79912
       867   0.79659
       868   0.79406
       869   0.79154
       870   0.78901
       871   0.78585
       872   0.78269
       873   0.77953
       874   0.77637
       875   0.77322
       876   0.76943
       877   0.76879
       878   0.77132
       879   0.77385
       880   0.77574
       881   0.77827
       882   0.78016
       883   0.78143
       884   0.78332
       885   0.78459
       886   0.78648
       887   0.78774
       888   0.78901
       889   0.79027
       890   0.79154
       891   0.79280
       892   0.79406
       893   0.79469
       894   0.79596
       895   0.79659
       896   0.79785
       897   0.79848
       898   0.79975
       899   0.80038
       900   0.80101
       901   0.80164
       902   0.80227
       903   0.80291
       904   0.80417
       905   0.80480
       906   0.80543
       907   0.80606
       908   0.80606
       909   0.80670
       910   0.80733
       911   0.80796
       912   0.80859
       913   0.80922
       914   0.80922
       915   0.80985
       916   0.81049
       917   0.81049
       918   0.81112
       919   0.81175
       920   0.81175
       921   0.81238
       922   0.81301
       923   0.81301
       924   0.81364
       925   0.81364
       926   0.81428
       927   0.81428
       928   0.81491
       929   0.81491
       930   0.81554
       931   0.81554
       932   0.81554
       933   0.81617
       934   0.81617
       935   0.81680
       936   0.81680
       937   0.81680
       938   0.81744
       939   0.81744
       940   0.81807
       941   0.81807
       942   0.81807
       943   0.81807
       944   0.81870
       945   0.81870
       946   0.81870
       947   0.81933
       948   0.81933
       949   0.81933
       950   0.81933
       951   0.81996
       952   0.81996
       953   0.81996
       954   0.81996
       955   0.82059
       956   0.82059
       957   0.82059
       958   0.82059
       959   0.82123
       960   0.82123
       961   0.82123
       962   0.82123
       963   0.82123
       964   0.82186
       965   0.82186
       966   0.82186
       967   0.82186
       968   0.82186
       969   0.82186
       970   0.82249
       971   0.82249
       972   0.82249
       973   0.82249
       974   0.82249
       975   0.82249
       976   0.82312
       977   0.82312
       978   0.82312
       979   0.82312
       980   0.82312
       981   0.82312
       982   0.82375
       983   0.82375
       984   0.82375
       985   0.82375
       986   0.82375
       987   0.82375
       988   0.82375
       989   0.82438
       990   0.82438
       991   0.82438
       992   0.82438
       993   0.82438
       994   0.82438
       995   0.82502
       996   0.82502
       997   0.82502
       998   0.82502
       999   0.82502
      1000   0.82502
      1001   0.82502
      1002   0.82565
      1003   0.82565
      1004   0.82565
      1005   0.82565
      1006   0.82565
      1007   0.82565
      1008   0.82628
      1009   0.82628
      1010   0.82628
      1011   0.82628
      1012   0.82628
      1013   0.82628
      1014   0.82691
      1015   0.82691
      1016   0.82691
      1017   0.82691
      1018   0.82691
      1019   0.82691
      1020   0.82754
      1021   0.82754
      1022   0.82754
      1023   0.82754
      1024   0.82754
      1025   0.82754
      1026   0.82817
      1027   0.82817
      1028   0.82817
      1029   0.82817
      1030   0.82817
      1031   0.82881
      1032   0.82881
      1033   0.82881
      1034   0.82881
      1035   0.82881
      1036   0.82944
      1037   0.82944
      1038   0.82944
      1039   0.82944
      1040   0.82944
      1041   0.83007
      1042   0.83007
      1043   0.83007
      1044   0.83007
      1045   0.83007
      1046   0.83070
      1047   0.83070
      1048   0.83070
      1049   0.83070
      1050   0.83133
      1051   0.83133
      1052   0.83133
      1053   0.83133
      1054   0.83196
      1055   0.83196
      1056   0.83196
      1057   0.83196
      1058   0.83260
      1059   0.83260
      1060   0.83260
      1061   0.83260
      1062   0.83323
      1063   0.83323
      1064   0.83323
      1065   0.83323
      1066   0.83386
      1067   0.83386
      1068   0.83386
      1069   0.83386
      1070   0.83449
      1071   0.83449
      1072   0.83449
      1073   0.83449
      1074   0.83512
      1075   0.83512
      1076   0.83512
      1077   0.83512
      1078   0.83575
      1079   0.83575
      1080   0.83575
      1081   0.83639
      1082   0.83639
      1083   0.83639
      1084   0.83639
      1085   0.83702
      1086   0.83702
      1087   0.83702
      1088   0.83702
      1089   0.83765
      1090   0.83765
      1091   0.83765
      1092   0.83828
      1093   0.83828
      1094   0.83828
      1095   0.83828
      1096   0.83891
      1097   0.83891
      1098   0.83891
      1099   0.83891
      1100   0.83955
      1101   0.83955
      1102   0.83955
      1103   0.84018
      1104   0.84018
      1105   0.84018
      1106   0.84018
      1107   0.84081
      1108   0.84081
      1109   0.84081
      1110   0.84081
      1111   0.84144
      1112   0.84144
      1113   0.84144
      1114   0.84144
      1115   0.84144
      1116   0.84207
      1117   0.84207
      1118   0.84207
      1119   0.84207
      1120   0.84270
      1121   0.84270
      1122   0.84270
      1123   0.84270
      1124   0.84270
      1125   0.84334
      1126   0.84334
      1127   0.84334
      1128   0.84334
      1129   0.84334
      1130   0.84334
      1131   0.84334
      1132   0.84397
      1133   0.84397
      1134   0.84397
      1135   0.84397
      1136   0.84397
      1137   0.84397
      1138   0.84397
      1139   0.84397
      1140   0.84397
      1141   0.84397
      1142   0.84397
      1143   0.84397
      1144   0.84397
      1145   0.84397
      1146   0.84397
      1147   0.84397
      1148   0.84397
      1149   0.84397
      1150   0.84397
      1151   0.84397
      1152   0.84397
      1153   0.84334
      1154   0.84334
      1155   0.84334
      1156   0.84334
      1157   0.84334
      1158   0.84270
      1159   0.84270
      1160   0.84270
      1161   0.84207
      1162   0.84207
      1163   0.84144
      1164   0.84144
      1165   0.84081
      1166   0.84081
      1167   0.84018
      1168   0.84018
      1169   0.83955
      1170   0.83891
      1171   0.83828
      1172   0.83828
      1173   0.83765
      1174   0.83702
      1175   0.83639
      1176   0.83765
      1177   0.83891
      1178   0.84081
      1179   0.84207
      1180   0.84334
      1181   0.84460
      1182   0.84586
      1183   0.84713
      1184   0.84839
      1185   0.84965
      1186   0.85092
      1187   0.85218
      1188   0.85344
      1189   0.85471
      1190   0.85534
      1191   0.85660
      1192   0.85786
      1193   0.85913
      1194   0.85976
      1195   0.86102
      1196   0.86166
      1197   0.86292
      1198   0.86355
      1199   0.86481
      1200   0.86545
      1201   0.86671
      1202   0.86734
      1203   0.86797
      1204   0.86924
      1205   0.86987
      1206   0.87050
      1207   0.87113
      1208   0.87239
      1209   0.87303
      1210   0.87366
      1211   0.87429
      1212   0.87492
      1213   0.87618
      1214   0.87682
      1215   0.87745
      1216   0.87808
      1217   0.87871
      1218   0.87934
      1219   0.87997
      1220   0.88061
      1221   0.88124
      1222   0.88187
      1223   0.88250
      1224   0.88313
      1225   0.88377
      1226   0.88377
      1227   0.88440
      1228   0.88503
      1229   0.88566
      1230   0.88629
      1231   0.88692
      1232   0.88756
      1233   0.88756
      1234   0.88819
      1235   0.88882
      1236   0.88945
      1237   0.88945
      1238   0.89008
      1239   0.89071
      1240   0.89071
      1241   0.89135
      1242   0.89198
      1243   0.89198
      1244   0.89261
      1245   0.89324
      1246   0.89324
      1247   0.89387
      1248   0.89450
      1249   0.89450
      1250   0.89514
      1251   0.89514
      1252   0.89577
      1253   0.89577
      1254   0.89640
      1255   0.89640
      1256   0.89703
      1257   0.89703
      1258   0.89766
      1259   0.89766
      1260   0.89829
      1261   0.89829
      1262   0.89893
      1263   0.89893
      1264   0.89956
      1265   0.89956
      1266   0.89956
      1267   0.90019
      1268   0.90019
      1269   0.90082
      1270   0.90082
      1271   0.90082
      1272   0.90145
      1273   0.90145
      1274   0.90145
      1275   0.90208
      1276   0.90208
      1277   0.90208
      1278   0.90272
      1279   0.90272
      1280   0.90272
      1281   0.90335
      1282   0.90335
      1283   0.90335
      1284   0.90335
      1285   0.90398
      1286   0.90398
      1287   0.90398
      1288   0.90398
      1289   0.90461
      1290   0.90461
      1291   0.90461
      1292   0.90461
      1293   0.90461
      1294   0.90461
      1295   0.90524
      1296   0.90524
      1297   0.90524
      1298   0.90524
      1299   0.90524
      1300   0.90524
      1301   0.90587
      1302   0.90587
      1303   0.90587
      1304   0.90587
      1305   0.90587
      1306   0.90587
      1307   0.90587
      1308   0.90587
      1309   0.90587
      1310   0.90587
      1311   0.90651
      1312   0.90651
      1313   0.90651
      1314   0.90651
      1315   0.90651
      1316   0.90651
      1317   0.90651
      1318   0.90651
      1319   0.90651
      1320   0.90651
      1321   0.90651
      1322   0.90651
      1323   0.90651
      1324   0.90651
      1325   0.90651
      1326   0.90651
      1327   0.90651
      1328   0.90651
      1329   0.90651
      1330   0.90651
      1331   0.90651
      1332   0.90651
      1333   0.90651
      1334   0.90651
      1335   0.90587
      1336   0.90587
      1337   0.90587
      1338   0.90587
      1339   0.90587
      1340   0.90587
      1341   0.90587
      1342   0.90587
      1343   0.90587
      1344   0.90587
      1345   0.90524
      1346   0.90524
      1347   0.90524
      1348   0.90524
      1349   0.90524
      1350   0.90524
      1351   0.90524
      1352   0.90524
      1353   0.90461
      1354   0.90461
      1355   0.90461
      1356   0.90461
      1357   0.90461
      1358   0.90398
      1359   0.90398
      1360   0.90398
      1361   0.90398
      1362   0.90398
      1363   0.90335
      1364   0.90335
      1365   0.90335
      1366   0.90335
      1367   0.90335
      1368   0.90272
      1369   0.90272
      1370   0.90272
      1371   0.90272
      1372   0.90208
      1373   0.90208
      1374   0.90208
      1375   0.90208
      1376   0.90145
      1377   0.90145
      1378   0.90145
      1379   0.90082
      1380   0.90082
      1381   0.90082
      1382   0.90082
      1383   0.90019
      1384   0.90019
      1385   0.90019
      1386   0.89956
      1387   0.89956
      1388   0.89956
      1389   0.89893
      1390   0.89893
      1391   0.89893
      1392   0.89829
      1393   0.89829
      1394   0.89829
      1395   0.89766
      1396   0.89766
      1397   0.89703
      1398   0.89703
      1399   0.89703
      1400   0.89640
      1401   0.89640
      1402   0.89577
      1403   0.89577
      1404   0.89577
      1405   0.89514
      1406   0.89514
      1407   0.89450
      1408   0.89450
      1409   0.89450
      1410   0.89387
      1411   0.89387
      1412   0.89324
      1413   0.89324
      1414   0.89261
      1415   0.89261
      1416   0.89198
      1417   0.89198
      1418   0.89135
      1419   0.89135
      1420   0.89071
      1421   0.89071
      1422   0.89008
      1423   0.89008
      1424   0.88945
      1425   0.88945
      1426   0.88882
      1427   0.88882
      1428   0.88819
      1429   0.88819
      1430   0.88756
      1431   0.88756
      1432   0.88692
      1433   0.88629
      1434   0.88629
      1435   0.88566
      1436   0.88566
      1437   0.88503
      1438   0.88503
      1439   0.88440
      1440   0.88377
      1441   0.88377
      1442   0.88313
      1443   0.88313
      1444   0.88250
      1445   0.88187
      1446   0.88187
      1447   0.88124
      1448   0.88061
      1449   0.88061
      1450   0.87997
      1451   0.87934
      1452   0.87934
      1453   0.87871
      1454   0.87808
      1455   0.87808
      1456   0.87745
      1457   0.87682
      1458   0.87618
      1459   0.87618
      1460   0.87555
      1461   0.87492
      1462   0.87492
      1463   0.87429
      1464   0.87366
      1465   0.87303
      1466   0.87303
      1467   0.87239
      1468   0.87176
      1469   0.87113
      1470   0.87050
      1471   0.87050
      1472   0.86987
      1473   0.86924
      1474   0.86860
      1475   0.86797
      1476   0.86734
      1477   0.86734
      1478   0.86671
      1479   0.86608
      1480   0.86545
      1481   0.86481
      1482   0.86418
      1483   0.86355
      1484   0.86355
      1485   0.86292
      1486   0.86229
      1487   0.86166
      1488   0.86102
      1489   0.86039
      1490   0.85976
      1491   0.85913
      1492   0.85850
      1493   0.85786
      1494   0.85723
      1495   0.85660
      1496   0.85597
      1497   0.85534
      1498   0.85471
      1499   0.85407
      1500   0.85344
      1501   0.85281
      1502   0.85218
      1503   0.85155
      1504   0.85092
      1505   0.85028
      1506   0.84965
      1507   0.84902
      1508   0.84839
      1509   0.84776
      1510   0.84649
      1511   0.84586
      1512   0.84523
      1513   0.84460
      1514   0.84397
      1515   0.84334
      1516   0.84270
      1517   0.84144
      1518   0.84081
      1519   0.84018
      1520   0.83955
      1521   0.83891
      1522   0.83765
      1523   0.83702
      1524   0.83639
      1525   0.83575
      1526   0.83449
      1527   0.83386
      1528   0.83323
      1529   0.83260
      1530   0.83133
      1531   0.83070
      1532   0.83007
      1533   0.82881
      1534   0.82817
      1535   0.82754
      1536   0.82628
      1537   0.82565
      1538   0.82502
      1539   0.82375
      1540   0.82312
      1541   0.82186
      1542   0.82123
      1543   0.81996
      1544   0.81933
      1545   0.81807
      1546   0.81744
      1547   0.81744
      1548   0.81680
      1549   0.81680
      1550   0.81680
      1551   0.81680
      1552   0.81680
      1553   0.81617
      1554   0.81617
      1555   0.81617
      1556   0.81617
      1557   0.81617
      1558   0.81554
      1559   0.81554
      1560   0.81554
      1561   0.81554
      1562   0.81491
      1563   0.81491
      1564   0.81491
      1565   0.81428
      1566   0.81428
      1567   0.81428
      1568   0.81428
      1569   0.81364
      1570   0.81364
      1571   0.81364
      1572   0.81364
      1573   0.81301
      1574   0.81301
      1575   0.81301
      1576   0.81238
      1577   0.81238
      1578   0.81238
      1579   0.81175
      1580   0.81175
      1581   0.81175
      1582   0.81112
      1583   0.81112
