         1   0.01895
         2   0.01958
         3   0.02021
         4   0.02085
         5   0.02148
         6   0.02211
         7   0.02274
         8   0.02337
         9   0.02401
        10   0.02464
        11   0.02527
        12   0.02590
        13   0.02653
        14   0.02716
        15   0.02780
        16   0.02843
        17   0.02906
        18   0.02969
        19   0.03032
        20   0.03095
        21   0.03159
        22   0.03222
        23   0.03285
        24   0.03348
        25   0.03411
        26   0.03474
        27   0.03538
        28   0.03601
        29   0.03664
        30   0.03727
        31   0.03790
        32   0.03790
        33   0.03790
        34   0.03790
        35   0.03790
        36   0.03790
        37   0.03790
        38   0.03790
        39   0.03790
        40   0.03790
        41   0.03790
        42   0.03790
        43   0.03790
        44   0.03790
        45   0.03790
        46   0.03790
        47   0.03790
        48   0.03790
        49   0.03790
        50   0.03790
        51   0.03790
        52   0.03790
        53   0.03790
        54   0.03790
        55   0.03790
        56   0.03790
        57   0.03790
        58   0.03790
        59   0.03790
        60   0.03790
        61   0.03790
        62   0.03790
        63   0.03790
        64   0.03790
        65   0.03790
        66   0.03790
        67   0.03790
        68   0.03790
        69   0.03790
        70   0.03790
        71   0.04106
        72   0.04359
        73   0.04485
        74   0.04548
        75   0.04548
        76   0.04611
        77   0.04611
        78   0.04611
        79   0.04611
        80   0.04611
        81   0.04611
        82   0.04611
        83   0.04548
        84   0.04548
        85   0.04548
        86   0.04485
        87   0.04485
        88   0.04422
        89   0.04359
        90   0.04359
        91   0.04296
        92   0.04232
        93   0.04169
        94   0.04106
        95   0.04106
        96   0.04043
        97   0.03980
        98   0.03917
        99   0.03853
       100   0.03790
       101   0.03790
       102   0.03853
       103   0.03917
       104   0.03980
       105   0.04043
       106   0.04106
       107   0.04106
       108   0.04169
       109   0.04232
       110   0.04296
       111   0.04359
       112   0.04359
       113   0.04422
       114   0.04485
       115   0.04485
       116   0.04548
       117   0.04548
       118   0.04548
       119   0.04611
       120   0.04611
       121   0.04611
       122   0.04611
       123   0.04611
       124   0.04611
       125   0.04611
       126   0.04548
       127   0.04548
       128   0.04485
       129   0.04359
       130   0.04106
       131   0.03790
       132   0.03790
       133   0.03790
       134   0.03790
       135   0.03790
       136   0.03790
       137   0.03790
       138   0.03790
       139   0.03790
       140   0.03790
       141   0.03790
       142   0.03790
       143   0.03790
       144   0.03790
       145   0.03790
       146   0.03790
       147   0.03790
       148   0.03790
       149   0.03790
       150   0.03790
       151   0.03790
       152   0.03790
       153   0.03790
       154   0.03790
       155   0.03790
       156   0.03790
       157   0.03790
       158   0.03790
       159   0.03790
       160   0.03790
       161   0.03790
       162   0.03790
       163   0.03790
       164   0.03790
       165   0.03790
       166   0.03790
       167   0.03790
       168   0.03790
       169   0.03790
       170   0.03790
       171   0.03790
       172   0.03790
       173   0.03790
       174   0.03790
       175   0.03790
       176   0.03790
       177   0.03790
       178   0.03790
       179   0.03790
       180   0.03790
       181   0.03790
       182   0.03790
       183   0.03790
       184   0.03790
       185   0.03790
       186   0.03790
       187   0.03790
       188   0.03790
       189   0.03790
       190   0.03790
       191   0.03790
       192   0.03790
       193   0.03790
       194   0.03790
       195   0.03790
       196   0.03790
       197   0.03790
       198   0.03790
       199   0.03790
       200   0.03790
       201   0.03790
       202   0.03790
       203   0.03790
       204   0.03790
       205   0.03790
       206   0.03790
       207   0.03790
       208   0.03790
       209   0.03790
       210   0.03790
       211   0.03790
       212   0.03790
       213   0.03790
       214   0.03790
       215   0.03790
       216   0.03790
       217   0.03790
       218   0.03790
       219   0.03790
       220   0.03790
       221   0.03790
       222   0.03790
       223   0.03790
       224   0.03790
       225   0.03790
       226   0.03790
       227   0.03790
       228   0.03790
       229   0.03790
       230   0.03790
       231   0.03790
       232   0.03790
       233   0.03790
       234   0.03790
       235   0.03790
       236   0.03790
       237   0.03790
       238   0.03790
       239   0.03790
       240   0.03790
       241   0.03790
       242   0.03790
       243   0.03790
       244   0.03790
       245   0.03790
       246   0.03790
       247   0.03790
       248   0.03790
       249   0.03790
       250   0.03790
       251   0.03790
       252   0.03790
       253   0.03790
       254   0.03790
       255   0.03790
       256   0.03790
       257   0.03790
       258   0.03790
       259   0.03790
       260   0.03790
       261   0.03790
       262   0.03790
       263   0.03790
       264   0.03790
       265   0.03790
       266   0.03790
       267   0.03790
       268   0.03790
       269   0.03790
       270   0.03790
       271   0.03790
       272   0.03790
       273   0.03790
       274   0.03790
       275   0.03790
       276   0.03790
       277   0.03790
       278   0.03790
       279   0.03790
       280   0.03790
       281   0.03790
       282   0.03790
       283   0.03790
       284   0.03790
       285   0.03790
       286   0.03790
       287   0.03790
       288   0.03790
       289   0.03790
       290   0.03790
       291   0.03790
       292   0.03790
       293   0.03790
       294   0.03790
       295   0.03790
       296   0.03790
       297   0.03790
       298   0.03790
       299   0.03790
       300   0.03790
       301   0.03790
       302   0.03790
       303   0.03790
       304   0.03790
       305   0.03790
       306   0.03790
       307   0.03790
       308   0.03790
       309   0.03790
       310   0.03790
       311   0.03790
       312   0.03790
       313   0.03790
       314   0.03790
       315   0.03790
       316   0.03790
       317   0.03790
       318   0.03790
       319   0.03790
       320   0.03790
       321   0.03790
       322   0.03790
       323   0.03790
       324   0.03790
       325   0.03790
       326   0.03790
       327   0.03790
       328   0.03790
       329   0.03790
       330   0.03790
       331   0.03790
       332   0.03790
       333   0.03790
       334   0.03790
       335   0.03790
       336   0.03790
       337   0.03790
       338   0.03790
       339   0.03790
       340   0.03790
       341   0.03790
       342   0.03790
       343   0.03790
       344   0.03790
       345   0.03790
       346   0.03790
       347   0.03790
       348   0.03790
       349   0.03790
       350   0.03790
       351   0.03790
       352   0.03790
       353   0.03790
       354   0.03790
       355   0.03790
       356   0.03790
       357   0.03790
       358   0.03790
       359   0.03790
       360   0.03727
       361   0.03853
       362   0.03917
       363   0.03980
       364   0.04043
       365   0.04106
       366   0.04106
       367   0.04169
       368   0.04169
       369   0.04169
       370   0.04169
       371   0.04169
       372   0.04169
       373   0.04169
       374   0.04169
       375   0.04169
       376   0.04169
       377   0.04106
       378   0.04106
       379   0.04106
       380   0.04043
       381   0.04043
       382   0.03980
       383   0.03980
       384   0.03917
       385   0.03917
       386   0.03853
       387   0.03853
       388   0.03790
       389   0.03727
       390   0.03727
       391   0.03790
       392   0.03853
       393   0.03853
       394   0.03917
       395   0.03917
       396   0.03980
       397   0.03980
       398   0.04043
       399   0.04043
       400   0.04106
       401   0.04106
       402   0.04106
       403   0.04169
       404   0.04169
       405   0.04169
       406   0.04169
       407   0.04169
       408   0.04169
       409   0.04169
       410   0.04169
       411   0.04169
       412   0.04169
       413   0.04106
       414   0.04106
       415   0.04043
       416   0.03980
       417   0.03917
       418   0.03853
       419   0.03727
       420   0.03790
       421   0.03790
       422   0.03790
       423   0.03790
       424   0.03790
       425   0.03790
       426   0.03790
       427   0.03790
       428   0.03790
       429   0.03790
       430   0.03790
       431   0.03790
       432   0.03790
       433   0.03790
       434   0.03790
       435   0.03790
       436   0.03790
       437   0.03790
       438   0.03790
       439   0.03790
       440   0.03790
       441   0.03790
       442   0.03790
       443   0.03790
       444   0.03790
       445   0.03790
       446   0.03790
       447   0.03790
       448   0.03790
       449   0.03790
       450   0.03790
       451   0.03790
       452   0.03790
       453   0.03790
       454   0.03790
       455   0.03790
       456   0.03790
       457   0.03790
       458   0.03790
       459   0.03790
       460   0.03790
       461   0.03790
       462   0.03790
       463   0.03790
       464   0.03790
       465   0.03790
       466   0.03790
       467   0.03790
       468   0.03790
       469   0.03790
       470   0.03790
       471   0.03790
       472   0.03790
       473   0.03790
       474   0.03790
       475   0.03790
       476   0.03790
       477   0.03790
       478   0.03790
       479   0.03790
       480   0.03790
       481   0.03790
       482   0.03790
       483   0.03790
       484   0.03790
       485   0.03790
       486   0.03790
       487   0.03790
       488   0.03790
       489   0.03790
       490   0.03790
       491   0.03790
       492   0.03790
       493   0.03790
       494   0.03980
       495   0.04359
       496   0.04548
       497   0.04738
       498   0.04864
       499   0.05054
       500   0.05117
       501   0.05180
       502   0.05117
       503   0.05054
       504   0.04991
       505   0.04991
       506   0.04927
       507   0.04864
       508   0.04801
       509   0.04738
       510   0.04675
       511   0.04611
       512   0.04548
       513   0.04485
       514   0.04422
       515   0.04359
       516   0.04232
       517   0.04169
       518   0.04106
       519   0.04043
       520   0.03980
       521   0.03917
       522   0.03790
       523   0.03727
       524   0.03664
       525   0.03538
       526   0.03474
       527   0.03411
       528   0.03285
       529   0.03222
       530   0.03159
       531   0.03032
       532   0.03222
       533   0.03348
       534   0.03411
       535   0.03538
       536   0.03664
       537   0.03727
       538   0.03853
       539   0.03917
       540   0.04106
       541   0.04169
       542   0.04232
       543   0.04359
       544   0.04422
       545   0.04485
       546   0.04485
       547   0.04611
       548   0.04675
       549   0.04675
       550   0.04611
       551   0.04422
       552   0.04169
       553   0.03917
       554   0.03285
       555   0.02590
       556   0.02590
       557   0.02590
       558   0.02653
       559   0.02653
       560   0.02716
       561   0.02716
       562   0.02716
       563   0.02780
       564   0.02780
       565   0.02780
       566   0.02780
       567   0.02780
       568   0.02906
       569   0.02906
       570   0.02906
       571   0.02906
       572   0.02906
       573   0.02969
       574   0.02969
       575   0.03032
       576   0.03095
       577   0.03095
       578   0.03095
       579   0.03095
       580   0.03159
       581   0.03222
       582   0.03222
       583   0.03222
       584   0.03285
       585   0.03285
       586   0.03285
       587   0.03411
       588   0.03411
       589   0.03411
       590   0.03474
       591   0.03474
       592   0.03538
       593   0.03601
       594   0.03601
       595   0.03664
       596   0.03664
       597   0.03727
       598   0.03727
       599   0.03790
       600   0.03853
       601   0.03853
       602   0.03917
       603   0.03980
       604   0.04043
       605   0.04043
       606   0.04106
       607   0.04106
       608   0.04232
       609   0.04296
       610   0.04296
       611   0.04359
       612   0.04422
       613   0.04485
       614   0.04548
       615   0.04611
       616   0.04611
       617   0.04738
       618   0.04801
       619   0.04864
       620   0.04927
       621   0.05054
       622   0.05054
       623   0.05117
       624   0.05243
       625   0.05306
       626   0.05433
       627   0.05496
       628   0.05622
       629   0.05685
       630   0.05749
       631   0.05875
       632   0.06001
       633   0.06064
       634   0.06128
       635   0.06254
       636   0.06380
       637   0.06443
       638   0.06570
       639   0.06633
       640   0.06696
       641   0.06822
       642   0.06886
       643   0.06949
       644   0.07075
       645   0.07075
       646   0.07138
       647   0.07202
       648   0.07265
       649   0.07328
       650   0.07328
       651   0.07328
       652   0.07391
       653   0.07391
       654   0.07454
       655   0.07454
       656   0.07454
       657   0.07517
       658   0.07517
       659   0.07581
       660   0.07517
       661   0.07517
       662   0.07581
       663   0.07581
       664   0.07581
       665   0.07581
       666   0.07581
       667   0.07581
       668   0.07644
       669   0.07581
       670   0.07644
       671   0.07581
       672   0.07581
       673   0.07581
       674   0.07581
       675   0.07581
       676   0.07581
       677   0.07581
       678   0.07581
       679   0.07581
       680   0.07644
       681   0.07581
       682   0.07581
       683   0.07581
       684   0.07581
       685   0.07581
       686   0.07581
       687   0.07581
       688   0.07581
       689   0.07581
       690   0.07581
       691   0.07517
       692   0.07581
       693   0.07581
       694   0.07581
       695   0.07581
       696   0.07581
       697   0.07581
       698   0.07581
       699   0.07581
       700   0.07581
       701   0.07581
       702   0.07581
       703   0.07581
       704   0.07581
       705   0.07581
       706   0.07581
       707   0.07581
       708   0.07581
       709   0.07581
       710   0.07581
       711   0.07581
       712   0.07581
       713   0.07581
       714   0.07581
       715   0.07581
       716   0.07644
       717   0.07581
       718   0.07644
       719   0.07581
       720   0.07581
       721   0.07581
       722   0.07581
       723   0.07517
       724   0.07581
       725   0.07517
       726   0.07517
       727   0.07517
       728   0.07454
       729   0.07454
       730   0.07391
       731   0.07391
       732   0.07391
       733   0.07328
       734   0.07328
       735   0.07265
       736   0.07202
       737   0.07202
       738   0.07138
       739   0.07075
       740   0.07012
       741   0.06949
       742   0.06886
       743   0.06822
       744   0.06696
       745   0.06633
       746   0.06570
       747   0.06443
       748   0.06317
       749   0.06254
       750   0.06128
       751   0.06064
       752   0.05938
       753   0.05812
       754   0.05749
       755   0.05685
       756   0.05622
       757   0.05433
       758   0.05370
       759   0.05306
       760   0.05180
       761   0.05117
       762   0.05054
       763   0.04991
       764   0.04927
       765   0.04864
       766   0.04801
       767   0.04738
       768   0.04611
       769   0.04548
       770   0.04548
       771   0.04485
       772   0.04359
       773   0.04359
       774   0.04296
       775   0.04232
       776   0.04232
       777   0.04106
       778   0.04106
       779   0.04043
       780   0.04043
       781   0.03917
       782   0.03917
       783   0.03853
       784   0.03853
       785   0.03790
       786   0.03727
       787   0.03664
       788   0.03664
       789   0.03664
       790   0.03601
       791   0.03601
       792   0.03474
       793   0.03474
       794   0.03474
       795   0.03411
       796   0.03411
       797   0.03348
       798   0.03285
       799   0.03285
       800   0.03285
       801   0.03222
       802   0.03222
       803   0.03159
       804   0.03159
       805   0.03095
       806   0.03095
       807   0.03095
       808   0.03032
       809   0.03032
       810   0.02969
       811   0.02969
       812   0.02906
       813   0.02906
       814   0.02906
       815   0.02906
       816   0.02906
       817   0.02780
       818   0.02780
       819   0.02780
       820   0.02780
       821   0.02716
       822   0.02716
       823   0.02716
       824   0.02716
       825   0.02653
       826   0.02590
       827   0.02590
       828   0.02590
       829   0.02590
       830   0.02590
       831   0.02590
       832   0.02527
       833   0.02527
       834   0.02464
       835   0.02464
       836   0.02464
       837   0.02464
       838   0.02401
       839   0.02401
       840   0.02401
       841   0.02401
       842   0.02401
       843   0.02337
       844   0.02337
       845   0.02274
       846   0.02274
       847   0.02274
       848   0.02274
       849   0.02274
       850   0.02274
       851   0.02274
       852   0.02274
       853   0.02148
       854   0.02148
       855   0.02148
       856   0.02148
       857   0.02148
       858   0.02148
       859   0.02148
       860   0.02148
       861   0.02590
       862   0.02653
       863   0.02716
       864   0.02716
       865   0.02716
       866   0.02716
       867   0.02653
       868   0.02653
       869   0.02590
       870   0.02464
       871   0.02464
       872   0.02401
       873   0.02337
       874   0.02274
       875   0.02211
       876   0.02085
       877   0.02085
       878   0.02148
       879   0.02211
       880   0.02337
       881   0.02401
       882   0.02464
       883   0.02527
       884   0.02590
       885   0.02653
       886   0.02653
       887   0.02780
       888   0.02780
       889   0.02843
       890   0.02843
       891   0.02843
       892   0.02843
       893   0.02780
       894   0.02653
       895   0.02337
       896   0.02337
       897   0.02337
       898   0.02401
       899   0.02401
       900   0.02464
       901   0.02464
       902   0.02464
       903   0.02464
       904   0.02464
       905   0.02527
       906   0.02590
       907   0.02590
       908   0.02590
       909   0.02590
       910   0.02653
       911   0.02653
       912   0.02653
       913   0.02653
       914   0.02780
       915   0.02780
       916   0.02780
       917   0.02780
       918   0.02843
       919   0.02843
       920   0.02843
       921   0.02906
       922   0.02969
       923   0.02969
       924   0.02969
       925   0.02969
       926   0.03032
       927   0.03095
       928   0.03095
       929   0.03159
       930   0.03159
       931   0.03159
       932   0.03222
       933   0.03285
       934   0.03285
       935   0.03348
       936   0.03348
       937   0.03411
       938   0.03474
       939   0.03538
       940   0.03538
       941   0.03538
       942   0.03601
       943   0.03664
       944   0.03727
       945   0.03727
       946   0.03790
       947   0.03790
       948   0.03917
       949   0.03980
       950   0.03980
       951   0.04043
       952   0.04043
       953   0.04169
       954   0.04232
       955   0.04296
       956   0.04296
       957   0.04422
       958   0.04485
       959   0.04548
       960   0.04611
       961   0.04675
       962   0.04738
       963   0.04801
       964   0.04864
       965   0.04991
       966   0.05117
       967   0.05180
       968   0.05306
       969   0.05370
       970   0.05433
       971   0.05559
       972   0.05685
       973   0.05749
       974   0.05812
       975   0.05938
       976   0.06064
       977   0.06128
       978   0.06254
       979   0.06317
       980   0.06380
       981   0.06507
       982   0.06570
       983   0.06570
       984   0.06696
       985   0.06696
       986   0.06822
       987   0.06822
       988   0.06822
       989   0.06886
       990   0.06949
       991   0.06949
       992   0.07012
       993   0.06949
       994   0.07012
       995   0.07012
       996   0.07075
       997   0.07075
       998   0.07012
       999   0.07075
      1000   0.07075
      1001   0.07075
      1002   0.07075
      1003   0.07138
      1004   0.07075
      1005   0.07138
      1006   0.07075
      1007   0.07075
      1008   0.07075
      1009   0.07075
      1010   0.07075
      1011   0.07075
      1012   0.07075
      1013   0.07075
      1014   0.07075
      1015   0.07075
      1016   0.07075
      1017   0.07138
      1018   0.07075
      1019   0.07138
      1020   0.07075
      1021   0.07138
      1022   0.07075
      1023   0.07075
      1024   0.07075
      1025   0.07075
      1026   0.07075
      1027   0.07075
      1028   0.07075
      1029   0.07075
      1030   0.07138
      1031   0.07075
      1032   0.07075
      1033   0.07075
      1034   0.07075
      1035   0.07075
      1036   0.07075
      1037   0.07075
      1038   0.07075
      1039   0.07138
      1040   0.07075
      1041   0.07138
      1042   0.07075
      1043   0.07138
      1044   0.07075
      1045   0.07138
      1046   0.07075
      1047   0.07138
      1048   0.07075
      1049   0.07138
      1050   0.07075
      1051   0.07138
      1052   0.07075
      1053   0.07075
      1054   0.07075
      1055   0.07075
      1056   0.07075
      1057   0.07075
      1058   0.07075
      1059   0.07012
      1060   0.07012
      1061   0.06949
      1062   0.07012
      1063   0.07012
      1064   0.06949
      1065   0.06886
      1066   0.06822
      1067   0.06822
      1068   0.06822
      1069   0.06696
      1070   0.06696
      1071   0.06633
      1072   0.06570
      1073   0.06507
      1074   0.06443
      1075   0.06317
      1076   0.06254
      1077   0.06191
      1078   0.06064
      1079   0.06001
      1080   0.05938
      1081   0.05812
      1082   0.05685
      1083   0.05622
      1084   0.05496
      1085   0.05433
      1086   0.05306
      1087   0.05180
      1088   0.05117
      1089   0.05054
      1090   0.04991
      1091   0.04864
      1092   0.04801
      1093   0.04738
      1094   0.04675
      1095   0.04548
      1096   0.04485
      1097   0.04422
      1098   0.04422
      1099   0.04296
      1100   0.04232
      1101   0.04169
      1102   0.04169
      1103   0.04043
      1104   0.03980
      1105   0.03980
      1106   0.03917
      1107   0.03853
      1108   0.03790
      1109   0.03790
      1110   0.03727
      1111   0.03727
      1112   0.03601
      1113   0.03601
      1114   0.03538
      1115   0.03538
      1116   0.03474
      1117   0.03411
      1118   0.03348
      1119   0.03348
      1120   0.03348
      1121   0.03285
      1122   0.03285
      1123   0.03222
      1124   0.03159
      1125   0.03159
      1126   0.03159
      1127   0.03095
      1128   0.03095
      1129   0.03032
      1130   0.02969
      1131   0.02969
      1132   0.02969
      1133   0.02906
      1134   0.02906
      1135   0.02843
      1136   0.02843
      1137   0.02780
      1138   0.02780
      1139   0.02780
      1140   0.02780
      1141   0.02716
      1142   0.02653
      1143   0.02653
      1144   0.02653
      1145   0.02653
      1146   0.02590
      1147   0.02590
      1148   0.02590
      1149   0.02527
      1150   0.02527
      1151   0.02464
      1152   0.02464
      1153   0.02464
      1154   0.02464
      1155   0.02464
      1156   0.03222
      1157   0.03538
      1158   0.03601
      1159   0.03601
      1160   0.03601
      1161   0.03601
      1162   0.03538
      1163   0.03474
      1164   0.03474
      1165   0.03411
      1166   0.03348
      1167   0.03285
      1168   0.03159
      1169   0.03095
      1170   0.03032
      1171   0.02906
      1172   0.02843
      1173   0.02780
      1174   0.02653
      1175   0.02590
      1176   0.02653
      1177   0.02716
      1178   0.02780
      1179   0.02906
      1180   0.02969
      1181   0.03032
      1182   0.03095
      1183   0.03222
      1184   0.03285
      1185   0.03348
      1186   0.03411
      1187   0.03474
      1188   0.03538
      1189   0.03601
      1190   0.03727
      1191   0.03790
      1192   0.03790
      1193   0.03853
      1194   0.03853
      1195   0.03917
      1196   0.03980
      1197   0.03980
      1198   0.03980
      1199   0.03853
      1200   0.03538
      1201   0.03095
      1202   0.03159
      1203   0.03159
      1204   0.03159
      1205   0.03159
      1206   0.03159
      1207   0.03222
      1208   0.03285
      1209   0.03285
      1210   0.03285
      1211   0.03285
      1212   0.03285
      1213   0.03348
      1214   0.03348
      1215   0.03411
      1216   0.03411
      1217   0.03411
      1218   0.03474
      1219   0.03474
      1220   0.03474
      1221   0.03474
      1222   0.03538
      1223   0.03601
      1224   0.03601
      1225   0.03601
      1226   0.03601
      1227   0.03664
      1228   0.03664
      1229   0.03727
      1230   0.03727
      1231   0.03727
      1232   0.03790
      1233   0.03790
      1234   0.03790
      1235   0.03790
      1236   0.03917
      1237   0.03917
      1238   0.03917
      1239   0.03917
      1240   0.03980
      1241   0.03980
      1242   0.04043
      1243   0.04043
      1244   0.04106
      1245   0.04106
      1246   0.04106
      1247   0.04169
      1248   0.04232
      1249   0.04232
      1250   0.04232
      1251   0.04296
      1252   0.04296
      1253   0.04296
      1254   0.04359
      1255   0.04422
      1256   0.04422
      1257   0.04422
      1258   0.04485
      1259   0.04548
      1260   0.04548
      1261   0.04548
      1262   0.04611
      1263   0.04611
      1264   0.04611
      1265   0.04738
      1266   0.04738
      1267   0.04738
      1268   0.04738
      1269   0.04801
      1270   0.04864
      1271   0.04864
      1272   0.04864
      1273   0.04927
      1274   0.04927
      1275   0.04991
      1276   0.04991
      1277   0.05054
      1278   0.05054
      1279   0.05054
      1280   0.05117
      1281   0.05180
      1282   0.05180
      1283   0.05180
      1284   0.05243
      1285   0.05306
      1286   0.05306
      1287   0.05306
      1288   0.05306
      1289   0.05370
      1290   0.05370
      1291   0.05433
      1292   0.05433
      1293   0.05433
      1294   0.05496
      1295   0.05496
      1296   0.05496
      1297   0.05496
      1298   0.05622
      1299   0.05622
      1300   0.05622
      1301   0.05622
      1302   0.05622
      1303   0.05685
      1304   0.05685
      1305   0.05685
      1306   0.05685
      1307   0.05749
      1308   0.05749
      1309   0.05749
      1310   0.05749
      1311   0.05749
      1312   0.05812
      1313   0.05812
      1314   0.05812
      1315   0.05812
      1316   0.05812
      1317   0.05875
      1318   0.05875
      1319   0.05875
      1320   0.05875
      1321   0.05875
      1322   0.05938
      1323   0.05875
      1324   0.05875
      1325   0.05875
      1326   0.05875
      1327   0.05938
      1328   0.05938
      1329   0.05938
      1330   0.05938
      1331   0.05938
      1332   0.05938
      1333   0.05938
      1334   0.05938
      1335   0.05938
      1336   0.05938
      1337   0.05938
      1338   0.05875
      1339   0.05938
      1340   0.05938
      1341   0.05938
      1342   0.05938
      1343   0.05938
      1344   0.05875
      1345   0.05875
      1346   0.05875
      1347   0.05938
      1348   0.05938
      1349   0.05875
      1350   0.05875
      1351   0.05875
      1352   0.05875
      1353   0.05875
      1354   0.05812
      1355   0.05812
      1356   0.05812
      1357   0.05812
      1358   0.05749
      1359   0.05749
      1360   0.05749
      1361   0.05749
      1362   0.05749
      1363   0.05685
      1364   0.05685
      1365   0.05685
      1366   0.05685
      1367   0.05685
      1368   0.05622
      1369   0.05622
      1370   0.05622
      1371   0.05622
      1372   0.05496
      1373   0.05496
      1374   0.05496
      1375   0.05496
      1376   0.05496
      1377   0.05433
      1378   0.05433
      1379   0.05433
      1380   0.05370
      1381   0.05306
      1382   0.05306
      1383   0.05306
      1384   0.05306
      1385   0.05243
      1386   0.05180
      1387   0.05180
      1388   0.05180
      1389   0.05180
      1390   0.05117
      1391   0.05054
      1392   0.05054
      1393   0.05054
      1394   0.04991
      1395   0.04991
      1396   0.04927
      1397   0.04927
      1398   0.04864
      1399   0.04864
      1400   0.04864
      1401   0.04738
      1402   0.04738
      1403   0.04738
      1404   0.04738
      1405   0.04675
      1406   0.04611
      1407   0.04611
      1408   0.04611
      1409   0.04548
      1410   0.04548
      1411   0.04485
      1412   0.04422
      1413   0.04422
      1414   0.04422
      1415   0.04422
      1416   0.04359
      1417   0.04296
      1418   0.04296
      1419   0.04232
      1420   0.04232
      1421   0.04232
      1422   0.04169
      1423   0.04106
      1424   0.04106
      1425   0.04106
      1426   0.04106
      1427   0.04043
      1428   0.03980
      1429   0.03980
      1430   0.03980
      1431   0.03917
      1432   0.03917
      1433   0.03917
      1434   0.03917
      1435   0.03790
      1436   0.03790
      1437   0.03790
      1438   0.03790
      1439   0.03727
      1440   0.03727
      1441   0.03664
      1442   0.03664
      1443   0.03601
      1444   0.03601
      1445   0.03601
      1446   0.03601
      1447   0.03601
      1448   0.03474
      1449   0.03474
      1450   0.03474
      1451   0.03474
      1452   0.03411
      1453   0.03411
      1454   0.03411
      1455   0.03411
      1456   0.03348
      1457   0.03285
      1458   0.03285
      1459   0.03285
      1460   0.03285
      1461   0.03285
      1462   0.03285
      1463   0.03222
      1464   0.03159
      1465   0.03159
      1466   0.03159
      1467   0.03159
      1468   0.03095
      1469   0.03095
      1470   0.03095
      1471   0.03095
      1472   0.03032
      1473   0.03032
      1474   0.02969
      1475   0.02969
      1476   0.02969
      1477   0.02969
      1478   0.02969
      1479   0.02969
      1480   0.02969
      1481   0.02843
      1482   0.02843
      1483   0.02843
      1484   0.02843
      1485   0.02843
      1486   0.02843
      1487   0.02843
      1488   0.02780
      1489   0.02780
      1490   0.02780
      1491   0.02716
      1492   0.02716
      1493   0.02716
      1494   0.02716
      1495   0.02653
      1496   0.02653
      1497   0.02653
      1498   0.02653
      1499   0.02653
      1500   0.02653
      1501   0.02590
      1502   0.02590
      1503   0.02527
      1504   0.02527
      1505   0.02527
      1506   0.02527
      1507   0.02527
      1508   0.02527
      1509   0.02527
      1510   0.02527
      1511   0.02527
      1512   0.02464
      1513   0.02401
      1514   0.02401
      1515   0.02401
      1516   0.02401
      1517   0.02401
      1518   0.02401
      1519   0.02401
      1520   0.02401
      1521   0.02337
      1522   0.02337
      1523   0.02337
      1524   0.02337
      1525   0.02337
      1526   0.02274
      1527   0.02716
      1528   0.03538
      1529   0.03727
      1530   0.03790
      1531   0.03853
      1532   0.03790
      1533   0.03790
      1534   0.03790
      1535   0.03727
      1536   0.03727
      1537   0.03664
      1538   0.03601
      1539   0.03538
      1540   0.03474
      1541   0.03411
      1542   0.03348
      1543   0.03285
      1544   0.03095
      1545   0.03032
      1546   0.02969
      1547   0.03095
      1548   0.03159
      1549   0.03222
      1550   0.03285
      1551   0.03348
      1552   0.03411
      1553   0.03474
      1554   0.03538
      1555   0.03538
      1556   0.03538
      1557   0.03538
      1558   0.03538
      1559   0.03538
      1560   0.03538
      1561   0.03474
      1562   0.03474
      1563   0.03474
      1564   0.03474
      1565   0.03474
      1566   0.03474
      1567   0.03411
      1568   0.03411
      1569   0.03411
      1570   0.03348
      1571   0.03348
      1572   0.03285
      1573   0.03285
      1574   0.03222
      1575   0.03159
      1576   0.03095
      1577   0.02780
      1578   0.02211
      1579   0.02148
      1580   0.02085
      1581   0.02021
      1582   0.01958
      1583   0.01895
