         1   0.48010
         2   0.48073
         3   0.48263
         4   0.48263
         5   0.48326
         6   0.48389
         7   0.48452
         8   0.48579
         9   0.48642
        10   0.48642
        11   0.48768
        12   0.48768
        13   0.48895
        14   0.48958
        15   0.49021
        16   0.49021
        17   0.49084
        18   0.49147
        19   0.49274
        20   0.49274
        21   0.49400
        22   0.49400
        23   0.49463
        24   0.51800
        25   0.52937
        26   0.53632
        27   0.54264
        28   0.54896
        29   0.55338
        30   0.55843
        31   0.56222
        32   0.56665
        33   0.57107
        34   0.57486
        35   0.57802
        36   0.58117
        37   0.58433
        38   0.58749
        39   0.59002
        40   0.59318
        41   0.59570
        42   0.59823
        43   0.60139
        44   0.60328
        45   0.60581
        46   0.60834
        47   0.61023
        48   0.61276
        49   0.61466
        50   0.61655
        51   0.61781
        52   0.62034
        53   0.62160
        54   0.62476
        55   0.62666
        56   0.62792
        57   0.62982
        58   0.63171
        59   0.63298
        60   0.63424
        61   0.63613
        62   0.63803
        63   0.63929
        64   0.64056
        65   0.64245
        66   0.64371
        67   0.64498
        68   0.64561
        69   0.64750
        70   0.64877
        71   0.64940
        72   0.65130
        73   0.65256
        74   0.65319
        75   0.65445
        76   0.65572
        77   0.65635
        78   0.65761
        79   0.65824
        80   0.65951
        81   0.66077
        82   0.66203
        83   0.66267
        84   0.66393
        85   0.66519
        86   0.66646
        87   0.66646
        88   0.66709
        89   0.66772
        90   0.66898
        91   0.66961
        92   0.67025
        93   0.67151
        94   0.67151
        95   0.67340
        96   0.67404
        97   0.67404
        98   0.67530
        99   0.67530
       100   0.67656
       101   0.68035
       102   0.68478
       103   0.68730
       104   0.69046
       105   0.69299
       106   0.69488
       107   0.69678
       108   0.69867
       109   0.70057
       110   0.70183
       111   0.70436
       112   0.70625
       113   0.70752
       114   0.70878
       115   0.71068
       116   0.71257
       117   0.71383
       118   0.71573
       119   0.71889
       120   0.72205
       121   0.72457
       122   0.72710
       123   0.72963
       124   0.73215
       125   0.73531
       126   0.73784
       127   0.73973
       128   0.74289
       129   0.74479
       130   0.74732
       131   0.74921
       132   0.75174
       133   0.75426
       134   0.75679
       135   0.75869
       136   0.76121
       137   0.76311
       138   0.76563
       139   0.76816
       140   0.77069
       141   0.77258
       142   0.77511
       143   0.77764
       144   0.77953
       145   0.78143
       146   0.78395
       147   0.78585
       148   0.78774
       149   0.79027
       150   0.79280
       151   0.79533
       152   0.79722
       153   0.79975
       154   0.80227
       155   0.80480
       156   0.80670
       157   0.80985
       158   0.81175
       159   0.81364
       160   0.81617
       161   0.81870
       162   0.82186
       163   0.82375
       164   0.82691
       165   0.82944
       166   0.83196
       167   0.83449
       168   0.83702
       169   0.84081
       170   0.84334
       171   0.84713
       172   0.85028
       173   0.85281
       174   0.85660
       175   0.86039
       176   0.86481
       177   0.86860
       178   0.87303
       179   0.87871
       180   0.88503
       181   0.89324
       182   0.90335
       183   0.91535
       184   0.92546
       185   0.93241
       186   0.93872
       187   0.94188
       188   0.94567
       189   0.94946
       190   0.95199
       191   0.95452
       192   0.95704
       193   0.95957
       194   0.96210
       195   0.96336
       196   0.96526
       197   0.96778
       198   0.96905
       199   0.97157
       200   0.97284
       201   0.97473
       202   0.97473
       203   0.97536
       204   0.97599
       205   0.98042
       206   0.98484
       207   0.98800
       208   0.99179
       209   0.99431
       210   0.99747
       211   0.99937
       212   0.99937
       213   0.99937
       214   0.99937
       215   0.99937
       216   0.99937
       217   0.99937
       218   0.99937
       219   0.99937
       220   0.99937
       221   0.99937
       222   0.99937
       223   0.99937
       224   0.99937
       225   0.99937
       226   0.99937
       227   0.99937
       228   0.99937
       229   0.99937
       230   0.99937
       231   0.99937
       232   0.99937
       233   0.99937
       234   0.99937
       235   0.99937
       236   0.99937
       237   0.99937
       238   0.99937
       239   0.99937
       240   0.99937
       241   0.99937
       242   0.99937
       243   0.99937
       244   0.99937
       245   0.99937
       246   0.99937
       247   0.99937
       248   0.99937
       249   0.99937
       250   0.99937
       251   0.99937
       252   0.99937
       253   0.99937
       254   0.99937
       255   0.99937
       256   0.99937
       257   0.99937
       258   0.99937
       259   0.99937
       260   0.99937
       261   0.99937
       262   0.99937
       263   0.99937
       264   0.99937
       265   0.99937
       266   0.99937
       267   0.99937
       268   0.99937
       269   0.99937
       270   0.99937
       271   0.99937
       272   0.99937
       273   0.99937
       274   0.99937
       275   0.99937
       276   0.99937
       277   0.99937
       278   0.99937
       279   0.99937
       280   0.99937
       281   0.99937
       282   0.99937
       283   0.99937
       284   0.99937
       285   0.99937
       286   0.99937
       287   0.99937
       288   0.99937
       289   0.99937
       290   0.99937
       291   0.99937
       292   0.99937
       293   0.99937
       294   0.99937
       295   0.99937
       296   0.99937
       297   0.99937
       298   0.99937
       299   0.99937
       300   0.99937
       301   0.99937
       302   0.99937
       303   0.99937
       304   0.99937
       305   0.99937
       306   0.99937
       307   0.99937
       308   0.99937
       309   0.99937
       310   0.99937
       311   0.99937
       312   0.99937
       313   0.99937
       314   0.99937
       315   0.99937
       316   0.99937
       317   0.99937
       318   0.99937
       319   0.99937
       320   0.99937
       321   0.99937
       322   0.99937
       323   0.99937
       324   0.99937
       325   0.99937
       326   0.99937
       327   0.99937
       328   0.99937
       329   0.99937
       330   0.99937
       331   0.99937
       332   0.99937
       333   0.99937
       334   0.99937
       335   0.99937
       336   0.99937
       337   0.99937
       338   0.99937
       339   0.99937
       340   0.99937
       341   0.99937
       342   0.99937
       343   0.99937
       344   0.99937
       345   0.99937
       346   0.99937
       347   0.99937
       348   0.99937
       349   0.99937
       350   0.99937
       351   0.99937
       352   0.99937
       353   0.99937
       354   0.99937
       355   0.99937
       356   0.99937
       357   0.99937
       358   0.99937
       359   0.99937
       360   0.99937
       361   0.99937
       362   0.99937
       363   0.99937
       364   0.99937
       365   0.99937
       366   0.99937
       367   0.99937
       368   0.99937
       369   0.99937
       370   0.99937
       371   0.99937
       372   0.99937
       373   0.99937
       374   0.99937
       375   0.99937
       376   0.99937
       377   0.99937
       378   0.99937
       379   0.99937
       380   0.99937
       381   0.99937
       382   0.99937
       383   0.99937
       384   0.99937
       385   0.99937
       386   0.99937
       387   0.99937
       388   0.99937
       389   0.99937
       390   0.99937
       391   0.99937
       392   0.99937
       393   0.99937
       394   0.99937
       395   0.99937
       396   0.99937
       397   0.99937
       398   0.99937
       399   0.99937
       400   0.99937
       401   0.99937
       402   0.99937
       403   0.99937
       404   0.99937
       405   0.99937
       406   0.99937
       407   0.99937
       408   0.99937
       409   0.99937
       410   0.99937
       411   0.99937
       412   0.99937
       413   0.99937
       414   0.99937
       415   0.99937
       416   0.99937
       417   0.99937
       418   0.99937
       419   0.99937
       420   0.99937
       421   0.99937
       422   0.99937
       423   0.99937
       424   0.99937
       425   0.99937
       426   0.99937
       427   0.99937
       428   0.99937
       429   0.99937
       430   0.99937
       431   0.99937
       432   0.99937
       433   0.99937
       434   0.99937
       435   0.99937
       436   0.99937
       437   0.99937
       438   0.99937
       439   0.99937
       440   0.99937
       441   0.99937
       442   0.99937
       443   0.99937
       444   0.99937
       445   0.99937
       446   0.99937
       447   0.99937
       448   0.99937
       449   0.99937
       450   0.99937
       451   0.99937
       452   0.99937
       453   0.99937
       454   0.99937
       455   0.99937
       456   0.99937
       457   0.99937
       458   0.99937
       459   0.99937
       460   0.99937
       461   0.99937
       462   0.99937
       463   0.99937
       464   0.99937
       465   0.99937
       466   0.99937
       467   0.99937
       468   0.99937
       469   0.99937
       470   0.99937
       471   0.99937
       472   0.99937
       473   0.99937
       474   0.99937
       475   0.99937
       476   0.99937
       477   0.99937
       478   0.99937
       479   0.99937
       480   0.99937
       481   0.99937
       482   0.99937
       483   0.99937
       484   0.99937
       485   0.99937
       486   0.99937
       487   0.99937
       488   0.99937
       489   0.99937
       490   0.99937
       491   0.99937
       492   0.99937
       493   0.99937
       494   0.99937
       495   0.99937
       496   0.99937
       497   0.99937
       498   0.99937
       499   0.99937
       500   0.99937
       501   0.99937
       502   0.99937
       503   0.99937
       504   0.99937
       505   0.99937
       506   0.99937
       507   0.99937
       508   0.99937
       509   0.99810
       510   0.99621
       511   0.99495
       512   0.99305
       513   0.99116
       514   0.98863
       515   0.98673
       516   0.98484
       517   0.98231
       518   0.97979
       519   0.97663
       520   0.97347
       521   0.97031
       522   0.96589
       523   0.96020
       524   0.93620
       525   0.93557
       526   0.93557
       527   0.93493
       528   0.93430
       529   0.93430
       530   0.93367
       531   0.93304
       532   0.93430
       533   0.93557
       534   0.93936
       535   0.96589
       536   0.97347
       537   0.97915
       538   0.98421
       539   0.98800
       540   0.99179
       541   0.99495
       542   0.99810
       543   0.99937
       544   0.99937
       545   0.99937
       546   0.99937
       547   0.99937
       548   0.99937
       549   0.99937
       550   0.99937
       551   0.99937
       552   0.99937
       553   0.99937
       554   0.99937
       555   0.99937
       556   0.99937
       557   0.99937
       558   0.99937
       559   0.99937
       560   0.99937
       561   0.99937
       562   0.99937
       563   0.99937
       564   0.99937
       565   0.99937
       566   0.99937
       567   0.99937
       568   0.99937
       569   0.99937
       570   0.99937
       571   0.99937
       572   0.99937
       573   0.99937
       574   0.99937
       575   0.99937
       576   0.99937
       577   0.99937
       578   0.99937
       579   0.99937
       580   0.99937
       581   0.99937
       582   0.99937
       583   0.99937
       584   0.99937
       585   0.99937
       586   0.99937
       587   0.99937
       588   0.99937
       589   0.99937
       590   0.99937
       591   0.99937
       592   0.99937
       593   0.99937
       594   0.99937
       595   0.99937
       596   0.99937
       597   0.99937
       598   0.99937
       599   0.99937
       600   0.99937
       601   0.99937
       602   0.99937
       603   0.99937
       604   0.99937
       605   0.99937
       606   0.99937
       607   0.99937
       608   0.99937
       609   0.99937
       610   0.99937
       611   0.99937
       612   0.99937
       613   0.99937
       614   0.99937
       615   0.99937
       616   0.99937
       617   0.99937
       618   0.99937
       619   0.99937
       620   0.99937
       621   0.99937
       622   0.99937
       623   0.99937
       624   0.99937
       625   0.99937
       626   0.99937
       627   0.99937
       628   0.99937
       629   0.99937
       630   0.99937
       631   0.99937
       632   0.99937
       633   0.99937
       634   0.99937
       635   0.99937
       636   0.99937
       637   0.99937
       638   0.99937
       639   0.99937
       640   0.99937
       641   0.99937
       642   0.99937
       643   0.99937
       644   0.99937
       645   0.99937
       646   0.99937
       647   0.99937
       648   0.99937
       649   0.99937
       650   0.99937
       651   0.99937
       652   0.99937
       653   0.99937
       654   0.99937
       655   0.99937
       656   0.99937
       657   0.99937
       658   0.99937
       659   0.99937
       660   0.99937
       661   0.99937
       662   0.99937
       663   0.99937
       664   0.99937
       665   0.99937
       666   0.99937
       667   0.99937
       668   0.99937
       669   0.99937
       670   0.99937
       671   0.99937
       672   0.99937
       673   0.99937
       674   0.99937
       675   0.99937
       676   0.99937
       677   0.99937
       678   0.99937
       679   0.99937
       680   0.99937
       681   0.99937
       682   0.99937
       683   0.99937
       684   0.99937
       685   0.99937
       686   0.99937
       687   0.99937
       688   0.99937
       689   0.99937
       690   0.99937
       691   0.99937
       692   0.99937
       693   0.99937
       694   0.99937
       695   0.99937
       696   0.99937
       697   0.99937
       698   0.99937
       699   0.99937
       700   0.99937
       701   0.99937
       702   0.99937
       703   0.99937
       704   0.99937
       705   0.99937
       706   0.99937
       707   0.99937
       708   0.99937
       709   0.99937
       710   0.99937
       711   0.99937
       712   0.99937
       713   0.99937
       714   0.99937
       715   0.99937
       716   0.99937
       717   0.99937
       718   0.99937
       719   0.99937
       720   0.99937
       721   0.99937
       722   0.99937
       723   0.99937
       724   0.99937
       725   0.99937
       726   0.99937
       727   0.99937
       728   0.99937
       729   0.99937
       730   0.99937
       731   0.99937
       732   0.99937
       733   0.99937
       734   0.99937
       735   0.99937
       736   0.99937
       737   0.99937
       738   0.99937
       739   0.99937
       740   0.99937
       741   0.99937
       742   0.99937
       743   0.99937
       744   0.99937
       745   0.99937
       746   0.99937
       747   0.99937
       748   0.99937
       749   0.99937
       750   0.99937
       751   0.99937
       752   0.99937
       753   0.99937
       754   0.99937
       755   0.99937
       756   0.99937
       757   0.99937
       758   0.99937
       759   0.99937
       760   0.99937
       761   0.99937
       762   0.99937
       763   0.99937
       764   0.99937
       765   0.99937
       766   0.99937
       767   0.99937
       768   0.99937
       769   0.99937
       770   0.99937
       771   0.99937
       772   0.99937
       773   0.99937
       774   0.99937
       775   0.99937
       776   0.99937
       777   0.99937
       778   0.99937
       779   0.99937
       780   0.99937
       781   0.99937
       782   0.99937
       783   0.99937
       784   0.99937
       785   0.99937
       786   0.99937
       787   0.99937
       788   0.99937
       789   0.99937
       790   0.99937
       791   0.99937
       792   0.99937
       793   0.99937
       794   0.99937
       795   0.99937
       796   0.99874
       797   0.99810
       798   0.99684
       799   0.99558
       800   0.99431
       801   0.99305
       802   0.99179
       803   0.99052
       804   0.98926
       805   0.98800
       806   0.98673
       807   0.98547
       808   0.98421
       809   0.98231
       810   0.98105
       811   0.97915
       812   0.97789
       813   0.97599
       814   0.97473
       815   0.97284
       816   0.97094
       817   0.96905
       818   0.96715
       819   0.96526
       820   0.96336
       821   0.96147
       822   0.95894
       823   0.95641
       824   0.95452
       825   0.95199
       826   0.94883
       827   0.94630
       828   0.94315
       829   0.93999
       830   0.93683
       831   0.93557
       832   0.93493
       833   0.93367
       834   0.93241
       835   0.93114
       836   0.92988
       837   0.92925
       838   0.92798
       839   0.92672
       840   0.92546
       841   0.92419
       842   0.92293
       843   0.92167
       844   0.92040
       845   0.91914
       846   0.91788
       847   0.91661
       848   0.91535
       849   0.91409
       850   0.91282
       851   0.91156
       852   0.91030
       853   0.90903
       854   0.90777
       855   0.90587
       856   0.90461
       857   0.90335
       858   0.90208
       859   0.90082
       860   0.89893
       861   0.89766
       862   0.89640
       863   0.89450
       864   0.89324
       865   0.89198
       866   0.89008
       867   0.88882
       868   0.88692
       869   0.88566
       870   0.88377
       871   0.88250
       872   0.88061
       873   0.87934
       874   0.87745
       875   0.87555
       876   0.87429
       877   0.87303
       878   0.87303
       879   0.87366
       880   0.87429
       881   0.87429
       882   0.87492
       883   0.87492
       884   0.87555
       885   0.87555
       886   0.87618
       887   0.87618
       888   0.87682
       889   0.87682
       890   0.87745
       891   0.87745
       892   0.87808
       893   0.87808
       894   0.87808
       895   0.87871
       896   0.87871
       897   0.87871
       898   0.87934
       899   0.87934
       900   0.87934
       901   0.87997
       902   0.87997
       903   0.87997
       904   0.88061
       905   0.88061
       906   0.88061
       907   0.88061
       908   0.88124
       909   0.88124
       910   0.88124
       911   0.88124
       912   0.88124
       913   0.88187
       914   0.88187
       915   0.88187
       916   0.88187
       917   0.88187
       918   0.88250
       919   0.88250
       920   0.88250
       921   0.88250
       922   0.88250
       923   0.88250
       924   0.88250
       925   0.88250
       926   0.88313
       927   0.88313
       928   0.88313
       929   0.88313
       930   0.88313
       931   0.88313
       932   0.88313
       933   0.88313
       934   0.88313
       935   0.88313
       936   0.88377
       937   0.88377
       938   0.88377
       939   0.88377
       940   0.88377
       941   0.88377
       942   0.88377
       943   0.88377
       944   0.88377
       945   0.88377
       946   0.88377
       947   0.88377
       948   0.88377
       949   0.88377
       950   0.88440
       951   0.88440
       952   0.88440
       953   0.88440
       954   0.88440
       955   0.88440
       956   0.88440
       957   0.88440
       958   0.88440
       959   0.88440
       960   0.88440
       961   0.88440
       962   0.88440
       963   0.88440
       964   0.88440
       965   0.88440
       966   0.88440
       967   0.88440
       968   0.88440
       969   0.88503
       970   0.88503
       971   0.88503
       972   0.88503
       973   0.88503
       974   0.88503
       975   0.88503
       976   0.88503
       977   0.88503
       978   0.88503
       979   0.88503
       980   0.88503
       981   0.88503
       982   0.88503
       983   0.88503
       984   0.88566
       985   0.88566
       986   0.88566
       987   0.88566
       988   0.88566
       989   0.88566
       990   0.88566
       991   0.88566
       992   0.88566
       993   0.88566
       994   0.88566
       995   0.88629
       996   0.88629
       997   0.88629
       998   0.88629
       999   0.88629
      1000   0.88629
      1001   0.88629
      1002   0.88629
      1003   0.88629
      1004   0.88692
      1005   0.88692
      1006   0.88692
      1007   0.88692
      1008   0.88692
      1009   0.88692
      1010   0.88692
      1011   0.88756
      1012   0.88756
      1013   0.88756
      1014   0.88756
      1015   0.88756
      1016   0.88756
      1017   0.88756
      1018   0.88819
      1019   0.88819
      1020   0.88819
      1021   0.88819
      1022   0.88819
      1023   0.88882
      1024   0.88882
      1025   0.88882
      1026   0.88882
      1027   0.88882
      1028   0.88945
      1029   0.88945
      1030   0.88945
      1031   0.88945
      1032   0.88945
      1033   0.89008
      1034   0.89008
      1035   0.89008
      1036   0.89008
      1037   0.89071
      1038   0.89071
      1039   0.89071
      1040   0.89071
      1041   0.89135
      1042   0.89135
      1043   0.89135
      1044   0.89135
      1045   0.89198
      1046   0.89198
      1047   0.89198
      1048   0.89198
      1049   0.89261
      1050   0.89261
      1051   0.89261
      1052   0.89324
      1053   0.89324
      1054   0.89324
      1055   0.89324
      1056   0.89387
      1057   0.89387
      1058   0.89387
      1059   0.89450
      1060   0.89450
      1061   0.89450
      1062   0.89514
      1063   0.89514
      1064   0.89514
      1065   0.89577
      1066   0.89577
      1067   0.89577
      1068   0.89640
      1069   0.89640
      1070   0.89640
      1071   0.89703
      1072   0.89703
      1073   0.89766
      1074   0.89766
      1075   0.89766
      1076   0.89829
      1077   0.89829
      1078   0.89829
      1079   0.89893
      1080   0.89893
      1081   0.89956
      1082   0.89956
      1083   0.89956
      1084   0.90019
      1085   0.90019
      1086   0.90082
      1087   0.90082
      1088   0.90082
      1089   0.90145
      1090   0.90145
      1091   0.90208
      1092   0.90208
      1093   0.90272
      1094   0.90272
      1095   0.90272
      1096   0.90335
      1097   0.90335
      1098   0.90398
      1099   0.90398
      1100   0.90461
      1101   0.90461
      1102   0.90524
      1103   0.90524
      1104   0.90524
      1105   0.90587
      1106   0.90587
      1107   0.90651
      1108   0.90651
      1109   0.90714
      1110   0.90714
      1111   0.90777
      1112   0.90777
      1113   0.90840
      1114   0.90840
      1115   0.90903
      1116   0.90903
      1117   0.90967
      1118   0.90967
      1119   0.90967
      1120   0.91030
      1121   0.91030
      1122   0.91093
      1123   0.91093
      1124   0.91156
      1125   0.91156
      1126   0.91219
      1127   0.91219
      1128   0.91282
      1129   0.91282
      1130   0.91346
      1131   0.91346
      1132   0.91409
      1133   0.91409
      1134   0.91472
      1135   0.91472
      1136   0.91535
      1137   0.91535
      1138   0.91598
      1139   0.91598
      1140   0.91598
      1141   0.91661
      1142   0.91661
      1143   0.91725
      1144   0.91725
      1145   0.91788
      1146   0.91788
      1147   0.91851
      1148   0.91851
      1149   0.91914
      1150   0.91914
      1151   0.91914
      1152   0.91977
      1153   0.91977
      1154   0.92040
      1155   0.92040
      1156   0.92104
      1157   0.92104
      1158   0.92104
      1159   0.92167
      1160   0.92167
      1161   0.92230
      1162   0.92230
      1163   0.92230
      1164   0.92293
      1165   0.92293
      1166   0.92356
      1167   0.92356
      1168   0.92356
      1169   0.92419
      1170   0.92419
      1171   0.92419
      1172   0.92483
      1173   0.92483
      1174   0.92483
      1175   0.92546
      1176   0.92609
      1177   0.92672
      1178   0.92735
      1179   0.92862
      1180   0.92925
      1181   0.92988
      1182   0.93051
      1183   0.93114
      1184   0.93178
      1185   0.93241
      1186   0.93304
      1187   0.93430
      1188   0.93493
      1189   0.93557
      1190   0.93620
      1191   0.93620
      1192   0.93683
      1193   0.93809
      1194   0.93936
      1195   0.93999
      1196   0.94125
      1197   0.94188
      1198   0.94315
      1199   0.94378
      1200   0.94441
      1201   0.94567
      1202   0.94630
      1203   0.94694
      1204   0.94820
      1205   0.94883
      1206   0.94946
      1207   0.95009
      1208   0.95073
      1209   0.95199
      1210   0.95262
      1211   0.95325
      1212   0.95389
      1213   0.95452
      1214   0.95515
      1215   0.95578
      1216   0.95641
      1217   0.95704
      1218   0.95768
      1219   0.95831
      1220   0.95894
      1221   0.95957
      1222   0.96020
      1223   0.96083
      1224   0.96083
      1225   0.96147
      1226   0.96210
      1227   0.96273
      1228   0.96336
      1229   0.96399
      1230   0.96399
      1231   0.96462
      1232   0.96526
      1233   0.96589
      1234   0.96589
      1235   0.96652
      1236   0.96715
      1237   0.96715
      1238   0.96778
      1239   0.96841
      1240   0.96841
      1241   0.96905
      1242   0.96968
      1243   0.96968
      1244   0.97031
      1245   0.97094
      1246   0.97094
      1247   0.97157
      1248   0.97157
      1249   0.97220
      1250   0.97220
      1251   0.97284
      1252   0.97284
      1253   0.97347
      1254   0.97410
      1255   0.97410
      1256   0.97473
      1257   0.97473
      1258   0.97473
      1259   0.97536
      1260   0.97536
      1261   0.97599
      1262   0.97599
      1263   0.97663
      1264   0.97663
      1265   0.97726
      1266   0.97726
      1267   0.97726
      1268   0.97789
      1269   0.97789
      1270   0.97852
      1271   0.97852
      1272   0.97852
      1273   0.97915
      1274   0.97915
      1275   0.97915
      1276   0.97979
      1277   0.97979
      1278   0.97979
      1279   0.98042
      1280   0.98042
      1281   0.98042
      1282   0.98105
      1283   0.98105
      1284   0.98105
      1285   0.98105
      1286   0.98168
      1287   0.98168
      1288   0.98168
      1289   0.98168
      1290   0.98231
      1291   0.98231
      1292   0.98231
      1293   0.98231
      1294   0.98294
      1295   0.98294
      1296   0.98294
      1297   0.98294
      1298   0.98294
      1299   0.98358
      1300   0.98358
      1301   0.98358
      1302   0.98358
      1303   0.98358
      1304   0.98358
      1305   0.98421
      1306   0.98421
      1307   0.98421
      1308   0.98421
      1309   0.98421
      1310   0.98421
      1311   0.98421
      1312   0.98421
      1313   0.98484
      1314   0.98484
      1315   0.98484
      1316   0.98484
      1317   0.98484
      1318   0.98484
      1319   0.98484
      1320   0.98484
      1321   0.98484
      1322   0.98484
      1323   0.98484
      1324   0.98484
      1325   0.98484
      1326   0.98484
      1327   0.98484
      1328   0.98484
      1329   0.98484
      1330   0.98484
      1331   0.98484
      1332   0.98484
      1333   0.98484
      1334   0.98484
      1335   0.98484
      1336   0.98484
      1337   0.98484
      1338   0.98484
      1339   0.98484
      1340   0.98484
      1341   0.98484
      1342   0.98484
      1343   0.98484
      1344   0.98484
      1345   0.98484
      1346   0.98484
      1347   0.98484
      1348   0.98484
      1349   0.98421
      1350   0.98421
      1351   0.98421
      1352   0.98421
      1353   0.98421
      1354   0.98421
      1355   0.98421
      1356   0.98421
      1357   0.98358
      1358   0.98358
      1359   0.98358
      1360   0.98358
      1361   0.98358
      1362   0.98294
      1363   0.98294
      1364   0.98294
      1365   0.98294
      1366   0.98294
      1367   0.98231
      1368   0.98231
      1369   0.98231
      1370   0.98231
      1371   0.98168
      1372   0.98168
      1373   0.98168
      1374   0.98105
      1375   0.98105
      1376   0.98105
      1377   0.98042
      1378   0.98042
      1379   0.98042
      1380   0.97979
      1381   0.97979
      1382   0.97979
      1383   0.97915
      1384   0.97915
      1385   0.97852
      1386   0.97852
      1387   0.97852
      1388   0.97789
      1389   0.97789
      1390   0.97726
      1391   0.97726
      1392   0.97663
      1393   0.97663
      1394   0.97599
      1395   0.97599
      1396   0.97536
      1397   0.97536
      1398   0.97473
      1399   0.97410
      1400   0.97410
      1401   0.97347
      1402   0.97284
      1403   0.97284
      1404   0.97220
      1405   0.97157
      1406   0.97157
      1407   0.97094
      1408   0.97031
      1409   0.96968
      1410   0.96968
      1411   0.96905
      1412   0.96841
      1413   0.96778
      1414   0.96715
      1415   0.96652
      1416   0.96589
      1417   0.96526
      1418   0.96462
      1419   0.96399
      1420   0.96336
      1421   0.96273
      1422   0.96210
      1423   0.96147
      1424   0.96083
      1425   0.95957
      1426   0.95894
      1427   0.95831
      1428   0.95768
      1429   0.95641
      1430   0.95578
      1431   0.95452
      1432   0.95389
      1433   0.95262
      1434   0.95136
      1435   0.95073
      1436   0.94946
      1437   0.94820
      1438   0.94694
      1439   0.94567
      1440   0.94441
      1441   0.94251
      1442   0.94125
      1443   0.93999
      1444   0.93809
      1445   0.93620
      1446   0.93620
      1447   0.93557
      1448   0.93557
      1449   0.93493
      1450   0.93430
      1451   0.93367
      1452   0.93367
      1453   0.93304
      1454   0.93241
      1455   0.93178
      1456   0.93178
      1457   0.93114
      1458   0.93051
      1459   0.92988
      1460   0.92988
      1461   0.92925
      1462   0.92862
      1463   0.92798
      1464   0.92735
      1465   0.92735
      1466   0.92672
      1467   0.92609
      1468   0.92546
      1469   0.92483
      1470   0.92483
      1471   0.92419
      1472   0.92356
      1473   0.92293
      1474   0.92230
      1475   0.92167
      1476   0.92104
      1477   0.92104
      1478   0.92040
      1479   0.91977
      1480   0.91914
      1481   0.91851
      1482   0.91788
      1483   0.91725
      1484   0.91661
      1485   0.91598
      1486   0.91535
      1487   0.91472
      1488   0.91409
      1489   0.91346
      1490   0.91282
      1491   0.91219
      1492   0.91219
      1493   0.91156
      1494   0.91093
      1495   0.91030
      1496   0.90967
      1497   0.90840
      1498   0.90777
      1499   0.90714
      1500   0.90651
      1501   0.90587
      1502   0.90524
      1503   0.90461
      1504   0.90398
      1505   0.90335
      1506   0.90272
      1507   0.90208
      1508   0.90145
      1509   0.90082
      1510   0.90019
      1511   0.89893
      1512   0.89829
      1513   0.89766
      1514   0.89703
      1515   0.89640
      1516   0.89577
      1517   0.89514
      1518   0.89387
      1519   0.89324
      1520   0.89261
      1521   0.89198
      1522   0.89135
      1523   0.89008
      1524   0.88945
      1525   0.88882
      1526   0.88819
      1527   0.88692
      1528   0.88629
      1529   0.88566
      1530   0.88503
      1531   0.88377
      1532   0.88313
      1533   0.88250
      1534   0.88124
      1535   0.88061
      1536   0.87997
      1537   0.87871
      1538   0.87808
      1539   0.87745
      1540   0.87618
      1541   0.87555
      1542   0.87429
      1543   0.87366
      1544   0.87303
      1545   0.87176
      1546   0.87113
      1547   0.87050
      1548   0.87050
      1549   0.87050
      1550   0.87050
      1551   0.87050
      1552   0.87050
      1553   0.87050
      1554   0.86987
      1555   0.86987
      1556   0.86987
      1557   0.86987
      1558   0.86987
      1559   0.86987
      1560   0.86987
      1561   0.86924
      1562   0.86924
      1563   0.86924
      1564   0.86924
      1565   0.86924
      1566   0.86860
      1567   0.86860
      1568   0.86860
      1569   0.86860
      1570   0.86860
      1571   0.86860
      1572   0.86797
      1573   0.86797
      1574   0.86797
      1575   0.86797
      1576   0.86734
      1577   0.86734
      1578   0.86734
      1579   0.86734
      1580   0.86734
      1581   0.86671
      1582   0.86671
      1583   0.86671
