         1   0.72240
         2   0.74863
         3   0.77268
         4   0.79126
         5   0.80984
         6   0.82623
         7   0.83607
         8   0.84809
         9   0.85792
        10   0.86885
        11   0.87650
        12   0.88197
        13   0.88743
        14   0.89290
        15   0.89836
        16   0.90383
        17   0.90929
        18   0.91694
        19   0.92240
        20   0.92896
        21   0.93661
        22   0.94536
        23   0.95519
        24   0.96721
        25   0.98907
        26   0.99891
        27   0.99891
        28   0.99891
        29   0.99891
        30   0.99891
        31   0.99891
        32   0.99891
        33   0.99891
        34   0.99891
        35   0.99891
        36   0.99891
        37   0.99891
        38   0.99891
        39   0.99891
        40   0.99891
        41   0.99891
        42   0.99891
        43   0.99891
        44   0.99891
        45   0.99891
        46   0.99891
        47   0.99891
        48   0.99891
        49   0.99891
        50   0.99891
        51   0.99891
        52   0.99891
        53   0.99891
        54   0.99891
        55   0.99891
        56   0.99891
        57   0.99891
        58   0.99891
        59   0.99891
        60   0.99891
        61   0.99891
        62   0.99891
        63   0.99891
        64   0.99891
        65   0.99891
        66   0.99891
        67   0.99891
        68   0.99891
        69   0.99891
        70   0.99891
        71   0.99891
        72   0.99891
        73   0.99891
        74   0.99891
        75   0.99891
        76   0.99891
        77   0.99891
        78   0.99891
        79   0.99891
        80   0.99891
        81   0.99891
        82   0.99891
        83   0.99781
        84   0.99781
        85   0.99563
        86   0.99563
        87   0.99454
        88   0.99344
        89   0.99344
        90   0.99235
        91   0.99126
        92   0.99126
        93   0.99016
        94   0.98907
        95   0.98907
        96   0.98798
        97   0.98798
        98   0.98798
        99   0.98689
       100   0.98579
       101   0.98579
       102   0.98579
       103   0.98579
       104   0.98579
       105   0.98470
       106   0.98361
       107   0.98361
       108   0.98361
       109   0.98361
       110   0.98361
       111   0.98361
       112   0.98361
       113   0.98361
       114   0.98361
       115   0.98361
       116   0.98361
       117   0.98361
       118   0.98361
       119   0.98361
       120   0.98470
       121   0.98470
       122   0.98579
       123   0.98579
       124   0.98579
       125   0.98579
       126   0.98579
       127   0.98689
       128   0.98798
       129   0.98798
       130   0.98798
       131   0.98798
       132   0.99016
       133   0.99016
       134   0.99016
       135   0.99016
       136   0.99235
       137   0.99235
       138   0.99235
       139   0.99344
       140   0.99454
       141   0.99563
       142   0.99563
       143   0.99672
       144   0.99781
       145   0.99781
       146   0.99891
       147   0.98470
       148   0.97158
       149   0.96175
       150   0.95410
       151   0.94754
       152   0.94208
       153   0.93661
       154   0.93224
       155   0.92678
       156   0.92240
       157   0.91803
       158   0.91366
       159   0.91038
       160   0.90601
       161   0.90273
       162   0.89836
       163   0.89508
       164   0.89180
       165   0.88852
       166   0.88415
       167   0.88197
       168   0.87760
       169   0.87541
       170   0.87104
       171   0.86885
       172   0.86448
       173   0.86230
       174   0.85792
       175   0.85574
       176   0.85246
       177   0.84918
       178   0.84590
       179   0.84372
       180   0.83934
       181   0.83716
       182   0.83388
       183   0.83060
       184   0.82842
       185   0.82514
       186   0.82186
       187   0.81858
       188   0.81639
       189   0.81421
       190   0.80656
       191   0.80219
       192   0.79672
       193   0.79016
       194   0.78470
       195   0.77923
       196   0.77486
       197   0.76721
       198   0.76175
       199   0.75628
       200   0.75082
       201   0.74317
       202   0.74754
       203   0.74973
       204   0.75301
       205   0.75738
       206   0.76066
       207   0.76393
       208   0.76721
       209   0.77049
       210   0.77268
       211   0.77705
       212   0.77923
       213   0.78251
       214   0.78689
       215   0.78907
       216   0.79235
       217   0.79672
       218   0.80000
       219   0.80219
       220   0.80656
       221   0.80984
       222   0.81311
       223   0.81639
       224   0.81858
       225   0.82295
       226   0.82623
       227   0.82842
       228   0.83279
       229   0.83607
       230   0.83934
       231   0.84262
       232   0.84481
       233   0.84918
       234   0.85137
       235   0.85574
       236   0.85792
       237   0.86230
       238   0.86667
       239   0.86995
       240   0.87322
       241   0.87650
       242   0.87978
       243   0.88415
       244   0.88852
       245   0.89071
       246   0.89508
       247   0.89945
       248   0.90383
       249   0.90710
       250   0.91148
       251   0.91585
       252   0.92022
       253   0.92459
       254   0.92896
       255   0.93333
       256   0.93880
       257   0.94426
       258   0.94973
       259   0.95628
       260   0.96503
       261   0.97377
       262   0.99344
       263   0.99891
       264   0.99891
       265   0.99891
       266   0.99891
       267   0.99891
       268   0.99891
       269   0.99891
       270   0.99891
       271   0.99891
       272   0.99891
       273   0.99891
       274   0.99891
       275   0.99891
       276   0.99891
       277   0.99891
       278   0.99891
       279   0.99891
       280   0.99891
       281   0.99891
       282   0.99891
       283   0.99891
       284   0.99891
       285   0.99891
       286   0.99891
       287   0.99891
       288   0.99891
       289   0.99891
       290   0.99891
       291   0.99891
       292   0.99891
       293   0.99891
       294   0.99891
       295   0.99891
       296   0.99891
       297   0.99891
       298   0.99891
       299   0.99891
       300   0.99891
       301   0.99891
       302   0.99891
       303   0.99891
       304   0.99891
       305   0.99891
       306   0.99891
       307   0.99891
       308   0.99891
       309   0.99891
       310   0.99891
       311   0.99781
       312   0.99563
       313   0.99235
       314   0.99016
       315   0.98798
       316   0.98579
       317   0.98251
       318   0.98033
       319   0.97705
       320   0.97486
       321   0.97268
       322   0.96940
       323   0.96612
       324   0.96284
       325   0.95847
       326   0.95519
       327   0.95082
       328   0.94645
       329   0.94098
       330   0.93661
       331   0.93333
       332   0.92896
       333   0.92240
       334   0.91694
       335   0.91148
       336   0.90383
       337   0.89617
       338   0.88743
       339   0.87869
       340   0.86557
       341   0.83934
       342   0.83825
       343   0.83716
       344   0.83607
       345   0.83497
       346   0.83279
       347   0.83169
       348   0.83060
       349   0.81311
       350   0.79672
       351   0.78470
       352   0.77596
       353   0.76612
       354   0.75847
       355   0.75191
       356   0.75628
       357   0.76175
       358   0.76721
       359   0.77377
       360   0.78142
       361   0.78907
       362   0.80219
       363   0.81967
       364   0.81967
       365   0.81967
       366   0.81967
       367   0.81967
       368   0.81967
       369   0.81858
       370   0.81858
       371   0.81858
       372   0.81858
       373   0.82623
       374   0.84262
       375   0.85027
       376   0.85792
       377   0.86230
       378   0.86448
       379   0.86557
       380   0.86667
       381   0.86776
       382   0.86776
       383   0.86885
       384   0.86885
       385   0.86995
       386   0.86995
       387   0.86995
       388   0.87104
       389   0.86995
       390   0.86995
       391   0.86885
       392   0.86885
       393   0.86885
       394   0.87432
       395   0.87978
       396   0.88525
       397   0.88962
       398   0.89399
       399   0.89836
       400   0.90164
       401   0.90601
       402   0.90929
       403   0.91257
       404   0.91694
       405   0.92022
       406   0.92240
       407   0.92568
       408   0.92896
       409   0.93115
       410   0.93443
       411   0.93661
       412   0.93880
       413   0.94208
       414   0.94426
       415   0.94645
       416   0.94863
       417   0.95082
       418   0.95301
       419   0.95519
       420   0.95738
       421   0.96066
       422   0.96175
       423   0.96393
       424   0.96612
       425   0.96831
       426   0.96940
       427   0.97158
       428   0.97268
       429   0.97486
       430   0.97705
       431   0.97814
       432   0.98033
       433   0.98142
       434   0.98361
       435   0.98470
       436   0.98689
       437   0.98798
       438   0.99016
       439   0.99126
       440   0.99235
       441   0.99454
       442   0.99344
       443   0.99563
       444   0.99454
       445   0.99344
       446   0.99126
       447   0.99016
       448   0.98907
       449   0.98689
       450   0.98470
       451   0.98361
       452   0.98142
       453   0.98033
       454   0.97814
       455   0.97705
       456   0.97486
       457   0.97377
       458   0.97158
       459   0.97049
       460   0.96831
       461   0.96612
       462   0.96503
       463   0.96393
       464   0.96175
       465   0.95956
       466   0.95847
       467   0.95738
       468   0.95519
       469   0.95301
       470   0.95301
       471   0.95082
       472   0.94863
       473   0.94645
       474   0.94645
       475   0.94426
       476   0.94208
       477   0.93989
       478   0.93880
       479   0.93661
       480   0.93333
       481   0.93333
       482   0.93115
       483   0.92787
       484   0.92678
       485   0.92568
       486   0.92240
       487   0.92131
       488   0.91913
       489   0.91694
       490   0.91475
       491   0.91366
       492   0.91148
       493   0.91038
       494   0.90710
       495   0.90492
       496   0.90273
       497   0.90164
       498   0.89945
       499   0.89617
       500   0.89617
       501   0.89290
       502   0.89180
       503   0.88962
       504   0.88743
       505   0.88634
       506   0.88415
       507   0.88306
       508   0.87978
       509   0.87978
       510   0.87760
       511   0.87541
       512   0.87432
       513   0.87213
       514   0.87104
       515   0.86885
       516   0.86776
       517   0.86667
       518   0.86667
       519   0.86448
       520   0.86448
       521   0.86120
       522   0.86120
       523   0.86120
       524   0.85902
       525   0.85792
       526   0.85683
       527   0.85792
       528   0.85792
       529   0.85574
       530   0.85464
       531   0.85574
       532   0.85464
       533   0.85355
       534   0.85464
       535   0.85246
       536   0.85137
       537   0.85246
       538   0.85246
       539   0.85137
       540   0.85027
       541   0.85027
       542   0.85027
       543   0.84918
       544   0.84809
       545   0.84809
       546   0.84809
       547   0.84809
       548   0.84918
       549   0.84809
       550   0.84809
       551   0.84809
       552   0.84699
       553   0.84699
       554   0.84809
       555   0.84809
       556   0.84809
       557   0.84918
       558   0.85027
       559   0.84918
       560   0.84918
       561   0.84918
       562   0.85027
       563   0.85027
       564   0.85027
       565   0.85137
       566   0.85246
       567   0.85355
       568   0.85464
       569   0.85464
       570   0.85683
       571   0.85683
       572   0.85792
       573   0.85792
       574   0.86011
       575   0.86011
       576   0.86120
       577   0.86230
       578   0.86448
       579   0.86557
       580   0.86667
       581   0.86776
       582   0.86885
       583   0.86885
       584   0.87213
       585   0.87432
       586   0.87432
       587   0.87650
       588   0.87650
       589   0.87978
       590   0.88087
       591   0.88197
       592   0.88415
       593   0.88525
       594   0.88743
       595   0.88962
       596   0.88962
       597   0.89290
       598   0.89508
       599   0.89508
       600   0.89836
       601   0.90055
       602   0.90164
       603   0.90383
       604   0.90601
       605   0.90710
       606   0.90929
       607   0.91257
       608   0.91366
       609   0.91475
       610   0.91803
       611   0.91913
       612   0.92131
       613   0.92459
       614   0.92568
       615   0.92787
       616   0.93115
       617   0.93224
       618   0.93552
       619   0.93770
       620   0.93989
       621   0.94208
       622   0.94426
       623   0.94645
       624   0.94863
       625   0.95082
       626   0.95301
       627   0.95628
       628   0.95738
       629   0.96066
       630   0.96284
       631   0.96393
       632   0.96721
       633   0.96940
       634   0.97049
       635   0.97377
       636   0.97596
       637   0.98033
       638   0.98142
       639   0.98361
       640   0.98689
       641   0.98798
       642   0.99016
       643   0.99344
       644   0.99454
       645   0.99672
       646   0.99672
       647   0.99672
       648   0.99781
       649   0.99781
       650   0.99781
       651   0.99891
       652   0.99891
       653   0.99891
       654   0.99891
       655   0.99891
       656   0.99891
       657   0.99891
       658   0.99891
       659   0.99891
       660   0.99891
       661   0.99891
       662   0.99891
       663   0.99891
       664   0.99891
       665   0.99891
       666   0.99891
       667   0.99891
       668   0.99891
       669   0.99891
       670   0.99891
       671   0.99891
       672   0.99891
       673   0.99891
       674   0.99891
       675   0.99891
       676   0.99891
       677   0.99891
       678   0.99891
       679   0.99891
       680   0.99891
       681   0.99891
       682   0.99891
       683   0.99891
       684   0.99891
       685   0.99891
       686   0.99891
       687   0.99891
       688   0.99891
       689   0.99891
       690   0.99891
       691   0.99891
       692   0.99891
       693   0.99891
       694   0.99891
       695   0.99891
       696   0.99891
       697   0.99891
       698   0.99891
       699   0.99891
       700   0.99891
       701   0.99891
       702   0.99891
       703   0.99891
       704   0.99891
       705   0.99891
       706   0.99891
       707   0.99891
       708   0.99891
       709   0.99891
       710   0.99891
       711   0.99891
       712   0.99891
       713   0.99891
       714   0.99891
       715   0.99891
       716   0.95519
       717   0.93443
       718   0.93989
       719   0.94645
       720   0.95410
       721   0.96284
       722   0.97268
       723   0.99891
       724   0.99891
       725   0.99891
       726   0.99891
       727   0.99891
       728   0.99891
       729   0.99891
       730   0.99891
       731   0.99891
       732   0.99891
       733   0.99891
       734   0.99891
       735   0.99891
       736   0.99891
       737   0.99891
       738   0.99891
       739   0.99891
       740   0.99672
       741   0.99454
       742   0.99235
       743   0.99126
       744   0.98798
       745   0.98579
       746   0.98361
       747   0.98033
       748   0.97596
       749   0.97268
       750   0.96831
       751   0.96284
       752   0.95301
       753   0.94536
       754   0.94426
       755   0.94208
       756   0.94098
       757   0.93880
       758   0.93661
       759   0.93552
       760   0.93443
       761   0.93224
       762   0.93005
       763   0.92787
       764   0.92568
       765   0.92568
       766   0.92350
       767   0.92131
       768   0.91913
       769   0.91694
       770   0.91475
       771   0.91257
       772   0.91038
       773   0.90820
       774   0.90601
       775   0.90383
       776   0.90164
       777   0.89945
       778   0.89727
       779   0.89399
       780   0.89180
       781   0.88852
       782   0.88525
       783   0.88306
       784   0.87978
       785   0.87760
       786   0.87541
       787   0.87213
       788   0.86995
       789   0.86667
       790   0.86448
       791   0.86120
       792   0.85792
       793   0.85574
       794   0.85246
       795   0.84809
       796   0.84590
       797   0.84262
       798   0.84372
       799   0.84809
       800   0.85246
       801   0.85464
       802   0.85902
       803   0.86230
       804   0.86448
       805   0.86776
       806   0.87104
       807   0.87322
       808   0.87650
       809   0.87869
       810   0.88087
       811   0.88415
       812   0.88525
       813   0.88743
       814   0.88962
       815   0.89180
       816   0.89399
       817   0.89508
       818   0.89727
       819   0.89836
       820   0.90164
       821   0.90273
       822   0.90383
       823   0.90601
       824   0.90710
       825   0.91038
       826   0.91038
       827   0.91257
       828   0.91366
       829   0.91366
       830   0.91585
       831   0.91694
       832   0.91913
       833   0.91913
       834   0.92131
       835   0.92131
       836   0.92350
       837   0.92350
       838   0.92459
       839   0.92678
       840   0.92787
       841   0.92787
       842   0.92896
       843   0.93005
       844   0.93115
       845   0.93224
       846   0.93224
       847   0.93333
       848   0.93443
       849   0.93443
       850   0.93443
       851   0.93661
       852   0.93661
       853   0.93661
       854   0.93661
       855   0.93880
       856   0.93880
       857   0.93880
       858   0.93880
       859   0.94208
       860   0.94426
       861   0.94645
       862   0.94754
       863   0.94863
       864   0.94973
       865   0.95191
       866   0.95301
       867   0.95410
       868   0.95519
       869   0.95628
       870   0.95738
       871   0.95738
       872   0.95847
       873   0.95847
       874   0.95956
       875   0.95956
       876   0.96066
       877   0.96066
       878   0.96066
       879   0.96175
       880   0.96175
       881   0.96175
       882   0.96284
       883   0.96284
       884   0.96284
       885   0.96066
       886   0.95847
       887   0.95738
       888   0.95410
       889   0.95410
       890   0.95191
       891   0.94973
       892   0.94863
       893   0.94426
       894   0.94208
       895   0.93989
       896   0.93661
       897   0.93443
       898   0.93224
       899   0.92896
       900   0.92678
       901   0.92240
       902   0.92022
       903   0.91694
       904   0.91475
       905   0.91038
       906   0.90601
       907   0.90383
       908   0.89945
       909   0.89508
       910   0.89180
       911   0.88743
       912   0.88415
       913   0.87650
       914   0.87322
       915   0.86995
