         1   0.01202
         2   0.01311
         3   0.01421
         4   0.01530
         5   0.01749
         6   0.01858
         7   0.01967
         8   0.02077
         9   0.02186
        10   0.02295
        11   0.02404
        12   0.02623
        13   0.02623
        14   0.02623
        15   0.02623
        16   0.02623
        17   0.02842
        18   0.02842
        19   0.02842
        20   0.02842
        21   0.02842
        22   0.02951
        23   0.02951
        24   0.02951
        25   0.03060
        26   0.03060
        27   0.03169
        28   0.03169
        29   0.03169
        30   0.03279
        31   0.03388
        32   0.03388
        33   0.03388
        34   0.03497
        35   0.03497
        36   0.03607
        37   0.03716
        38   0.03716
        39   0.03825
        40   0.03825
        41   0.03934
        42   0.03934
        43   0.04153
        44   0.04153
        45   0.04262
        46   0.04262
        47   0.04481
        48   0.04590
        49   0.04590
        50   0.04699
        51   0.04809
        52   0.05027
        53   0.05137
        54   0.05246
        55   0.05464
        56   0.05574
        57   0.05792
        58   0.05902
        59   0.06230
        60   0.06448
        61   0.06776
        62   0.07213
        63   0.07541
        64   0.07869
        65   0.08306
        66   0.08525
        67   0.08743
        68   0.08962
        69   0.08962
        70   0.08962
        71   0.09071
        72   0.09071
        73   0.09180
        74   0.09180
        75   0.09071
        76   0.09180
        77   0.09071
        78   0.09071
        79   0.09071
        80   0.09071
        81   0.08962
        82   0.09071
        83   0.08962
        84   0.08962
        85   0.08962
        86   0.08962
        87   0.08852
        88   0.08852
        89   0.08852
        90   0.08852
        91   0.08852
        92   0.08743
        93   0.08743
        94   0.08743
        95   0.08743
        96   0.08743
        97   0.08634
        98   0.08743
        99   0.08743
       100   0.08634
       101   0.08743
       102   0.08743
       103   0.08743
       104   0.08634
       105   0.08743
       106   0.08743
       107   0.08852
       108   0.08743
       109   0.08743
       110   0.08852
       111   0.08852
       112   0.08743
       113   0.08852
       114   0.08852
       115   0.08962
       116   0.08852
       117   0.08962
       118   0.08962
       119   0.09071
       120   0.08962
       121   0.09071
       122   0.09071
       123   0.09071
       124   0.09071
       125   0.09180
       126   0.09071
       127   0.09180
       128   0.09180
       129   0.09071
       130   0.09071
       131   0.08962
       132   0.08962
       133   0.08962
       134   0.08743
       135   0.08525
       136   0.08306
       137   0.07978
       138   0.07650
       139   0.07213
       140   0.06776
       141   0.06557
       142   0.06230
       143   0.06011
       144   0.05792
       145   0.05574
       146   0.05464
       147   0.05246
       148   0.05137
       149   0.05027
       150   0.04918
       151   0.04699
       152   0.04590
       153   0.04590
       154   0.04481
       155   0.04262
       156   0.04262
       157   0.04153
       158   0.04153
       159   0.04044
       160   0.03934
       161   0.03825
       162   0.03825
       163   0.03716
       164   0.03716
       165   0.03607
       166   0.03497
       167   0.03497
       168   0.03497
       169   0.03388
       170   0.03388
       171   0.03279
       172   0.03169
       173   0.03169
       174   0.03169
       175   0.03169
       176   0.03060
       177   0.02951
       178   0.02951
       179   0.02951
       180   0.02842
       181   0.02842
       182   0.02842
       183   0.02842
       184   0.02842
       185   0.02623
       186   0.02623
       187   0.02623
       188   0.02623
       189   0.02623
       190   0.02951
       191   0.03388
       192   0.03497
       193   0.03607
       194   0.03716
       195   0.03716
       196   0.03716
       197   0.03607
       198   0.03607
       199   0.03497
       200   0.03388
       201   0.03388
       202   0.03497
       203   0.03607
       204   0.03716
       205   0.03825
       206   0.03825
       207   0.03934
       208   0.04044
       209   0.04153
       210   0.04262
       211   0.04262
       212   0.04372
       213   0.04372
       214   0.04481
       215   0.04481
       216   0.04590
       217   0.04590
       218   0.04590
       219   0.04590
       220   0.04590
       221   0.04372
       222   0.04372
       223   0.04372
       224   0.04372
       225   0.04372
       226   0.04372
       227   0.04372
       228   0.04372
       229   0.04372
       230   0.04372
       231   0.04372
       232   0.04372
       233   0.04372
       234   0.04372
       235   0.04372
       236   0.04372
       237   0.04372
       238   0.04372
       239   0.04372
       240   0.04372
       241   0.04372
       242   0.04372
       243   0.04372
       244   0.04372
       245   0.04372
       246   0.04372
       247   0.04372
       248   0.04372
       249   0.04372
       250   0.04372
       251   0.04372
       252   0.04372
       253   0.04372
       254   0.04372
       255   0.04372
       256   0.04372
       257   0.04372
       258   0.04372
       259   0.04372
       260   0.04372
       261   0.04372
       262   0.04372
       263   0.04372
       264   0.04372
       265   0.04372
       266   0.04372
       267   0.04372
       268   0.04372
       269   0.04372
       270   0.04372
       271   0.04372
       272   0.04372
       273   0.04372
       274   0.04372
       275   0.04372
       276   0.04372
       277   0.04372
       278   0.04372
       279   0.04372
       280   0.04372
       281   0.04372
       282   0.04372
       283   0.04372
       284   0.04372
       285   0.04372
       286   0.04372
       287   0.04372
       288   0.04372
       289   0.04372
       290   0.04372
       291   0.04372
       292   0.04372
       293   0.04372
       294   0.04372
       295   0.04372
       296   0.04372
       297   0.04372
       298   0.04372
       299   0.04372
       300   0.04372
       301   0.04372
       302   0.04372
       303   0.04372
       304   0.04372
       305   0.04372
       306   0.04372
       307   0.04372
       308   0.04372
       309   0.04372
       310   0.04372
       311   0.04372
       312   0.04372
       313   0.04372
       314   0.04372
       315   0.04372
       316   0.04372
       317   0.04372
       318   0.04372
       319   0.04372
       320   0.04372
       321   0.04372
       322   0.04372
       323   0.04372
       324   0.04372
       325   0.04372
       326   0.04372
       327   0.04372
       328   0.04372
       329   0.04372
       330   0.04372
       331   0.04372
       332   0.04372
       333   0.05464
       334   0.06011
       335   0.06448
       336   0.06448
       337   0.06339
       338   0.06339
       339   0.06230
       340   0.06230
       341   0.06120
       342   0.06011
       343   0.05902
       344   0.05792
       345   0.05683
       346   0.05574
       347   0.05464
       348   0.05355
       349   0.05246
       350   0.05027
       351   0.04918
       352   0.04809
       353   0.04590
       354   0.04481
       355   0.04372
       356   0.04481
       357   0.04590
       358   0.04809
       359   0.04918
       360   0.05027
       361   0.05246
       362   0.05355
       363   0.05464
       364   0.05574
       365   0.05683
       366   0.05792
       367   0.05902
       368   0.06011
       369   0.06120
       370   0.06230
       371   0.06230
       372   0.06339
       373   0.06339
       374   0.06667
       375   0.06667
       376   0.06230
       377   0.05683
       378   0.04590
       379   0.04590
       380   0.04590
       381   0.04481
       382   0.04481
       383   0.04372
       384   0.04262
       385   0.04262
       386   0.04153
       387   0.04044
       388   0.04044
       389   0.03934
       390   0.03825
       391   0.03716
       392   0.03607
       393   0.03497
       394   0.03497
       395   0.03607
       396   0.03825
       397   0.03825
       398   0.03825
       399   0.03825
       400   0.03825
       401   0.03825
       402   0.03825
       403   0.03716
       404   0.03497
       405   0.03279
       406   0.02732
       407   0.02842
       408   0.02842
       409   0.02951
       410   0.02951
       411   0.02951
       412   0.02951
       413   0.02951
       414   0.02951
       415   0.02951
       416   0.02951
       417   0.03060
       418   0.03060
       419   0.03060
       420   0.03060
       421   0.03169
       422   0.03169
       423   0.03169
       424   0.03169
       425   0.03279
       426   0.03279
       427   0.03279
       428   0.03279
       429   0.03279
       430   0.03279
       431   0.03279
       432   0.03388
       433   0.03497
       434   0.03497
       435   0.03497
       436   0.03497
       437   0.03497
       438   0.03497
       439   0.03497
       440   0.03607
       441   0.03716
       442   0.03716
       443   0.03716
       444   0.03716
       445   0.03716
       446   0.03825
       447   0.03825
       448   0.03825
       449   0.03825
       450   0.03934
       451   0.04044
       452   0.04044
       453   0.04044
       454   0.04044
       455   0.04044
       456   0.04153
       457   0.04153
       458   0.04262
       459   0.04262
       460   0.04262
       461   0.04372
       462   0.04372
       463   0.04372
       464   0.04372
       465   0.04590
       466   0.04590
       467   0.04590
       468   0.04590
       469   0.04699
       470   0.04699
       471   0.04809
       472   0.04809
       473   0.04918
       474   0.04918
       475   0.04918
       476   0.05027
       477   0.05137
       478   0.05137
       479   0.05137
       480   0.05246
       481   0.05246
       482   0.05246
       483   0.05464
       484   0.05464
       485   0.05464
       486   0.05574
       487   0.05574
       488   0.05683
       489   0.05792
       490   0.05792
       491   0.05792
       492   0.05902
       493   0.06011
       494   0.06120
       495   0.06120
       496   0.06120
       497   0.06230
       498   0.06339
       499   0.06339
       500   0.06448
       501   0.06448
       502   0.06557
       503   0.06667
       504   0.06667
       505   0.06667
       506   0.06776
       507   0.06885
       508   0.06885
       509   0.06995
       510   0.06995
       511   0.07104
       512   0.07104
       513   0.07213
       514   0.07213
       515   0.07322
       516   0.07322
       517   0.07322
       518   0.07432
       519   0.07541
       520   0.07541
       521   0.07541
       522   0.07541
       523   0.07650
       524   0.07650
       525   0.07650
       526   0.07760
       527   0.07760
       528   0.07760
       529   0.07760
       530   0.07869
       531   0.07869
       532   0.07869
       533   0.07869
       534   0.07978
       535   0.07978
       536   0.07978
       537   0.07978
       538   0.07978
       539   0.07978
       540   0.07978
       541   0.07978
       542   0.08087
       543   0.08087
       544   0.07978
       545   0.07978
       546   0.08087
       547   0.08087
       548   0.08087
       549   0.07978
       550   0.07978
       551   0.08087
       552   0.08087
       553   0.07978
       554   0.07978
       555   0.07978
       556   0.07978
       557   0.07978
       558   0.07978
       559   0.07978
       560   0.07978
       561   0.07869
       562   0.07869
       563   0.07869
       564   0.07869
       565   0.07760
       566   0.07760
       567   0.07760
       568   0.07760
       569   0.07650
       570   0.07650
       571   0.07650
       572   0.07541
       573   0.07541
       574   0.07541
       575   0.07541
       576   0.07432
       577   0.07322
       578   0.07322
       579   0.07322
       580   0.07213
       581   0.07213
       582   0.07104
       583   0.07104
       584   0.06995
       585   0.06995
       586   0.06885
       587   0.06885
       588   0.06776
       589   0.06667
       590   0.06667
       591   0.06667
       592   0.06557
       593   0.06448
       594   0.06448
       595   0.06339
       596   0.06339
       597   0.06230
       598   0.06120
       599   0.06120
       600   0.06120
       601   0.06011
       602   0.05902
       603   0.05792
       604   0.05792
       605   0.05792
       606   0.05683
       607   0.05574
       608   0.05574
       609   0.05464
       610   0.05464
       611   0.05464
       612   0.05246
       613   0.05246
       614   0.05246
       615   0.05137
       616   0.05137
       617   0.05137
       618   0.05027
       619   0.04918
       620   0.04918
       621   0.04918
       622   0.04809
       623   0.04809
       624   0.04699
       625   0.04699
       626   0.04590
       627   0.04590
       628   0.04590
       629   0.04590
       630   0.04372
       631   0.04372
       632   0.04372
       633   0.04372
       634   0.04262
       635   0.04262
       636   0.04262
       637   0.04153
       638   0.04153
       639   0.04044
       640   0.04044
       641   0.04044
       642   0.04044
       643   0.04044
       644   0.03934
       645   0.03825
       646   0.03825
       647   0.03825
       648   0.03825
       649   0.03716
       650   0.03716
       651   0.03716
       652   0.03716
       653   0.03716
       654   0.03607
       655   0.03497
       656   0.03497
       657   0.03497
       658   0.03497
       659   0.03497
       660   0.03497
       661   0.03497
       662   0.03388
       663   0.03279
       664   0.03279
       665   0.03279
       666   0.03279
       667   0.03279
       668   0.03279
       669   0.03279
       670   0.03169
       671   0.03169
       672   0.03169
       673   0.03169
       674   0.03060
       675   0.03060
       676   0.03060
       677   0.03060
       678   0.02951
       679   0.02951
       680   0.02951
       681   0.02951
       682   0.02951
       683   0.02951
       684   0.02951
       685   0.02951
       686   0.02842
       687   0.02842
       688   0.02732
       689   0.02732
       690   0.02732
       691   0.02732
       692   0.02732
       693   0.02732
       694   0.02732
       695   0.02732
       696   0.02732
       697   0.02732
       698   0.02732
       699   0.02623
       700   0.02514
       701   0.02514
       702   0.02623
       703   0.04153
       704   0.04590
       705   0.05027
       706   0.05137
       707   0.05027
       708   0.04918
       709   0.04809
       710   0.04699
       711   0.04590
       712   0.04262
       713   0.04044
       714   0.03934
       715   0.03716
       716   0.03497
       717   0.03388
       718   0.03607
       719   0.03716
       720   0.03825
       721   0.04044
       722   0.04153
       723   0.04262
       724   0.04481
       725   0.04590
       726   0.04699
       727   0.04809
       728   0.04918
       729   0.05027
       730   0.05137
       731   0.05246
       732   0.05464
       733   0.05464
       734   0.05574
       735   0.05683
       736   0.05792
       737   0.05902
       738   0.05792
       739   0.05574
       740   0.05246
       741   0.05027
       742   0.04372
       743   0.04372
       744   0.04372
       745   0.04372
       746   0.04372
       747   0.04372
       748   0.04372
       749   0.04372
       750   0.04372
       751   0.04372
       752   0.04372
       753   0.04372
       754   0.04372
       755   0.04372
       756   0.04372
       757   0.04372
       758   0.04372
       759   0.04372
       760   0.04372
       761   0.04372
       762   0.04372
       763   0.04372
       764   0.04372
       765   0.04372
       766   0.04372
       767   0.04372
       768   0.04372
       769   0.04372
       770   0.04372
       771   0.04372
       772   0.04372
       773   0.04372
       774   0.04372
       775   0.04372
       776   0.04372
       777   0.04372
       778   0.04262
       779   0.04372
       780   0.04481
       781   0.04590
       782   0.04590
       783   0.04590
       784   0.04699
       785   0.04699
       786   0.04699
       787   0.04699
       788   0.04699
       789   0.04590
       790   0.04590
       791   0.04590
       792   0.04590
       793   0.04481
       794   0.04481
       795   0.04372
       796   0.04372
       797   0.04262
       798   0.04262
       799   0.04372
       800   0.04372
       801   0.04481
       802   0.04481
       803   0.04590
       804   0.04590
       805   0.04590
       806   0.04590
       807   0.04699
       808   0.04699
       809   0.04699
       810   0.04699
       811   0.04699
       812   0.04590
       813   0.04590
       814   0.04590
       815   0.04481
       816   0.04372
       817   0.04262
       818   0.04372
       819   0.04372
       820   0.04372
       821   0.04372
       822   0.04372
       823   0.04372
       824   0.04372
       825   0.04372
       826   0.04372
       827   0.04372
       828   0.04372
       829   0.04372
       830   0.04372
       831   0.04372
       832   0.04372
       833   0.04372
       834   0.04372
       835   0.04372
       836   0.04372
       837   0.04372
       838   0.04372
       839   0.04372
       840   0.04372
       841   0.04372
       842   0.04372
       843   0.04372
       844   0.04372
       845   0.04372
       846   0.04372
       847   0.04372
       848   0.04372
       849   0.04372
       850   0.04372
       851   0.04372
       852   0.04372
       853   0.04372
       854   0.04372
       855   0.04372
       856   0.04372
       857   0.04372
       858   0.04372
       859   0.04372
       860   0.04372
       861   0.04372
       862   0.04372
       863   0.04372
       864   0.04372
       865   0.04372
       866   0.04372
       867   0.04372
       868   0.04372
       869   0.04372
       870   0.04372
       871   0.04372
       872   0.04372
       873   0.04372
       874   0.04372
       875   0.04372
       876   0.04372
       877   0.04372
       878   0.04372
       879   0.04372
       880   0.04372
       881   0.04372
       882   0.04372
       883   0.04372
       884   0.04372
       885   0.04372
       886   0.04372
       887   0.04372
       888   0.04372
       889   0.04372
       890   0.04372
       891   0.04372
       892   0.04372
       893   0.04372
       894   0.04372
       895   0.04372
       896   0.04262
       897   0.04153
       898   0.04044
       899   0.03934
       900   0.03825
       901   0.03716
       902   0.03607
       903   0.03497
       904   0.03388
       905   0.03279
       906   0.03169
       907   0.03060
       908   0.02951
       909   0.02842
       910   0.02732
       911   0.02623
       912   0.02514
       913   0.02404
       914   0.02295
       915   0.02186
