         1   0.42951
         2   0.43060
         3   0.42842
         4   0.42623
         5   0.42514
         6   0.42404
         7   0.42186
         8   0.42186
         9   0.41967
        10   0.41749
        11   0.41639
        12   0.41421
        13   0.41202
        14   0.40984
        15   0.40765
        16   0.40546
        17   0.40219
        18   0.40000
        19   0.39672
        20   0.39454
        21   0.39235
        22   0.38907
        23   0.38689
        24   0.38361
        25   0.37923
        26   0.37486
        27   0.37049
        28   0.36612
        29   0.35956
        30   0.34863
        31   0.34754
        32   0.34645
        33   0.34536
        34   0.34426
        35   0.34317
        36   0.34208
        37   0.34098
        38   0.33989
        39   0.33880
        40   0.33770
        41   0.33661
        42   0.33443
        43   0.33333
        44   0.33224
        45   0.33115
        46   0.33005
        47   0.32896
        48   0.32787
        49   0.32678
        50   0.32459
        51   0.32350
        52   0.32240
        53   0.32131
        54   0.32022
        55   0.31913
        56   0.31803
        57   0.31694
        58   0.31585
        59   0.31475
        60   0.31257
        61   0.31148
        62   0.31038
        63   0.30929
        64   0.30820
        65   0.30710
        66   0.30601
        67   0.30492
        68   0.30383
        69   0.30273
        70   0.30164
        71   0.30055
        72   0.30055
        73   0.29945
        74   0.29836
        75   0.29727
        76   0.29617
        77   0.29508
        78   0.29508
        79   0.30492
        80   0.31038
        81   0.31585
        82   0.31913
        83   0.32240
        84   0.32350
        85   0.32568
        86   0.32568
        87   0.32896
        88   0.33005
        89   0.33115
        90   0.33115
        91   0.33224
        92   0.33333
        93   0.33443
        94   0.33552
        95   0.33552
        96   0.33661
        97   0.33661
        98   0.33661
        99   0.33770
       100   0.33770
       101   0.33880
       102   0.33880
       103   0.33989
       104   0.33989
       105   0.34098
       106   0.33989
       107   0.33989
       108   0.34098
       109   0.34098
       110   0.34208
       111   0.34208
       112   0.34098
       113   0.34208
       114   0.34208
       115   0.34098
       116   0.34208
       117   0.34098
       118   0.34317
       119   0.34208
       120   0.34208
       121   0.34098
       122   0.34098
       123   0.34098
       124   0.34098
       125   0.33989
       126   0.33989
       127   0.33770
       128   0.33770
       129   0.33770
       130   0.33552
       131   0.33443
       132   0.33443
       133   0.33115
       134   0.32896
       135   0.32787
       136   0.32350
       137   0.32022
       138   0.31585
       139   0.30164
       140   0.30273
       141   0.30383
       142   0.30383
       143   0.30492
       144   0.30601
       145   0.30710
       146   0.30710
       147   0.30820
       148   0.30929
       149   0.30929
       150   0.31038
       151   0.31148
       152   0.31257
       153   0.31257
       154   0.31366
       155   0.31475
       156   0.31585
       157   0.31585
       158   0.31694
       159   0.31803
       160   0.31803
       161   0.31913
       162   0.32022
       163   0.32022
       164   0.32131
       165   0.32240
       166   0.32240
       167   0.32350
       168   0.32459
       169   0.32459
       170   0.32568
       171   0.32678
       172   0.32678
       173   0.32787
       174   0.32787
       175   0.32896
       176   0.32896
       177   0.33005
       178   0.33115
       179   0.33115
       180   0.33224
       181   0.33224
       182   0.33333
       183   0.33333
       184   0.33333
       185   0.33443
       186   0.33443
       187   0.33552
       188   0.33552
       189   0.33552
       190   0.33661
       191   0.33661
       192   0.33661
       193   0.33770
       194   0.33770
       195   0.33770
       196   0.33770
       197   0.33770
       198   0.33880
       199   0.33880
       200   0.33880
       201   0.33880
       202   0.33989
       203   0.34098
       204   0.34208
       205   0.34317
       206   0.34426
       207   0.34536
       208   0.34645
       209   0.34754
       210   0.34863
       211   0.34973
       212   0.35082
       213   0.35191
       214   0.35301
       215   0.35410
       216   0.35519
       217   0.35628
       218   0.35738
       219   0.35847
       220   0.35956
       221   0.36066
       222   0.36175
       223   0.36284
       224   0.36393
       225   0.36503
       226   0.36612
       227   0.36721
       228   0.36831
       229   0.36940
       230   0.37049
       231   0.37158
       232   0.37377
       233   0.38142
       234   0.38907
       235   0.39563
       236   0.40328
       237   0.40874
       238   0.41530
       239   0.41967
       240   0.42514
       241   0.43060
       242   0.43607
       243   0.44044
       244   0.44590
       245   0.44918
       246   0.45027
       247   0.45137
       248   0.45246
       249   0.45464
       250   0.45574
       251   0.45683
       252   0.45792
       253   0.45902
       254   0.46011
       255   0.46120
       256   0.46230
       257   0.46339
       258   0.46448
       259   0.46557
       260   0.46667
       261   0.46776
       262   0.45574
       263   0.44809
       264   0.44262
       265   0.43825
       266   0.43497
       267   0.43169
       268   0.42951
       269   0.42623
       270   0.42404
       271   0.42295
       272   0.41858
       273   0.41749
       274   0.41530
       275   0.41421
       276   0.41202
       277   0.40874
       278   0.40656
       279   0.40546
       280   0.40328
       281   0.40219
       282   0.40000
       283   0.39781
       284   0.39672
       285   0.39344
       286   0.39235
       287   0.39126
       288   0.38798
       289   0.38798
       290   0.38689
       291   0.38361
       292   0.38251
       293   0.38033
       294   0.37814
       295   0.37596
       296   0.37486
       297   0.37158
       298   0.37049
       299   0.36721
       300   0.36721
       301   0.36503
       302   0.36175
       303   0.35956
       304   0.35738
       305   0.35519
       306   0.35191
       307   0.34863
       308   0.34536
       309   0.34317
       310   0.33880
       311   0.33333
       312   0.32787
       313   0.32678
       314   0.32459
       315   0.32350
       316   0.32131
       317   0.31913
       318   0.31803
       319   0.31585
       320   0.31475
       321   0.31257
       322   0.31148
       323   0.31038
       324   0.30820
       325   0.30601
       326   0.30492
       327   0.30273
       328   0.30055
       329   0.29945
       330   0.29727
       331   0.29399
       332   0.29290
       333   0.29071
       334   0.28852
       335   0.28634
       336   0.28525
       337   0.28306
       338   0.28087
       339   0.27760
       340   0.27541
       341   0.27432
       342   0.27104
       343   0.26885
       344   0.26557
       345   0.26339
       346   0.26011
       347   0.25902
       348   0.25792
       349   0.25792
       350   0.25683
       351   0.25574
       352   0.25464
       353   0.25355
       354   0.25246
       355   0.25137
       356   0.25137
       357   0.25355
       358   0.25355
       359   0.25574
       360   0.25574
       361   0.25683
       362   0.25792
       363   0.25792
       364   0.26011
       365   0.26011
       366   0.26120
       367   0.26448
       368   0.26557
       369   0.26776
       370   0.27104
       371   0.27322
       372   0.27432
       373   0.27650
       374   0.27978
       375   0.28087
       376   0.28197
       377   0.28525
       378   0.28634
       379   0.28743
       380   0.28852
       381   0.29071
       382   0.29290
       383   0.29399
       384   0.29617
       385   0.29727
       386   0.29836
       387   0.29945
       388   0.30164
       389   0.30164
       390   0.30383
       391   0.30492
       392   0.30601
       393   0.30820
       394   0.30929
       395   0.31038
       396   0.31257
       397   0.31366
       398   0.31694
       399   0.31803
       400   0.32022
       401   0.32131
       402   0.32240
       403   0.32568
       404   0.32678
       405   0.32787
       406   0.33005
       407   0.33224
       408   0.33443
       409   0.33552
       410   0.33661
       411   0.34098
       412   0.34208
       413   0.34317
       414   0.34536
       415   0.34754
       416   0.34754
       417   0.34208
       418   0.34208
       419   0.34863
       420   0.35628
       421   0.36503
       422   0.37596
       423   0.38689
       424   0.39672
       425   0.40328
       426   0.40765
       427   0.41202
       428   0.41421
       429   0.41639
       430   0.41858
       431   0.41967
       432   0.42077
       433   0.41967
       434   0.42077
       435   0.42077
       436   0.42077
       437   0.42077
       438   0.42077
       439   0.41967
       440   0.41967
       441   0.41967
       442   0.41967
       443   0.41749
       444   0.42404
       445   0.42842
       446   0.43060
       447   0.43279
       448   0.43388
       449   0.43497
       450   0.43607
       451   0.43607
       452   0.43825
       453   0.43825
       454   0.43825
       455   0.43825
       456   0.43934
       457   0.43825
       458   0.43825
       459   0.43825
       460   0.43716
       461   0.43607
       462   0.43607
       463   0.43497
       464   0.43388
       465   0.43279
       466   0.43060
       467   0.42842
       468   0.42842
       469   0.42623
       470   0.42295
       471   0.42077
       472   0.41858
       473   0.41421
       474   0.40984
       475   0.40328
       476   0.39454
       477   0.39344
       478   0.39016
       479   0.38907
       480   0.38579
       481   0.38361
       482   0.38033
       483   0.37705
       484   0.37268
       485   0.36503
       486   0.36066
       487   0.36066
       488   0.36066
       489   0.36066
       490   0.36066
       491   0.36066
       492   0.36066
       493   0.36066
       494   0.35956
       495   0.36066
       496   0.36175
       497   0.36066
       498   0.36175
       499   0.36066
       500   0.36175
       501   0.36066
       502   0.36066
       503   0.36175
       504   0.36066
       505   0.36066
       506   0.36175
       507   0.36175
       508   0.36175
       509   0.36175
       510   0.36175
       511   0.36066
       512   0.36175
       513   0.36175
       514   0.36066
       515   0.36175
       516   0.36284
       517   0.36175
       518   0.36284
       519   0.36284
       520   0.36284
       521   0.36284
       522   0.36284
       523   0.36284
       524   0.36393
       525   0.36393
       526   0.36393
       527   0.36393
       528   0.36393
       529   0.36393
       530   0.36503
       531   0.36612
       532   0.36612
       533   0.36503
       534   0.36612
       535   0.36612
       536   0.36612
       537   0.36721
       538   0.36721
       539   0.36831
       540   0.36721
       541   0.36831
       542   0.36940
       543   0.36940
       544   0.36940
       545   0.36940
       546   0.37158
       547   0.37158
       548   0.37158
       549   0.37158
       550   0.37158
       551   0.37377
       552   0.37377
       553   0.37377
       554   0.37377
       555   0.37596
       556   0.37596
       557   0.37705
       558   0.37705
       559   0.37814
       560   0.37814
       561   0.37923
       562   0.38033
       563   0.38142
       564   0.38033
       565   0.38142
       566   0.38251
       567   0.38361
       568   0.38470
       569   0.38579
       570   0.38689
       571   0.38579
       572   0.38798
       573   0.38798
       574   0.38907
       575   0.39126
       576   0.39126
       577   0.39235
       578   0.39344
       579   0.39344
       580   0.39454
       581   0.39563
       582   0.39672
       583   0.39891
       584   0.39891
       585   0.40000
       586   0.40219
       587   0.40219
       588   0.40219
       589   0.40437
       590   0.40546
       591   0.40656
       592   0.40765
       593   0.40874
       594   0.40984
       595   0.41093
       596   0.41311
       597   0.41421
       598   0.41530
       599   0.41530
       600   0.41639
       601   0.41858
       602   0.41967
       603   0.42077
       604   0.42186
       605   0.42404
       606   0.42514
       607   0.42732
       608   0.42732
       609   0.42951
       610   0.42951
       611   0.43169
       612   0.43279
       613   0.44699
       614   0.45574
       615   0.46230
       616   0.46667
       617   0.47213
       618   0.47541
       619   0.47978
       620   0.48197
       621   0.48634
       622   0.48852
       623   0.49290
       624   0.49508
       625   0.49945
       626   0.50164
       627   0.50383
       628   0.50601
       629   0.50929
       630   0.51257
       631   0.51475
       632   0.51694
       633   0.51913
       634   0.52240
       635   0.52459
       636   0.52787
       637   0.53005
       638   0.53115
       639   0.53224
       640   0.53115
       641   0.53115
       642   0.53115
       643   0.53005
       644   0.53005
       645   0.53005
       646   0.52896
       647   0.52896
       648   0.52787
       649   0.52787
       650   0.52678
       651   0.52568
       652   0.52568
       653   0.52459
       654   0.52350
       655   0.52240
       656   0.52131
       657   0.52022
       658   0.51913
       659   0.51803
       660   0.51694
       661   0.51475
       662   0.51366
       663   0.51148
       664   0.50929
       665   0.50601
       666   0.50273
       667   0.49945
       668   0.49508
       669   0.48852
       670   0.48087
       671   0.47104
       672   0.45792
       673   0.44699
       674   0.43607
       675   0.42732
       676   0.42077
       677   0.41311
       678   0.40546
       679   0.39891
       680   0.39235
       681   0.38579
       682   0.38033
       683   0.37486
       684   0.36940
       685   0.36393
       686   0.35956
       687   0.35410
       688   0.34973
       689   0.34426
       690   0.34098
       691   0.33552
       692   0.33115
       693   0.32678
       694   0.32240
       695   0.31803
       696   0.31366
       697   0.30929
       698   0.30492
       699   0.30055
       700   0.29727
       701   0.29290
       702   0.28852
       703   0.28415
       704   0.28087
       705   0.27650
       706   0.27213
       707   0.26776
       708   0.26339
       709   0.25902
       710   0.25464
       711   0.25137
       712   0.24809
       713   0.24372
       714   0.23934
       715   0.23497
       716   0.23169
       717   0.22842
       718   0.23060
       719   0.23279
       720   0.23388
       721   0.23607
       722   0.23825
       723   0.24044
       724   0.24153
       725   0.24372
       726   0.24481
       727   0.24699
       728   0.24809
       729   0.25027
       730   0.25137
       731   0.25355
       732   0.25464
       733   0.25683
       734   0.25792
       735   0.26011
       736   0.26120
       737   0.26339
       738   0.26448
       739   0.26667
       740   0.26667
       741   0.26885
       742   0.26995
       743   0.27213
       744   0.27322
       745   0.27432
       746   0.27541
       747   0.27650
       748   0.27869
       749   0.27978
       750   0.28087
       751   0.28197
       752   0.28306
       753   0.28525
       754   0.28634
       755   0.28634
       756   0.28852
       757   0.28962
       758   0.28962
       759   0.29180
       760   0.29290
       761   0.29399
       762   0.29508
       763   0.29617
       764   0.29617
       765   0.29836
       766   0.29945
       767   0.29945
       768   0.30055
       769   0.30273
       770   0.30273
       771   0.30383
       772   0.30383
       773   0.30601
       774   0.30601
       775   0.30710
       776   0.30820
       777   0.30820
       778   0.31038
       779   0.31038
       780   0.31148
       781   0.31148
       782   0.31257
       783   0.31257
       784   0.31366
       785   0.31366
       786   0.31585
       787   0.31585
       788   0.31585
       789   0.31694
       790   0.31694
       791   0.31803
       792   0.31803
       793   0.31913
       794   0.31913
       795   0.31913
       796   0.32022
       797   0.32022
       798   0.32350
       799   0.32568
       800   0.32787
       801   0.33005
       802   0.33333
       803   0.33552
       804   0.33770
       805   0.33989
       806   0.34208
       807   0.34317
       808   0.34426
       809   0.34536
       810   0.34754
       811   0.34863
       812   0.34973
       813   0.35191
       814   0.35301
       815   0.35519
       816   0.35628
       817   0.35738
       818   0.35956
       819   0.36066
       820   0.36284
       821   0.36393
       822   0.36612
       823   0.36721
       824   0.36940
       825   0.37158
       826   0.37268
       827   0.37486
       828   0.37705
       829   0.37923
       830   0.38033
       831   0.38251
       832   0.38470
       833   0.38689
       834   0.38907
       835   0.39126
       836   0.39344
       837   0.39563
       838   0.39781
       839   0.41311
       840   0.42404
       841   0.43169
       842   0.43825
       843   0.44481
       844   0.45027
       845   0.45683
       846   0.46230
       847   0.46776
       848   0.47213
       849   0.47650
       850   0.47869
       851   0.48087
       852   0.48306
       853   0.48743
       854   0.49071
       855   0.49399
       856   0.49508
       857   0.49836
       858   0.49945
       859   0.50273
       860   0.50383
       861   0.50383
       862   0.50601
       863   0.50601
       864   0.50820
       865   0.50820
       866   0.50820
       867   0.50929
       868   0.50929
       869   0.50820
       870   0.50929
       871   0.50820
       872   0.50710
       873   0.50601
       874   0.50383
       875   0.50383
       876   0.50273
       877   0.50055
       878   0.49836
       879   0.49727
       880   0.49399
       881   0.49180
       882   0.49071
       883   0.48743
       884   0.48525
       885   0.48087
       886   0.47650
       887   0.47432
       888   0.47213
       889   0.46667
       890   0.46120
       891   0.45574
       892   0.45137
       893   0.44372
       894   0.43497
       895   0.41858
       896   0.41639
       897   0.41421
       898   0.41311
       899   0.40984
       900   0.40765
       901   0.40546
       902   0.40219
       903   0.39891
       904   0.39672
       905   0.39344
       906   0.39016
       907   0.38798
       908   0.38689
       909   0.38470
       910   0.38470
       911   0.38251
       912   0.38033
       913   0.37814
       914   0.37705
       915   0.37486
