         1   0.64182
         2   0.64435
         3   0.64561
         4   0.64877
         5   0.65066
         6   0.65193
         7   0.65445
         8   0.65635
         9   0.65824
        10   0.65951
        11   0.66140
        12   0.66330
        13   0.66519
        14   0.66646
        15   0.66835
        16   0.67025
        17   0.67214
        18   0.67277
        19   0.67404
        20   0.67656
        21   0.67783
        22   0.67909
        23   0.68035
        24   0.68162
        25   0.68288
        26   0.68414
        27   0.68541
        28   0.68667
        29   0.68793
        30   0.68920
        31   0.69046
        32   0.69172
        33   0.69299
        34   0.69362
        35   0.69488
        36   0.69678
        37   0.69741
        38   0.69867
        39   0.69994
        40   0.70120
        41   0.70183
        42   0.70246
        43   0.70373
        44   0.70499
        45   0.70562
        46   0.70752
        47   0.70752
        48   0.70878
        49   0.70941
        50   0.71068
        51   0.71131
        52   0.71194
        53   0.71320
        54   0.71447
        55   0.71447
        56   0.71573
        57   0.71636
        58   0.71762
        59   0.71826
        60   0.71889
        61   0.71952
        62   0.72015
        63   0.72078
        64   0.72205
        65   0.72268
        66   0.72457
        67   0.72710
        68   0.72836
        69   0.72963
        70   0.73089
        71   0.73215
        72   0.73342
        73   0.73468
        74   0.73594
        75   0.73721
        76   0.73784
        77   0.73973
        78   0.74100
        79   0.74163
        80   0.74226
        81   0.74352
        82   0.74479
        83   0.74605
        84   0.74668
        85   0.74732
        86   0.74858
        87   0.74921
        88   0.74984
        89   0.75111
        90   0.75174
        91   0.75300
        92   0.75363
        93   0.75426
        94   0.75490
        95   0.75553
        96   0.75679
        97   0.75742
        98   0.75805
        99   0.75869
       100   0.75932
       101   0.76184
       102   0.76437
       103   0.76690
       104   0.76879
       105   0.77132
       106   0.77322
       107   0.77574
       108   0.77764
       109   0.78016
       110   0.78143
       111   0.78395
       112   0.78585
       113   0.78838
       114   0.79027
       115   0.79343
       116   0.79533
       117   0.79722
       118   0.79912
       119   0.80164
       120   0.80354
       121   0.80606
       122   0.80859
       123   0.81049
       124   0.81301
       125   0.81554
       126   0.81807
       127   0.82059
       128   0.82312
       129   0.82502
       130   0.82817
       131   0.83007
       132   0.83260
       133   0.83575
       134   0.83828
       135   0.84144
       136   0.84397
       137   0.84713
       138   0.85028
       139   0.85407
       140   0.85723
       141   0.86102
       142   0.86481
       143   0.86860
       144   0.87429
       145   0.87934
       146   0.88629
       147   0.89577
       148   0.92230
       149   0.93746
       150   0.94441
       151   0.94946
       152   0.95262
       153   0.95641
       154   0.95957
       155   0.96210
       156   0.96462
       157   0.96715
       158   0.96905
       159   0.96968
       160   0.96968
       161   0.97031
       162   0.97094
       163   0.97157
       164   0.97157
       165   0.97220
       166   0.97284
       167   0.97347
       168   0.97347
       169   0.97410
       170   0.97473
       171   0.97473
       172   0.97536
       173   0.97789
       174   0.98231
       175   0.98673
       176   0.99052
       177   0.99431
       178   0.99747
       179   0.99937
       180   0.99937
       181   0.99937
       182   0.99937
       183   0.99937
       184   0.99937
       185   0.99937
       186   0.99937
       187   0.99937
       188   0.99937
       189   0.99937
       190   0.99937
       191   0.99937
       192   0.99937
       193   0.99937
       194   0.99937
       195   0.99937
       196   0.99937
       197   0.99937
       198   0.99937
       199   0.99937
       200   0.99937
       201   0.99937
       202   0.99937
       203   0.99937
       204   0.99937
       205   0.99937
       206   0.99937
       207   0.99937
       208   0.99937
       209   0.99937
       210   0.99937
       211   0.99937
       212   0.99937
       213   0.99937
       214   0.99937
       215   0.99937
       216   0.99937
       217   0.99937
       218   0.99937
       219   0.99937
       220   0.99937
       221   0.99937
       222   0.99937
       223   0.99937
       224   0.99937
       225   0.99937
       226   0.99937
       227   0.99937
       228   0.99937
       229   0.99937
       230   0.99937
       231   0.99937
       232   0.99937
       233   0.99937
       234   0.99937
       235   0.99937
       236   0.99937
       237   0.99937
       238   0.99937
       239   0.99937
       240   0.99937
       241   0.99937
       242   0.99937
       243   0.99937
       244   0.99937
       245   0.99937
       246   0.99937
       247   0.99937
       248   0.99937
       249   0.99937
       250   0.99937
       251   0.99937
       252   0.99937
       253   0.99937
       254   0.99937
       255   0.99937
       256   0.99937
       257   0.99937
       258   0.99937
       259   0.99937
       260   0.99937
       261   0.99937
       262   0.99937
       263   0.99937
       264   0.99937
       265   0.99937
       266   0.99937
       267   0.99937
       268   0.99937
       269   0.99937
       270   0.99937
       271   0.99937
       272   0.99937
       273   0.99937
       274   0.99937
       275   0.99937
       276   0.99937
       277   0.99937
       278   0.99937
       279   0.99937
       280   0.99937
       281   0.99937
       282   0.99937
       283   0.99937
       284   0.99937
       285   0.99937
       286   0.99937
       287   0.99937
       288   0.99937
       289   0.99937
       290   0.99937
       291   0.99937
       292   0.99937
       293   0.99937
       294   0.99937
       295   0.99937
       296   0.99937
       297   0.99937
       298   0.99937
       299   0.99937
       300   0.99937
       301   0.99937
       302   0.99937
       303   0.99937
       304   0.99937
       305   0.99937
       306   0.99937
       307   0.99937
       308   0.99937
       309   0.99937
       310   0.99937
       311   0.99937
       312   0.99937
       313   0.99937
       314   0.99937
       315   0.99937
       316   0.99937
       317   0.99937
       318   0.99937
       319   0.99937
       320   0.99937
       321   0.99937
       322   0.99937
       323   0.99937
       324   0.99937
       325   0.99937
       326   0.99937
       327   0.99937
       328   0.99937
       329   0.99937
       330   0.99937
       331   0.99937
       332   0.99937
       333   0.99937
       334   0.99937
       335   0.99937
       336   0.99937
       337   0.99937
       338   0.99937
       339   0.99937
       340   0.99937
       341   0.99937
       342   0.99937
       343   0.99937
       344   0.99937
       345   0.99937
       346   0.99937
       347   0.99937
       348   0.99937
       349   0.99937
       350   0.99937
       351   0.99937
       352   0.99937
       353   0.99937
       354   0.99937
       355   0.99937
       356   0.99937
       357   0.99937
       358   0.99937
       359   0.99937
       360   0.99937
       361   0.99937
       362   0.99937
       363   0.99937
       364   0.99937
       365   0.99937
       366   0.99937
       367   0.99937
       368   0.99937
       369   0.99937
       370   0.99937
       371   0.99937
       372   0.99937
       373   0.99937
       374   0.99937
       375   0.99937
       376   0.99937
       377   0.99937
       378   0.99937
       379   0.99937
       380   0.99937
       381   0.99937
       382   0.99937
       383   0.99937
       384   0.99937
       385   0.99937
       386   0.99937
       387   0.99937
       388   0.99937
       389   0.99937
       390   0.99937
       391   0.99937
       392   0.99937
       393   0.99937
       394   0.99937
       395   0.99937
       396   0.99937
       397   0.99937
       398   0.99937
       399   0.99937
       400   0.99937
       401   0.99937
       402   0.99937
       403   0.99937
       404   0.99937
       405   0.99937
       406   0.99937
       407   0.99937
       408   0.99937
       409   0.99937
       410   0.99937
       411   0.99937
       412   0.99937
       413   0.99937
       414   0.99937
       415   0.99937
       416   0.99937
       417   0.99937
       418   0.99937
       419   0.99937
       420   0.99937
       421   0.99937
       422   0.99937
       423   0.99937
       424   0.99937
       425   0.99937
       426   0.99937
       427   0.99937
       428   0.99937
       429   0.99937
       430   0.99937
       431   0.99937
       432   0.99937
       433   0.99937
       434   0.99937
       435   0.99937
       436   0.99937
       437   0.99937
       438   0.99937
       439   0.99937
       440   0.99937
       441   0.99937
       442   0.99937
       443   0.99937
       444   0.99937
       445   0.99937
       446   0.99937
       447   0.99937
       448   0.99937
       449   0.99937
       450   0.99937
       451   0.99937
       452   0.99937
       453   0.99937
       454   0.99937
       455   0.99937
       456   0.99937
       457   0.99937
       458   0.99937
       459   0.99937
       460   0.99937
       461   0.99937
       462   0.99937
       463   0.99937
       464   0.99937
       465   0.99937
       466   0.99937
       467   0.99937
       468   0.99937
       469   0.99937
       470   0.99937
       471   0.99937
       472   0.99937
       473   0.99937
       474   0.99937
       475   0.99937
       476   0.99937
       477   0.99937
       478   0.99937
       479   0.99937
       480   0.99937
       481   0.99937
       482   0.99937
       483   0.99937
       484   0.99937
       485   0.99937
       486   0.99937
       487   0.99937
       488   0.99937
       489   0.99937
       490   0.99937
       491   0.99937
       492   0.99937
       493   0.99937
       494   0.99937
       495   0.99937
       496   0.99937
       497   0.99937
       498   0.99937
       499   0.99937
       500   0.99937
       501   0.99937
       502   0.99937
       503   0.99937
       504   0.99937
       505   0.99937
       506   0.99937
       507   0.99937
       508   0.99937
       509   0.99937
       510   0.99937
       511   0.99937
       512   0.99937
       513   0.99937
       514   0.99937
       515   0.99937
       516   0.99937
       517   0.99937
       518   0.99937
       519   0.99937
       520   0.99937
       521   0.99937
       522   0.99937
       523   0.99937
       524   0.99937
       525   0.99937
       526   0.99937
       527   0.99937
       528   0.99937
       529   0.99937
       530   0.99937
       531   0.99937
       532   0.99937
       533   0.99937
       534   0.99937
       535   0.99937
       536   0.99937
       537   0.99937
       538   0.99937
       539   0.99937
       540   0.99937
       541   0.99937
       542   0.99937
       543   0.99937
       544   0.99937
       545   0.99937
       546   0.99937
       547   0.99937
       548   0.99937
       549   0.99937
       550   0.99937
       551   0.99937
       552   0.99937
       553   0.99937
       554   0.99937
       555   0.99937
       556   0.99937
       557   0.99937
       558   0.99937
       559   0.99937
       560   0.99937
       561   0.99937
       562   0.99937
       563   0.99937
       564   0.99937
       565   0.99937
       566   0.99937
       567   0.99937
       568   0.99937
       569   0.99937
       570   0.99937
       571   0.99937
       572   0.99937
       573   0.99937
       574   0.99937
       575   0.99937
       576   0.99937
       577   0.99937
       578   0.99937
       579   0.99937
       580   0.99937
       581   0.99937
       582   0.99937
       583   0.99937
       584   0.99937
       585   0.99937
       586   0.99937
       587   0.99937
       588   0.99937
       589   0.99937
       590   0.99937
       591   0.99937
       592   0.99937
       593   0.99937
       594   0.99937
       595   0.99937
       596   0.99937
       597   0.99937
       598   0.99937
       599   0.99937
       600   0.99937
       601   0.99937
       602   0.99937
       603   0.99937
       604   0.99937
       605   0.99937
       606   0.99937
       607   0.99937
       608   0.99937
       609   0.99937
       610   0.99937
       611   0.99937
       612   0.99937
       613   0.99937
       614   0.99937
       615   0.99937
       616   0.99937
       617   0.99937
       618   0.99937
       619   0.99937
       620   0.99937
       621   0.99937
       622   0.99937
       623   0.99937
       624   0.99937
       625   0.99937
       626   0.99937
       627   0.99937
       628   0.99937
       629   0.99937
       630   0.99937
       631   0.99937
       632   0.99937
       633   0.99937
       634   0.99937
       635   0.99937
       636   0.99937
       637   0.99937
       638   0.99937
       639   0.99937
       640   0.99937
       641   0.99937
       642   0.99937
       643   0.99937
       644   0.99937
       645   0.99937
       646   0.99937
       647   0.99937
       648   0.99937
       649   0.99937
       650   0.99937
       651   0.99937
       652   0.99937
       653   0.99937
       654   0.99937
       655   0.99937
       656   0.99937
       657   0.99937
       658   0.99937
       659   0.99937
       660   0.99937
       661   0.99937
       662   0.99937
       663   0.99937
       664   0.99937
       665   0.99937
       666   0.99937
       667   0.99937
       668   0.99937
       669   0.99937
       670   0.99937
       671   0.99937
       672   0.99937
       673   0.99937
       674   0.99937
       675   0.99937
       676   0.99937
       677   0.99937
       678   0.99937
       679   0.99937
       680   0.99937
       681   0.99937
       682   0.99937
       683   0.99937
       684   0.99937
       685   0.99937
       686   0.99937
       687   0.99937
       688   0.99937
       689   0.99937
       690   0.99937
       691   0.99937
       692   0.99937
       693   0.99937
       694   0.99937
       695   0.99937
       696   0.99937
       697   0.99937
       698   0.99937
       699   0.99937
       700   0.99937
       701   0.99937
       702   0.99937
       703   0.99937
       704   0.99937
       705   0.99937
       706   0.99937
       707   0.99937
       708   0.99937
       709   0.99937
       710   0.99937
       711   0.99937
       712   0.99937
       713   0.99937
       714   0.99937
       715   0.99937
       716   0.99937
       717   0.99937
       718   0.99937
       719   0.99937
       720   0.99937
       721   0.99937
       722   0.99937
       723   0.99937
       724   0.99937
       725   0.99937
       726   0.99937
       727   0.99937
       728   0.99937
       729   0.99937
       730   0.99937
       731   0.99937
       732   0.99937
       733   0.99937
       734   0.99937
       735   0.99937
       736   0.99937
       737   0.99937
       738   0.99937
       739   0.99937
       740   0.99937
       741   0.99937
       742   0.99937
       743   0.99937
       744   0.99937
       745   0.99937
       746   0.99937
       747   0.99937
       748   0.99937
       749   0.99937
       750   0.99937
       751   0.99937
       752   0.99937
       753   0.99937
       754   0.99937
       755   0.99937
       756   0.99937
       757   0.99937
       758   0.99937
       759   0.99937
       760   0.99937
       761   0.99937
       762   0.99937
       763   0.99937
       764   0.99937
       765   0.99937
       766   0.99937
       767   0.99937
       768   0.99937
       769   0.99937
       770   0.99937
       771   0.99937
       772   0.99937
       773   0.99937
       774   0.99937
       775   0.99937
       776   0.99937
       777   0.99937
       778   0.99937
       779   0.99937
       780   0.99937
       781   0.99937
       782   0.99937
       783   0.99937
       784   0.99937
       785   0.99937
       786   0.99937
       787   0.99937
       788   0.99937
       789   0.99937
       790   0.99937
       791   0.99937
       792   0.99937
       793   0.99937
       794   0.99937
       795   0.99937
       796   0.99937
       797   0.99937
       798   0.99937
       799   0.99937
       800   0.99937
       801   0.99937
       802   0.99937
       803   0.99937
       804   0.99937
       805   0.99937
       806   0.99937
       807   0.99937
       808   0.99937
       809   0.99937
       810   0.99937
       811   0.99937
       812   0.99937
       813   0.99937
       814   0.99937
       815   0.99937
       816   0.99937
       817   0.99937
       818   0.99937
       819   0.99937
       820   0.99937
       821   0.99937
       822   0.99937
       823   0.99937
       824   0.99937
       825   0.99874
       826   0.99747
       827   0.99558
       828   0.99431
       829   0.99242
       830   0.99052
       831   0.98926
       832   0.98737
       833   0.98547
       834   0.98358
       835   0.98168
       836   0.97979
       837   0.97726
       838   0.97536
       839   0.97284
       840   0.97094
       841   0.96841
       842   0.96589
       843   0.96336
       844   0.96020
       845   0.95768
       846   0.95452
       847   0.95136
       848   0.94757
       849   0.94378
       850   0.93999
       851   0.93620
       852   0.93493
       853   0.93367
       854   0.93241
       855   0.93114
       856   0.92988
       857   0.92862
       858   0.92735
       859   0.92609
       860   0.92483
       861   0.92356
       862   0.92167
       863   0.92040
       864   0.91914
       865   0.91788
       866   0.91598
       867   0.91472
       868   0.91346
       869   0.91219
       870   0.91030
       871   0.90903
       872   0.90714
       873   0.90587
       874   0.90461
       875   0.90272
       876   0.90145
       877   0.90019
       878   0.90019
       879   0.90082
       880   0.90082
       881   0.90082
       882   0.90145
       883   0.90145
       884   0.90145
       885   0.90208
       886   0.90208
       887   0.90208
       888   0.90272
       889   0.90272
       890   0.90272
       891   0.90335
       892   0.90335
       893   0.90335
       894   0.90335
       895   0.90335
       896   0.90398
       897   0.90398
       898   0.90398
       899   0.90398
       900   0.90398
       901   0.90461
       902   0.90461
       903   0.90461
       904   0.90461
       905   0.90461
       906   0.90461
       907   0.90524
       908   0.90524
       909   0.90524
       910   0.90524
       911   0.90524
       912   0.90524
       913   0.90524
       914   0.90524
       915   0.90524
       916   0.90524
       917   0.90587
       918   0.90587
       919   0.90587
       920   0.90587
       921   0.90587
       922   0.90587
       923   0.90587
       924   0.90587
       925   0.90587
       926   0.90587
       927   0.90587
       928   0.90587
       929   0.90587
       930   0.90587
       931   0.90587
       932   0.90587
       933   0.90587
       934   0.90587
       935   0.90587
       936   0.90587
       937   0.90587
       938   0.90587
       939   0.90651
       940   0.90651
       941   0.90651
       942   0.90651
       943   0.90651
       944   0.90651
       945   0.90651
       946   0.90651
       947   0.90651
       948   0.90651
       949   0.90651
       950   0.90651
       951   0.90651
       952   0.90651
       953   0.90651
       954   0.90651
       955   0.90651
       956   0.90651
       957   0.90651
       958   0.90651
       959   0.90651
       960   0.90651
       961   0.90651
       962   0.90651
       963   0.90651
       964   0.90651
       965   0.90651
       966   0.90651
       967   0.90651
       968   0.90651
       969   0.90651
       970   0.90651
       971   0.90651
       972   0.90651
       973   0.90651
       974   0.90651
       975   0.90651
       976   0.90651
       977   0.90651
       978   0.90651
       979   0.90651
       980   0.90714
       981   0.90714
       982   0.90714
       983   0.90714
       984   0.90714
       985   0.90714
       986   0.90714
       987   0.90714
       988   0.90714
       989   0.90714
       990   0.90714
       991   0.90714
       992   0.90714
       993   0.90714
       994   0.90777
       995   0.90777
       996   0.90777
       997   0.90777
       998   0.90777
       999   0.90777
      1000   0.90777
      1001   0.90777
      1002   0.90777
      1003   0.90777
      1004   0.90840
      1005   0.90840
      1006   0.90840
      1007   0.90840
      1008   0.90840
      1009   0.90840
      1010   0.90840
      1011   0.90903
      1012   0.90903
      1013   0.90903
      1014   0.90903
      1015   0.90903
      1016   0.90903
      1017   0.90903
      1018   0.90967
      1019   0.90967
      1020   0.90967
      1021   0.90967
      1022   0.90967
      1023   0.91030
      1024   0.91030
      1025   0.91030
      1026   0.91030
      1027   0.91030
      1028   0.91093
      1029   0.91093
      1030   0.91093
      1031   0.91093
      1032   0.91093
      1033   0.91156
      1034   0.91156
      1035   0.91156
      1036   0.91156
      1037   0.91219
      1038   0.91219
      1039   0.91219
      1040   0.91219
      1041   0.91282
      1042   0.91282
      1043   0.91282
      1044   0.91282
      1045   0.91346
      1046   0.91346
      1047   0.91346
      1048   0.91409
      1049   0.91409
      1050   0.91409
      1051   0.91409
      1052   0.91472
      1053   0.91472
      1054   0.91472
      1055   0.91535
      1056   0.91535
      1057   0.91535
      1058   0.91598
      1059   0.91598
      1060   0.91598
      1061   0.91661
      1062   0.91661
      1063   0.91661
      1064   0.91725
      1065   0.91725
      1066   0.91788
      1067   0.91788
      1068   0.91788
      1069   0.91851
      1070   0.91851
      1071   0.91851
      1072   0.91914
      1073   0.91914
      1074   0.91977
      1075   0.91977
      1076   0.91977
      1077   0.92040
      1078   0.92040
      1079   0.92104
      1080   0.92104
      1081   0.92104
      1082   0.92167
      1083   0.92167
      1084   0.92230
      1085   0.92230
      1086   0.92293
      1087   0.92293
      1088   0.92293
      1089   0.92356
      1090   0.92356
      1091   0.92419
      1092   0.92419
      1093   0.92483
      1094   0.92483
      1095   0.92546
      1096   0.92546
      1097   0.92609
      1098   0.92609
      1099   0.92672
      1100   0.92672
      1101   0.92735
      1102   0.92735
      1103   0.92735
      1104   0.92798
      1105   0.92798
      1106   0.92862
      1107   0.92862
      1108   0.92925
      1109   0.92925
      1110   0.92988
      1111   0.92988
      1112   0.93051
      1113   0.93114
      1114   0.93114
      1115   0.93178
      1116   0.93178
      1117   0.93241
      1118   0.93241
      1119   0.93304
      1120   0.93304
      1121   0.93367
      1122   0.93367
      1123   0.93430
      1124   0.93430
      1125   0.93493
      1126   0.93493
      1127   0.93557
      1128   0.93557
      1129   0.93620
      1130   0.93620
      1131   0.93683
      1132   0.93746
      1133   0.93809
      1134   0.93872
      1135   0.93936
      1136   0.94062
      1137   0.94125
      1138   0.94188
      1139   0.94251
      1140   0.94315
      1141   0.94378
      1142   0.94441
      1143   0.94504
      1144   0.94567
      1145   0.94630
      1146   0.94694
      1147   0.94757
      1148   0.94820
      1149   0.94820
      1150   0.94883
      1151   0.94946
      1152   0.95009
      1153   0.95073
      1154   0.95073
      1155   0.95136
      1156   0.95199
      1157   0.95262
      1158   0.95262
      1159   0.95325
      1160   0.95389
      1161   0.95389
      1162   0.95452
      1163   0.95515
      1164   0.95515
      1165   0.95578
      1166   0.95641
      1167   0.95641
      1168   0.95704
      1169   0.95704
      1170   0.95768
      1171   0.95768
      1172   0.95831
      1173   0.95831
      1174   0.95831
      1175   0.95894
      1176   0.95957
      1177   0.96083
      1178   0.96210
      1179   0.96273
      1180   0.96399
      1181   0.96462
      1182   0.96589
      1183   0.96652
      1184   0.96715
      1185   0.96841
      1186   0.96905
      1187   0.96968
      1188   0.97094
      1189   0.97157
      1190   0.97220
      1191   0.97284
      1192   0.97410
      1193   0.97473
      1194   0.97536
      1195   0.97599
      1196   0.97663
      1197   0.97726
      1198   0.97789
      1199   0.97852
      1200   0.97915
      1201   0.97979
      1202   0.98042
      1203   0.98105
      1204   0.98168
      1205   0.98231
      1206   0.98294
      1207   0.98358
      1208   0.98421
      1209   0.98484
      1210   0.98547
      1211   0.98610
      1212   0.98673
      1213   0.98737
      1214   0.98737
      1215   0.98800
      1216   0.98863
      1217   0.98926
      1218   0.98989
      1219   0.98989
      1220   0.99052
      1221   0.99116
      1222   0.99179
      1223   0.99179
      1224   0.99242
      1225   0.99305
      1226   0.99305
      1227   0.99368
      1228   0.99431
      1229   0.99495
      1230   0.99495
      1231   0.99558
      1232   0.99558
      1233   0.99621
      1234   0.99684
      1235   0.99684
      1236   0.99747
      1237   0.99747
      1238   0.99810
      1239   0.99874
      1240   0.99874
      1241   0.99937
      1242   0.99937
      1243   0.99937
      1244   0.99937
      1245   0.99937
      1246   0.99937
      1247   0.99937
      1248   0.99937
      1249   0.99937
      1250   0.99937
      1251   0.99937
      1252   0.99937
      1253   0.99937
      1254   0.99937
      1255   0.99937
      1256   0.99937
      1257   0.99937
      1258   0.99937
      1259   0.99937
      1260   0.99937
      1261   0.99937
      1262   0.99937
      1263   0.99937
      1264   0.99937
      1265   0.99937
      1266   0.99937
      1267   0.99937
      1268   0.99937
      1269   0.99937
      1270   0.99937
      1271   0.99937
      1272   0.99937
      1273   0.99937
      1274   0.99937
      1275   0.99937
      1276   0.99937
      1277   0.99937
      1278   0.99937
      1279   0.99937
      1280   0.99937
      1281   0.99937
      1282   0.99937
      1283   0.99937
      1284   0.99937
      1285   0.99937
      1286   0.99937
      1287   0.99937
      1288   0.99937
      1289   0.99937
      1290   0.99937
      1291   0.99937
      1292   0.99937
      1293   0.99937
      1294   0.99937
      1295   0.99937
      1296   0.99937
      1297   0.99937
      1298   0.99937
      1299   0.99937
      1300   0.99937
      1301   0.99937
      1302   0.99937
      1303   0.99937
      1304   0.99937
      1305   0.99937
      1306   0.99937
      1307   0.99937
      1308   0.99937
      1309   0.99937
      1310   0.99937
      1311   0.99937
      1312   0.99937
      1313   0.99937
      1314   0.99937
      1315   0.99937
      1316   0.99937
      1317   0.99937
      1318   0.99937
      1319   0.99937
      1320   0.99937
      1321   0.99937
      1322   0.99937
      1323   0.99937
      1324   0.99937
      1325   0.99937
      1326   0.99937
      1327   0.99937
      1328   0.99937
      1329   0.99937
      1330   0.99937
      1331   0.99937
      1332   0.99937
      1333   0.99937
      1334   0.99937
      1335   0.99937
      1336   0.99937
      1337   0.99937
      1338   0.99937
      1339   0.99937
      1340   0.99937
      1341   0.99937
      1342   0.99937
      1343   0.99937
      1344   0.99937
      1345   0.99937
      1346   0.99937
      1347   0.99937
      1348   0.99937
      1349   0.99937
      1350   0.99937
      1351   0.99937
      1352   0.99937
      1353   0.99937
      1354   0.99937
      1355   0.99937
      1356   0.99937
      1357   0.99937
      1358   0.99937
      1359   0.99937
      1360   0.99937
      1361   0.99937
      1362   0.99937
      1363   0.99937
      1364   0.99937
      1365   0.99937
      1366   0.99937
      1367   0.99937
      1368   0.99937
      1369   0.99937
      1370   0.99937
      1371   0.99937
      1372   0.99937
      1373   0.99937
      1374   0.99937
      1375   0.99937
      1376   0.99937
      1377   0.99937
      1378   0.99937
      1379   0.99937
      1380   0.99937
      1381   0.99937
      1382   0.99937
      1383   0.99937
      1384   0.99937
      1385   0.99937
      1386   0.99937
      1387   0.99937
      1388   0.99937
      1389   0.99937
      1390   0.99937
      1391   0.99937
      1392   0.99937
      1393   0.99937
      1394   0.99937
      1395   0.99937
      1396   0.99937
      1397   0.99937
      1398   0.99937
      1399   0.99937
      1400   0.99937
      1401   0.99937
      1402   0.99937
      1403   0.99937
      1404   0.99937
      1405   0.99937
      1406   0.99937
      1407   0.99937
      1408   0.99937
      1409   0.99937
      1410   0.99937
      1411   0.99937
      1412   0.99937
      1413   0.99937
      1414   0.99937
      1415   0.99937
      1416   0.99937
      1417   0.99937
      1418   0.99937
      1419   0.99937
      1420   0.99937
      1421   0.99937
      1422   0.99937
      1423   0.99937
      1424   0.99937
      1425   0.99937
      1426   0.99937
      1427   0.99937
      1428   0.99937
      1429   0.99937
      1430   0.99937
      1431   0.99937
      1432   0.99937
      1433   0.99937
      1434   0.99874
      1435   0.99810
      1436   0.99747
      1437   0.99747
      1438   0.99684
      1439   0.99621
      1440   0.99558
      1441   0.99495
      1442   0.99431
      1443   0.99368
      1444   0.99305
      1445   0.99242
      1446   0.99179
      1447   0.99116
      1448   0.99052
      1449   0.98989
      1450   0.98926
      1451   0.98800
      1452   0.98737
      1453   0.98673
      1454   0.98610
      1455   0.98484
      1456   0.98421
      1457   0.98294
      1458   0.98231
      1459   0.98105
      1460   0.98042
      1461   0.97915
      1462   0.97789
      1463   0.97726
      1464   0.97599
      1465   0.97473
      1466   0.97347
      1467   0.97220
      1468   0.97094
      1469   0.96968
      1470   0.96778
      1471   0.96652
      1472   0.96462
      1473   0.96336
      1474   0.96147
      1475   0.95957
      1476   0.95768
      1477   0.95578
      1478   0.95325
      1479   0.95136
      1480   0.94883
      1481   0.94567
      1482   0.94251
      1483   0.93936
      1484   0.93620
      1485   0.93557
      1486   0.93557
      1487   0.93493
      1488   0.93430
      1489   0.93367
      1490   0.93304
      1491   0.93241
      1492   0.93178
      1493   0.93114
      1494   0.93051
      1495   0.92988
      1496   0.92925
      1497   0.92862
      1498   0.92798
      1499   0.92735
      1500   0.92672
      1501   0.92546
      1502   0.92483
      1503   0.92419
      1504   0.92356
      1505   0.92293
      1506   0.92230
      1507   0.92167
      1508   0.92104
      1509   0.92040
      1510   0.91977
      1511   0.91914
      1512   0.91788
      1513   0.91725
      1514   0.91661
      1515   0.91598
      1516   0.91535
      1517   0.91472
      1518   0.91346
      1519   0.91282
      1520   0.91219
      1521   0.91156
      1522   0.91093
      1523   0.90967
      1524   0.90903
      1525   0.90840
      1526   0.90777
      1527   0.90651
      1528   0.90587
      1529   0.90524
      1530   0.90461
      1531   0.90335
      1532   0.90272
      1533   0.90208
      1534   0.90082
      1535   0.90019
      1536   0.89956
      1537   0.89829
      1538   0.89766
      1539   0.89703
      1540   0.89577
      1541   0.89514
      1542   0.89450
      1543   0.89324
      1544   0.89261
      1545   0.89135
      1546   0.89071
      1547   0.89071
      1548   0.89071
      1549   0.89071
      1550   0.89008
      1551   0.89008
      1552   0.89008
      1553   0.89008
      1554   0.89008
      1555   0.89008
      1556   0.89008
      1557   0.88945
      1558   0.88945
      1559   0.88945
      1560   0.88945
      1561   0.88945
      1562   0.88945
      1563   0.88945
      1564   0.88882
      1565   0.88882
      1566   0.88882
      1567   0.88882
      1568   0.88882
      1569   0.88882
      1570   0.88819
      1571   0.88819
      1572   0.88819
      1573   0.88819
      1574   0.88819
      1575   0.88819
      1576   0.88756
      1577   0.88756
      1578   0.88756
      1579   0.88756
      1580   0.88756
      1581   0.88692
      1582   0.88692
      1583   0.88692
