         1   0.45610
         2   0.45736
         3   0.45736
         4   0.45862
         5   0.45989
         6   0.45989
         7   0.46115
         8   0.46178
         9   0.46241
        10   0.46368
        11   0.46368
        12   0.46494
        13   0.46557
        14   0.46620
        15   0.46620
        16   0.46810
        17   0.46810
        18   0.46873
        19   0.46999
        20   0.46999
        21   0.47126
        22   0.47189
        23   0.47252
        24   0.47252
        25   0.47378
        26   0.47378
        27   0.47505
        28   0.47505
        29   0.47631
        30   0.47631
        31   0.47631
        32   0.47694
        33   0.47821
        34   0.47884
        35   0.47884
        36   0.47947
        37   0.48010
        38   0.48073
        39   0.48073
        40   0.48073
        41   0.50411
        42   0.51358
        43   0.52053
        44   0.52622
        45   0.53127
        46   0.53696
        47   0.54138
        48   0.54454
        49   0.54896
        50   0.55275
        51   0.55654
        52   0.55970
        53   0.56286
        54   0.56601
        55   0.56854
        56   0.57107
        57   0.57423
        58   0.57612
        59   0.57802
        60   0.58054
        61   0.58307
        62   0.58623
        63   0.58812
        64   0.59002
        65   0.59128
        66   0.59444
        67   0.59570
        68   0.59760
        69   0.59886
        70   0.60076
        71   0.60265
        72   0.60392
        73   0.60581
        74   0.60708
        75   0.60834
        76   0.60960
        77   0.61150
        78   0.61339
        79   0.61466
        80   0.61655
        81   0.61718
        82   0.61845
        83   0.61971
        84   0.62160
        85   0.62160
        86   0.62287
        87   0.62413
        88   0.62476
        89   0.62666
        90   0.62729
        91   0.62792
        92   0.62919
        93   0.63045
        94   0.63171
        95   0.63234
        96   0.63298
        97   0.63361
        98   0.63550
        99   0.63613
       100   0.63740
       101   0.64119
       102   0.64561
       103   0.64814
       104   0.65256
       105   0.65572
       106   0.65888
       107   0.66203
       108   0.66519
       109   0.66898
       110   0.67214
       111   0.67530
       112   0.67846
       113   0.68225
       114   0.68478
       115   0.68857
       116   0.69109
       117   0.69362
       118   0.69551
       119   0.69678
       120   0.69867
       121   0.69994
       122   0.70183
       123   0.70373
       124   0.70562
       125   0.70689
       126   0.70878
       127   0.71068
       128   0.71194
       129   0.71383
       130   0.71510
       131   0.71636
       132   0.71826
       133   0.72142
       134   0.72457
       135   0.72773
       136   0.73026
       137   0.73342
       138   0.73594
       139   0.73847
       140   0.74163
       141   0.74416
       142   0.74668
       143   0.74921
       144   0.75111
       145   0.75426
       146   0.75616
       147   0.75869
       148   0.76058
       149   0.76374
       150   0.76563
       151   0.76753
       152   0.77006
       153   0.77195
       154   0.77511
       155   0.77701
       156   0.77953
       157   0.78143
       158   0.78395
       159   0.78648
       160   0.78901
       161   0.79090
       162   0.79343
       163   0.79596
       164   0.79785
       165   0.79975
       166   0.80227
       167   0.80480
       168   0.80733
       169   0.80985
       170   0.81238
       171   0.81428
       172   0.81744
       173   0.81996
       174   0.82186
       175   0.82438
       176   0.82754
       177   0.83007
       178   0.83260
       179   0.83575
       180   0.83891
       181   0.84144
       182   0.84460
       183   0.84713
       184   0.85092
       185   0.85471
       186   0.85786
       187   0.86166
       188   0.86608
       189   0.87050
       190   0.87555
       191   0.88124
       192   0.88756
       193   0.89514
       194   0.90587
       195   0.91598
       196   0.92419
       197   0.93051
       198   0.93493
       199   0.93999
       200   0.94251
       201   0.94630
       202   0.94946
       203   0.95136
       204   0.95452
       205   0.95641
       206   0.95831
       207   0.96083
       208   0.96273
       209   0.96526
       210   0.96652
       211   0.96778
       212   0.97031
       213   0.97157
       214   0.97220
       215   0.97726
       216   0.98168
       217   0.98610
       218   0.98926
       219   0.99242
       220   0.99558
       221   0.99810
       222   0.99937
       223   0.99937
       224   0.99937
       225   0.99937
       226   0.99937
       227   0.99937
       228   0.99937
       229   0.99937
       230   0.99937
       231   0.99937
       232   0.99937
       233   0.99937
       234   0.99937
       235   0.99937
       236   0.99937
       237   0.99937
       238   0.99937
       239   0.99937
       240   0.99937
       241   0.99937
       242   0.99937
       243   0.99937
       244   0.99937
       245   0.99937
       246   0.99937
       247   0.99937
       248   0.99937
       249   0.99937
       250   0.99937
       251   0.99937
       252   0.99937
       253   0.99937
       254   0.99937
       255   0.99937
       256   0.99937
       257   0.99937
       258   0.99937
       259   0.99937
       260   0.99937
       261   0.99937
       262   0.99937
       263   0.99937
       264   0.99937
       265   0.99937
       266   0.99937
       267   0.99937
       268   0.99937
       269   0.99937
       270   0.99937
       271   0.99937
       272   0.99937
       273   0.99937
       274   0.99937
       275   0.99937
       276   0.99937
       277   0.99937
       278   0.99937
       279   0.99937
       280   0.99937
       281   0.99937
       282   0.99937
       283   0.99937
       284   0.99937
       285   0.99937
       286   0.99937
       287   0.99937
       288   0.99937
       289   0.99937
       290   0.99937
       291   0.99937
       292   0.99937
       293   0.99937
       294   0.99937
       295   0.99937
       296   0.99937
       297   0.99937
       298   0.99937
       299   0.99937
       300   0.99937
       301   0.99937
       302   0.99937
       303   0.99937
       304   0.99937
       305   0.99937
       306   0.99937
       307   0.99937
       308   0.99937
       309   0.99937
       310   0.99937
       311   0.99937
       312   0.99937
       313   0.99937
       314   0.99937
       315   0.99937
       316   0.99937
       317   0.99937
       318   0.99937
       319   0.99937
       320   0.99937
       321   0.99937
       322   0.99937
       323   0.99937
       324   0.99937
       325   0.99937
       326   0.99937
       327   0.99937
       328   0.99937
       329   0.99937
       330   0.99937
       331   0.99937
       332   0.99937
       333   0.99937
       334   0.99937
       335   0.99937
       336   0.99937
       337   0.99937
       338   0.99937
       339   0.99937
       340   0.99937
       341   0.99937
       342   0.99937
       343   0.99937
       344   0.99937
       345   0.99937
       346   0.99937
       347   0.99937
       348   0.99937
       349   0.99937
       350   0.99937
       351   0.99937
       352   0.99937
       353   0.99937
       354   0.99937
       355   0.99937
       356   0.99937
       357   0.99937
       358   0.99937
       359   0.99937
       360   0.99937
       361   0.99937
       362   0.99937
       363   0.99937
       364   0.99937
       365   0.99937
       366   0.99937
       367   0.99937
       368   0.99937
       369   0.99937
       370   0.99937
       371   0.99937
       372   0.99937
       373   0.99937
       374   0.99937
       375   0.99937
       376   0.99937
       377   0.99937
       378   0.99937
       379   0.99937
       380   0.99937
       381   0.99937
       382   0.99937
       383   0.99937
       384   0.99937
       385   0.99937
       386   0.99937
       387   0.99937
       388   0.99937
       389   0.99937
       390   0.99937
       391   0.99937
       392   0.99937
       393   0.99937
       394   0.99937
       395   0.99937
       396   0.99937
       397   0.99937
       398   0.99937
       399   0.99937
       400   0.99937
       401   0.99937
       402   0.99937
       403   0.99937
       404   0.99937
       405   0.99937
       406   0.99937
       407   0.99937
       408   0.99937
       409   0.99937
       410   0.99937
       411   0.99937
       412   0.99937
       413   0.99937
       414   0.99937
       415   0.99937
       416   0.99937
       417   0.99937
       418   0.99937
       419   0.99937
       420   0.99937
       421   0.99937
       422   0.99937
       423   0.99937
       424   0.99937
       425   0.99937
       426   0.99937
       427   0.99937
       428   0.99937
       429   0.99937
       430   0.99937
       431   0.99937
       432   0.99937
       433   0.99937
       434   0.99937
       435   0.99937
       436   0.99937
       437   0.99937
       438   0.99937
       439   0.99937
       440   0.99937
       441   0.99937
       442   0.99937
       443   0.99937
       444   0.99937
       445   0.99937
       446   0.99937
       447   0.99937
       448   0.99937
       449   0.99937
       450   0.99937
       451   0.99937
       452   0.99937
       453   0.99937
       454   0.99937
       455   0.99937
       456   0.99937
       457   0.99937
       458   0.99937
       459   0.99937
       460   0.99937
       461   0.99937
       462   0.99937
       463   0.99937
       464   0.99937
       465   0.99937
       466   0.99937
       467   0.99937
       468   0.99937
       469   0.99937
       470   0.99937
       471   0.99937
       472   0.99937
       473   0.99937
       474   0.99937
       475   0.99937
       476   0.99937
       477   0.99937
       478   0.99937
       479   0.99937
       480   0.99937
       481   0.99937
       482   0.99937
       483   0.99937
       484   0.99937
       485   0.99937
       486   0.99937
       487   0.99937
       488   0.99937
       489   0.99937
       490   0.99937
       491   0.99874
       492   0.99684
       493   0.99558
       494   0.99368
       495   0.99179
       496   0.98989
       497   0.98800
       498   0.98610
       499   0.98421
       500   0.98168
       501   0.97915
       502   0.97663
       503   0.97410
       504   0.97031
       505   0.96652
       506   0.96147
       507   0.94062
       508   0.93557
       509   0.93557
       510   0.93493
       511   0.93430
       512   0.93430
       513   0.93367
       514   0.93367
       515   0.93304
       516   0.93241
       517   0.93241
       518   0.93178
       519   0.93114
       520   0.93114
       521   0.93051
       522   0.92988
       523   0.92988
       524   0.92925
       525   0.92862
       526   0.92862
       527   0.92798
       528   0.92735
       529   0.92735
       530   0.92672
       531   0.92609
       532   0.92735
       533   0.92862
       534   0.92925
       535   0.93051
       536   0.93114
       537   0.93241
       538   0.93367
       539   0.93430
       540   0.93557
       541   0.93620
       542   0.96083
       543   0.96841
       544   0.97410
       545   0.97915
       546   0.98294
       547   0.98673
       548   0.98989
       549   0.99242
       550   0.99495
       551   0.99747
       552   0.99937
       553   0.99937
       554   0.99937
       555   0.99937
       556   0.99937
       557   0.99937
       558   0.99937
       559   0.99937
       560   0.99937
       561   0.99937
       562   0.99937
       563   0.99937
       564   0.99937
       565   0.99937
       566   0.99937
       567   0.99937
       568   0.99937
       569   0.99937
       570   0.99937
       571   0.99937
       572   0.99937
       573   0.99937
       574   0.99937
       575   0.99937
       576   0.99937
       577   0.99937
       578   0.99937
       579   0.99937
       580   0.99937
       581   0.99937
       582   0.99937
       583   0.99937
       584   0.99937
       585   0.99937
       586   0.99937
       587   0.99937
       588   0.99937
       589   0.99937
       590   0.99937
       591   0.99937
       592   0.99937
       593   0.99937
       594   0.99937
       595   0.99937
       596   0.99937
       597   0.99937
       598   0.99937
       599   0.99937
       600   0.99937
       601   0.99937
       602   0.99937
       603   0.99937
       604   0.99937
       605   0.99937
       606   0.99937
       607   0.99937
       608   0.99937
       609   0.99937
       610   0.99937
       611   0.99937
       612   0.99937
       613   0.99937
       614   0.99937
       615   0.99937
       616   0.99937
       617   0.99937
       618   0.99937
       619   0.99937
       620   0.99937
       621   0.99937
       622   0.99937
       623   0.99937
       624   0.99937
       625   0.99937
       626   0.99937
       627   0.99937
       628   0.99937
       629   0.99937
       630   0.99937
       631   0.99937
       632   0.99937
       633   0.99937
       634   0.99937
       635   0.99937
       636   0.99937
       637   0.99937
       638   0.99937
       639   0.99937
       640   0.99937
       641   0.99937
       642   0.99937
       643   0.99937
       644   0.99937
       645   0.99937
       646   0.99937
       647   0.99937
       648   0.99937
       649   0.99937
       650   0.99937
       651   0.99937
       652   0.99937
       653   0.99937
       654   0.99937
       655   0.99937
       656   0.99937
       657   0.99937
       658   0.99937
       659   0.99937
       660   0.99937
       661   0.99937
       662   0.99937
       663   0.99937
       664   0.99937
       665   0.99937
       666   0.99937
       667   0.99937
       668   0.99937
       669   0.99937
       670   0.99937
       671   0.99937
       672   0.99937
       673   0.99937
       674   0.99937
       675   0.99937
       676   0.99937
       677   0.99937
       678   0.99937
       679   0.99937
       680   0.99937
       681   0.99937
       682   0.99937
       683   0.99937
       684   0.99937
       685   0.99937
       686   0.99937
       687   0.99937
       688   0.99937
       689   0.99937
       690   0.99937
       691   0.99937
       692   0.99937
       693   0.99937
       694   0.99937
       695   0.99937
       696   0.99937
       697   0.99937
       698   0.99937
       699   0.99937
       700   0.99937
       701   0.99937
       702   0.99937
       703   0.99937
       704   0.99937
       705   0.99937
       706   0.99937
       707   0.99937
       708   0.99937
       709   0.99937
       710   0.99937
       711   0.99937
       712   0.99937
       713   0.99937
       714   0.99937
       715   0.99937
       716   0.99937
       717   0.99937
       718   0.99937
       719   0.99937
       720   0.99937
       721   0.99937
       722   0.99937
       723   0.99937
       724   0.99937
       725   0.99937
       726   0.99937
       727   0.99937
       728   0.99937
       729   0.99937
       730   0.99937
       731   0.99937
       732   0.99937
       733   0.99937
       734   0.99937
       735   0.99937
       736   0.99937
       737   0.99937
       738   0.99937
       739   0.99937
       740   0.99937
       741   0.99937
       742   0.99937
       743   0.99937
       744   0.99937
       745   0.99937
       746   0.99937
       747   0.99937
       748   0.99937
       749   0.99937
       750   0.99937
       751   0.99937
       752   0.99937
       753   0.99937
       754   0.99937
       755   0.99937
       756   0.99937
       757   0.99937
       758   0.99937
       759   0.99937
       760   0.99937
       761   0.99937
       762   0.99937
       763   0.99937
       764   0.99937
       765   0.99937
       766   0.99937
       767   0.99937
       768   0.99937
       769   0.99937
       770   0.99937
       771   0.99937
       772   0.99937
       773   0.99937
       774   0.99937
       775   0.99937
       776   0.99937
       777   0.99937
       778   0.99937
       779   0.99937
       780   0.99937
       781   0.99937
       782   0.99937
       783   0.99937
       784   0.99937
       785   0.99874
       786   0.99747
       787   0.99684
       788   0.99558
       789   0.99431
       790   0.99368
       791   0.99242
       792   0.99116
       793   0.98989
       794   0.98863
       795   0.98800
       796   0.98673
       797   0.98547
       798   0.98421
       799   0.98294
       800   0.98168
       801   0.97979
       802   0.97852
       803   0.97726
       804   0.97599
       805   0.97410
       806   0.97284
       807   0.97094
       808   0.96905
       809   0.96778
       810   0.96589
       811   0.96399
       812   0.96210
       813   0.96020
       814   0.95831
       815   0.95578
       816   0.95389
       817   0.95136
       818   0.94946
       819   0.94694
       820   0.94378
       821   0.94125
       822   0.93809
       823   0.93620
       824   0.93493
       825   0.93430
       826   0.93304
       827   0.93178
       828   0.93114
       829   0.92988
       830   0.92862
       831   0.92735
       832   0.92672
       833   0.92546
       834   0.92419
       835   0.92293
       836   0.92167
       837   0.92040
       838   0.91977
       839   0.91851
       840   0.91725
       841   0.91598
       842   0.91472
       843   0.91346
       844   0.91219
       845   0.91093
       846   0.90967
       847   0.90840
       848   0.90714
       849   0.90587
       850   0.90398
       851   0.90272
       852   0.90145
       853   0.90019
       854   0.89893
       855   0.89766
       856   0.89577
       857   0.89450
       858   0.89324
       859   0.89135
       860   0.89008
       861   0.88882
       862   0.88692
       863   0.88566
       864   0.88377
       865   0.88250
       866   0.88124
       867   0.87934
       868   0.87745
       869   0.87618
       870   0.87429
       871   0.87303
       872   0.87113
       873   0.86924
       874   0.86797
       875   0.86608
       876   0.86418
       877   0.86292
       878   0.86355
       879   0.86418
       880   0.86418
       881   0.86481
       882   0.86545
       883   0.86608
       884   0.86608
       885   0.86671
       886   0.86671
       887   0.86734
       888   0.86797
       889   0.86797
       890   0.86860
       891   0.86860
       892   0.86924
       893   0.86924
       894   0.86924
       895   0.86987
       896   0.86987
       897   0.87050
       898   0.87050
       899   0.87113
       900   0.87113
       901   0.87113
       902   0.87176
       903   0.87176
       904   0.87176
       905   0.87239
       906   0.87239
       907   0.87239
       908   0.87239
       909   0.87303
       910   0.87303
       911   0.87303
       912   0.87303
       913   0.87366
       914   0.87366
       915   0.87366
       916   0.87366
       917   0.87429
       918   0.87429
       919   0.87429
       920   0.87429
       921   0.87429
       922   0.87429
       923   0.87492
       924   0.87492
       925   0.87492
       926   0.87492
       927   0.87492
       928   0.87492
       929   0.87555
       930   0.87555
       931   0.87555
       932   0.87555
       933   0.87555
       934   0.87555
       935   0.87555
       936   0.87555
       937   0.87555
       938   0.87618
       939   0.87618
       940   0.87618
       941   0.87618
       942   0.87618
       943   0.87618
       944   0.87618
       945   0.87618
       946   0.87618
       947   0.87618
       948   0.87618
       949   0.87618
       950   0.87682
       951   0.87682
       952   0.87682
       953   0.87682
       954   0.87682
       955   0.87682
       956   0.87682
       957   0.87682
       958   0.87682
       959   0.87682
       960   0.87682
       961   0.87682
       962   0.87682
       963   0.87682
       964   0.87682
       965   0.87745
       966   0.87745
       967   0.87745
       968   0.87745
       969   0.87745
       970   0.87745
       971   0.87745
       972   0.87745
       973   0.87745
       974   0.87745
       975   0.87745
       976   0.87745
       977   0.87745
       978   0.87745
       979   0.87745
       980   0.87808
       981   0.87808
       982   0.87808
       983   0.87808
       984   0.87808
       985   0.87808
       986   0.87808
       987   0.87808
       988   0.87808
       989   0.87808
       990   0.87808
       991   0.87871
       992   0.87871
       993   0.87871
       994   0.87871
       995   0.87871
       996   0.87871
       997   0.87871
       998   0.87871
       999   0.87871
      1000   0.87934
      1001   0.87934
      1002   0.87934
      1003   0.87934
      1004   0.87934
      1005   0.87934
      1006   0.87934
      1007   0.87934
      1008   0.87997
      1009   0.87997
      1010   0.87997
      1011   0.87997
      1012   0.87997
      1013   0.87997
      1014   0.87997
      1015   0.88061
      1016   0.88061
      1017   0.88061
      1018   0.88061
      1019   0.88061
      1020   0.88061
      1021   0.88124
      1022   0.88124
      1023   0.88124
      1024   0.88124
      1025   0.88124
      1026   0.88187
      1027   0.88187
      1028   0.88187
      1029   0.88187
      1030   0.88187
      1031   0.88250
      1032   0.88250
      1033   0.88250
      1034   0.88250
      1035   0.88313
      1036   0.88313
      1037   0.88313
      1038   0.88313
      1039   0.88313
      1040   0.88377
      1041   0.88377
      1042   0.88377
      1043   0.88377
      1044   0.88440
      1045   0.88440
      1046   0.88440
      1047   0.88503
      1048   0.88503
      1049   0.88503
      1050   0.88503
      1051   0.88566
      1052   0.88566
      1053   0.88566
      1054   0.88629
      1055   0.88629
      1056   0.88629
      1057   0.88629
      1058   0.88692
      1059   0.88692
      1060   0.88692
      1061   0.88756
      1062   0.88756
      1063   0.88756
      1064   0.88819
      1065   0.88819
      1066   0.88819
      1067   0.88882
      1068   0.88882
      1069   0.88882
      1070   0.88945
      1071   0.88945
      1072   0.88945
      1073   0.89008
      1074   0.89008
      1075   0.89071
      1076   0.89071
      1077   0.89071
      1078   0.89135
      1079   0.89135
      1080   0.89135
      1081   0.89198
      1082   0.89198
      1083   0.89261
      1084   0.89261
      1085   0.89261
      1086   0.89324
      1087   0.89324
      1088   0.89387
      1089   0.89387
      1090   0.89387
      1091   0.89450
      1092   0.89450
      1093   0.89514
      1094   0.89514
      1095   0.89514
      1096   0.89577
      1097   0.89577
      1098   0.89640
      1099   0.89640
      1100   0.89703
      1101   0.89703
      1102   0.89703
      1103   0.89766
      1104   0.89766
      1105   0.89829
      1106   0.89829
      1107   0.89893
      1108   0.89893
      1109   0.89956
      1110   0.89956
      1111   0.89956
      1112   0.90019
      1113   0.90019
      1114   0.90082
      1115   0.90082
      1116   0.90145
      1117   0.90145
      1118   0.90208
      1119   0.90208
      1120   0.90272
      1121   0.90272
      1122   0.90272
      1123   0.90335
      1124   0.90335
      1125   0.90398
      1126   0.90398
      1127   0.90461
      1128   0.90461
      1129   0.90524
      1130   0.90524
      1131   0.90587
      1132   0.90587
      1133   0.90587
      1134   0.90651
      1135   0.90651
      1136   0.90714
      1137   0.90714
      1138   0.90777
      1139   0.90777
      1140   0.90840
      1141   0.90840
      1142   0.90840
      1143   0.90903
      1144   0.90903
      1145   0.90967
      1146   0.90967
      1147   0.91030
      1148   0.91030
      1149   0.91030
      1150   0.91093
      1151   0.91093
      1152   0.91156
      1153   0.91156
      1154   0.91156
      1155   0.91219
      1156   0.91219
      1157   0.91282
      1158   0.91282
      1159   0.91282
      1160   0.91346
      1161   0.91346
      1162   0.91346
      1163   0.91409
      1164   0.91409
      1165   0.91409
      1166   0.91472
      1167   0.91472
      1168   0.91472
      1169   0.91535
      1170   0.91535
      1171   0.91535
      1172   0.91535
      1173   0.91598
      1174   0.91598
      1175   0.91598
      1176   0.91661
      1177   0.91788
      1178   0.91851
      1179   0.91914
      1180   0.92040
      1181   0.92104
      1182   0.92167
      1183   0.92230
      1184   0.92293
      1185   0.92356
      1186   0.92483
      1187   0.92546
      1188   0.92609
      1189   0.92672
      1190   0.92735
      1191   0.92798
      1192   0.92862
      1193   0.92925
      1194   0.92988
      1195   0.93051
      1196   0.93114
      1197   0.93178
      1198   0.93241
      1199   0.93304
      1200   0.93367
      1201   0.93430
      1202   0.93493
      1203   0.93557
      1204   0.93557
      1205   0.93620
      1206   0.93683
      1207   0.93746
      1208   0.93809
      1209   0.93872
      1210   0.93999
      1211   0.94062
      1212   0.94125
      1213   0.94188
      1214   0.94315
      1215   0.94378
      1216   0.94441
      1217   0.94504
      1218   0.94567
      1219   0.94630
      1220   0.94694
      1221   0.94757
      1222   0.94820
      1223   0.94883
      1224   0.94946
      1225   0.95009
      1226   0.95073
      1227   0.95136
      1228   0.95199
      1229   0.95199
      1230   0.95262
      1231   0.95325
      1232   0.95389
      1233   0.95452
      1234   0.95515
      1235   0.95515
      1236   0.95578
      1237   0.95641
      1238   0.95704
      1239   0.95704
      1240   0.95768
      1241   0.95831
      1242   0.95831
      1243   0.95894
      1244   0.95957
      1245   0.95957
      1246   0.96020
      1247   0.96083
      1248   0.96083
      1249   0.96147
      1250   0.96147
      1251   0.96210
      1252   0.96210
      1253   0.96273
      1254   0.96336
      1255   0.96336
      1256   0.96399
      1257   0.96399
      1258   0.96462
      1259   0.96462
      1260   0.96526
      1261   0.96526
      1262   0.96589
      1263   0.96589
      1264   0.96589
      1265   0.96652
      1266   0.96652
      1267   0.96715
      1268   0.96715
      1269   0.96778
      1270   0.96778
      1271   0.96778
      1272   0.96841
      1273   0.96841
      1274   0.96841
      1275   0.96905
      1276   0.96905
      1277   0.96905
      1278   0.96968
      1279   0.96968
      1280   0.96968
      1281   0.97031
      1282   0.97031
      1283   0.97031
      1284   0.97094
      1285   0.97094
      1286   0.97094
      1287   0.97094
      1288   0.97157
      1289   0.97157
      1290   0.97157
      1291   0.97157
      1292   0.97220
      1293   0.97220
      1294   0.97220
      1295   0.97220
      1296   0.97220
      1297   0.97284
      1298   0.97284
      1299   0.97284
      1300   0.97284
      1301   0.97284
      1302   0.97347
      1303   0.97347
      1304   0.97347
      1305   0.97347
      1306   0.97347
      1307   0.97347
      1308   0.97347
      1309   0.97347
      1310   0.97410
      1311   0.97410
      1312   0.97410
      1313   0.97410
      1314   0.97410
      1315   0.97410
      1316   0.97410
      1317   0.97410
      1318   0.97410
      1319   0.97410
      1320   0.97410
      1321   0.97410
      1322   0.97410
      1323   0.97410
      1324   0.97410
      1325   0.97410
      1326   0.97410
      1327   0.97410
      1328   0.97410
      1329   0.97410
      1330   0.97410
      1331   0.97410
      1332   0.97410
      1333   0.97410
      1334   0.97410
      1335   0.97410
      1336   0.97410
      1337   0.97410
      1338   0.97410
      1339   0.97410
      1340   0.97410
      1341   0.97410
      1342   0.97410
      1343   0.97410
      1344   0.97347
      1345   0.97347
      1346   0.97347
      1347   0.97347
      1348   0.97347
      1349   0.97347
      1350   0.97347
      1351   0.97284
      1352   0.97284
      1353   0.97284
      1354   0.97284
      1355   0.97284
      1356   0.97220
      1357   0.97220
      1358   0.97220
      1359   0.97220
      1360   0.97157
      1361   0.97157
      1362   0.97157
      1363   0.97157
      1364   0.97094
      1365   0.97094
      1366   0.97094
      1367   0.97094
      1368   0.97031
      1369   0.97031
      1370   0.97031
      1371   0.96968
      1372   0.96968
      1373   0.96905
      1374   0.96905
      1375   0.96905
      1376   0.96841
      1377   0.96841
      1378   0.96778
      1379   0.96778
      1380   0.96715
      1381   0.96715
      1382   0.96715
      1383   0.96652
      1384   0.96652
      1385   0.96589
      1386   0.96526
      1387   0.96526
      1388   0.96462
      1389   0.96462
      1390   0.96399
      1391   0.96399
      1392   0.96336
      1393   0.96273
      1394   0.96273
      1395   0.96210
      1396   0.96147
      1397   0.96083
      1398   0.96083
      1399   0.96020
      1400   0.95957
      1401   0.95894
      1402   0.95831
      1403   0.95831
      1404   0.95768
      1405   0.95704
      1406   0.95641
      1407   0.95578
      1408   0.95515
      1409   0.95452
      1410   0.95389
      1411   0.95325
      1412   0.95262
      1413   0.95136
      1414   0.95073
      1415   0.95009
      1416   0.94946
      1417   0.94820
      1418   0.94757
      1419   0.94694
      1420   0.94567
      1421   0.94504
      1422   0.94378
      1423   0.94251
      1424   0.94188
      1425   0.94062
      1426   0.93936
      1427   0.93809
      1428   0.93683
      1429   0.93620
      1430   0.93620
      1431   0.93557
      1432   0.93557
      1433   0.93493
      1434   0.93430
      1435   0.93430
      1436   0.93367
      1437   0.93304
      1438   0.93304
      1439   0.93241
      1440   0.93178
      1441   0.93178
      1442   0.93114
      1443   0.93051
      1444   0.93051
      1445   0.92988
      1446   0.92925
      1447   0.92925
      1448   0.92862
      1449   0.92798
      1450   0.92798
      1451   0.92735
      1452   0.92672
      1453   0.92609
      1454   0.92609
      1455   0.92546
      1456   0.92483
      1457   0.92419
      1458   0.92419
      1459   0.92356
      1460   0.92293
      1461   0.92230
      1462   0.92230
      1463   0.92167
      1464   0.92104
      1465   0.92040
      1466   0.91977
      1467   0.91977
      1468   0.91914
      1469   0.91851
      1470   0.91788
      1471   0.91725
      1472   0.91661
      1473   0.91661
      1474   0.91598
      1475   0.91535
      1476   0.91472
      1477   0.91409
      1478   0.91346
      1479   0.91282
      1480   0.91219
      1481   0.91156
      1482   0.91156
      1483   0.91093
      1484   0.91030
      1485   0.90967
      1486   0.90903
      1487   0.90840
      1488   0.90777
      1489   0.90714
      1490   0.90651
      1491   0.90587
      1492   0.90524
      1493   0.90461
      1494   0.90398
      1495   0.90335
      1496   0.90272
      1497   0.90208
      1498   0.90145
      1499   0.90082
      1500   0.90019
      1501   0.89956
      1502   0.89893
      1503   0.89829
      1504   0.89766
      1505   0.89703
      1506   0.89640
      1507   0.89514
      1508   0.89450
      1509   0.89387
      1510   0.89324
      1511   0.89261
      1512   0.89198
      1513   0.89135
      1514   0.89071
      1515   0.88945
      1516   0.88882
      1517   0.88819
      1518   0.88756
      1519   0.88692
      1520   0.88629
      1521   0.88503
      1522   0.88440
      1523   0.88377
      1524   0.88313
      1525   0.88187
      1526   0.88124
      1527   0.88061
      1528   0.87997
      1529   0.87871
      1530   0.87808
      1531   0.87745
      1532   0.87682
      1533   0.87555
      1534   0.87492
      1535   0.87429
      1536   0.87303
      1537   0.87239
      1538   0.87113
      1539   0.87050
      1540   0.86987
      1541   0.86860
      1542   0.86797
      1543   0.86734
      1544   0.86608
      1545   0.86545
      1546   0.86418
      1547   0.86418
      1548   0.86418
      1549   0.86418
      1550   0.86418
      1551   0.86355
      1552   0.86355
      1553   0.86355
      1554   0.86355
      1555   0.86355
      1556   0.86355
      1557   0.86292
      1558   0.86292
      1559   0.86292
      1560   0.86292
      1561   0.86292
      1562   0.86292
      1563   0.86229
      1564   0.86229
      1565   0.86229
      1566   0.86229
      1567   0.86229
      1568   0.86166
      1569   0.86166
      1570   0.86166
      1571   0.86166
      1572   0.86166
      1573   0.86102
      1574   0.86102
      1575   0.86102
      1576   0.86102
      1577   0.86102
      1578   0.86039
      1579   0.86039
      1580   0.86039
      1581   0.86039
      1582   0.85976
      1583   0.85976
