         1   0.15603
         2   0.15603
         3   0.15666
         4   0.15666
         5   0.15730
         6   0.15793
         7   0.15793
         8   0.15856
         9   0.15856
        10   0.15919
        11   0.15919
        12   0.15982
        13   0.15982
        14   0.16045
        15   0.16045
        16   0.16109
        17   0.16109
        18   0.16172
        19   0.16172
        20   0.16235
        21   0.16235
        22   0.16235
        23   0.16298
        24   0.16298
        25   0.16361
        26   0.16361
        27   0.16361
        28   0.16425
        29   0.16425
        30   0.16425
        31   0.16488
        32   0.16488
        33   0.16488
        34   0.16551
        35   0.16551
        36   0.16551
        37   0.16614
        38   0.16614
        39   0.16614
        40   0.16677
        41   0.16677
        42   0.16677
        43   0.16677
        44   0.16740
        45   0.16740
        46   0.16740
        47   0.16740
        48   0.16804
        49   0.16804
        50   0.16804
        51   0.16804
        52   0.16867
        53   0.16867
        54   0.16867
        55   0.16867
        56   0.16867
        57   0.16867
        58   0.16930
        59   0.16930
        60   0.16930
        61   0.16930
        62   0.16930
        63   0.16930
        64   0.16930
        65   0.16993
        66   0.16993
        67   0.16993
        68   0.16993
        69   0.16993
        70   0.16993
        71   0.16993
        72   0.16993
        73   0.16993
        74   0.16993
        75   0.16993
        76   0.17056
        77   0.17056
        78   0.17056
        79   0.17056
        80   0.17056
        81   0.17056
        82   0.17056
        83   0.17056
        84   0.17056
        85   0.17056
        86   0.17056
        87   0.17056
        88   0.17056
        89   0.17056
        90   0.17056
        91   0.17056
        92   0.17056
        93   0.17056
        94   0.16993
        95   0.16993
        96   0.16993
        97   0.16993
        98   0.16993
        99   0.16993
       100   0.16993
       101   0.17056
       102   0.17119
       103   0.17183
       104   0.17246
       105   0.17309
       106   0.17372
       107   0.17435
       108   0.17498
       109   0.17562
       110   0.17625
       111   0.17688
       112   0.17751
       113   0.17814
       114   0.17877
       115   0.17941
       116   0.18004
       117   0.18067
       118   0.18130
       119   0.18193
       120   0.18256
       121   0.18320
       122   0.18383
       123   0.18446
       124   0.18509
       125   0.18572
       126   0.18636
       127   0.18699
       128   0.18762
       129   0.18825
       130   0.18888
       131   0.18951
       132   0.19015
       133   0.19078
       134   0.19141
       135   0.19204
       136   0.19267
       137   0.19330
       138   0.19394
       139   0.19457
       140   0.19520
       141   0.19583
       142   0.19646
       143   0.19709
       144   0.19773
       145   0.19836
       146   0.19899
       147   0.19962
       148   0.20025
       149   0.20088
       150   0.20152
       151   0.20215
       152   0.20278
       153   0.20341
       154   0.20404
       155   0.20467
       156   0.20531
       157   0.20594
       158   0.20657
       159   0.20720
       160   0.20783
       161   0.20846
       162   0.20910
       163   0.20973
       164   0.21036
       165   0.21099
       166   0.21162
       167   0.21226
       168   0.21289
       169   0.21352
       170   0.21415
       171   0.21478
       172   0.21541
       173   0.21605
       174   0.21668
       175   0.21731
       176   0.21794
       177   0.21857
       178   0.21920
       179   0.21984
       180   0.22047
       181   0.22110
       182   0.22173
       183   0.22236
       184   0.22299
       185   0.22363
       186   0.22426
       187   0.22489
       188   0.22552
       189   0.22615
       190   0.22678
       191   0.22742
       192   0.22805
       193   0.22868
       194   0.22931
       195   0.22994
       196   0.23057
       197   0.23121
       198   0.23184
       199   0.24068
       200   0.25016
       201   0.25711
       202   0.26279
       203   0.26721
       204   0.27164
       205   0.27479
       206   0.27858
       207   0.28174
       208   0.28490
       209   0.28806
       210   0.29122
       211   0.29438
       212   0.29690
       213   0.29943
       214   0.30196
       215   0.30449
       216   0.30701
       217   0.30891
       218   0.31207
       219   0.31396
       220   0.31586
       221   0.32028
       222   0.32344
       223   0.32723
       224   0.33039
       225   0.33418
       226   0.33670
       227   0.33986
       228   0.34239
       229   0.34555
       230   0.34807
       231   0.35060
       232   0.35313
       233   0.35629
       234   0.35881
       235   0.36134
       236   0.36387
       237   0.36576
       238   0.36829
       239   0.37018
       240   0.37208
       241   0.37461
       242   0.37713
       243   0.37903
       244   0.38092
       245   0.38345
       246   0.38534
       247   0.38724
       248   0.38913
       249   0.38913
       250   0.39040
       251   0.39166
       252   0.39229
       253   0.39229
       254   0.39356
       255   0.39356
       256   0.39482
       257   0.39482
       258   0.39482
       259   0.39482
       260   0.39545
       261   0.39545
       262   0.39482
       263   0.39482
       264   0.39419
       265   0.39356
       266   0.39292
       267   0.39229
       268   0.39040
       269   0.38787
       270   0.38534
       271   0.37587
       272   0.36513
       273   0.36576
       274   0.36639
       275   0.36702
       276   0.36829
       277   0.36829
       278   0.36892
       279   0.37018
       280   0.37018
       281   0.37081
       282   0.37208
       283   0.37208
       284   0.37334
       285   0.37334
       286   0.37397
       287   0.37461
       288   0.37524
       289   0.37587
       290   0.37650
       291   0.37713
       292   0.37713
       293   0.37776
       294   0.39103
       295   0.40240
       296   0.40935
       297   0.41503
       298   0.42072
       299   0.42451
       300   0.42893
       301   0.43272
       302   0.43651
       303   0.43967
       304   0.44283
       305   0.44536
       306   0.44852
       307   0.45104
       308   0.45483
       309   0.45610
       310   0.45925
       311   0.46052
       312   0.46304
       313   0.46494
       314   0.46810
       315   0.46936
       316   0.47189
       317   0.47315
       318   0.47505
       319   0.47631
       320   0.47757
       321   0.47947
       322   0.48200
       323   0.48326
       324   0.48452
       325   0.48579
       326   0.48705
       327   0.48768
       328   0.48831
       329   0.48958
       330   0.48958
       331   0.49021
       332   0.49021
       333   0.49084
       334   0.49147
       335   0.49210
       336   0.49147
       337   0.49147
       338   0.49210
       339   0.49210
       340   0.49210
       341   0.49274
       342   0.49274
       343   0.49274
       344   0.49210
       345   0.49274
       346   0.49274
       347   0.49274
       348   0.49274
       349   0.49210
       350   0.49274
       351   0.49274
       352   0.49274
       353   0.49210
       354   0.49210
       355   0.49210
       356   0.49147
       357   0.49147
       358   0.49147
       359   0.49084
       360   0.49021
       361   0.48958
       362   0.48958
       363   0.48958
       364   0.48895
       365   0.48895
       366   0.48768
       367   0.48642
       368   0.48642
       369   0.48579
       370   0.48579
       371   0.48452
       372   0.48389
       373   0.48326
       374   0.48263
       375   0.48136
       376   0.48073
       377   0.48010
       378   0.47947
       379   0.47821
       380   0.47757
       381   0.47631
       382   0.47568
       383   0.47442
       384   0.47315
       385   0.47252
       386   0.47063
       387   0.46936
       388   0.46873
       389   0.46747
       390   0.46810
       391   0.46873
       392   0.47126
       393   0.47189
       394   0.47442
       395   0.47505
       396   0.47757
       397   0.47884
       398   0.48010
       399   0.48136
       400   0.48389
       401   0.48515
       402   0.48705
       403   0.48768
       404   0.49021
       405   0.49274
       406   0.49589
       407   0.49716
       408   0.50032
       409   0.50221
       410   0.50474
       411   0.50726
       412   0.50916
       413   0.51105
       414   0.51358
       415   0.51548
       416   0.51737
       417   0.51990
       418   0.52116
       419   0.52306
       420   0.52558
       421   0.52685
       422   0.52874
       423   0.53064
       424   0.53253
       425   0.53443
       426   0.55843
       427   0.57486
       428   0.58497
       429   0.59444
       430   0.60013
       431   0.60708
       432   0.61276
       433   0.61781
       434   0.62160
       435   0.62666
       436   0.63045
       437   0.63424
       438   0.63677
       439   0.64056
       440   0.64371
       441   0.64687
       442   0.65003
       443   0.65256
       444   0.65572
       445   0.65761
       446   0.65951
       447   0.66330
       448   0.66456
       449   0.66646
       450   0.66835
       451   0.67088
       452   0.67214
       453   0.67404
       454   0.67593
       455   0.67783
       456   0.67909
       457   0.67972
       458   0.68225
       459   0.68288
       460   0.68351
       461   0.68541
       462   0.68667
       463   0.68730
       464   0.68857
       465   0.68983
       466   0.69046
       467   0.69109
       468   0.69236
       469   0.69236
       470   0.69299
       471   0.69362
       472   0.69425
       473   0.69488
       474   0.69551
       475   0.69488
       476   0.69551
       477   0.69678
       478   0.69678
       479   0.69741
       480   0.69678
       481   0.69741
       482   0.69678
       483   0.69741
       484   0.69678
       485   0.69741
       486   0.69741
       487   0.69741
       488   0.69615
       489   0.69615
       490   0.69615
       491   0.69678
       492   0.69615
       493   0.69551
       494   0.69488
       495   0.69488
       496   0.69362
       497   0.69236
       498   0.69109
       499   0.68983
       500   0.68793
       501   0.68730
       502   0.68541
       503   0.68414
       504   0.68288
       505   0.68162
       506   0.67972
       507   0.67909
       508   0.67720
       509   0.67593
       510   0.67340
       511   0.67277
       512   0.67151
       513   0.66961
       514   0.66898
       515   0.66646
       516   0.66519
       517   0.66330
       518   0.66203
       519   0.66014
       520   0.65888
       521   0.65698
       522   0.65509
       523   0.65445
       524   0.65256
       525   0.65066
       526   0.64877
       527   0.64687
       528   0.64498
       529   0.64371
       530   0.64245
       531   0.63992
       532   0.64435
       533   0.64814
       534   0.65130
       535   0.65572
       536   0.65951
       537   0.66393
       538   0.66772
       539   0.67151
       540   0.67593
       541   0.68035
       542   0.68414
       543   0.68857
       544   0.69362
       545   0.69867
       546   0.72963
       547   0.74732
       548   0.76563
       549   0.78774
       550   0.81744
       551   0.81807
       552   0.81933
       553   0.82059
       554   0.82186
       555   0.82249
       556   0.82375
       557   0.82438
       558   0.82565
       559   0.82628
       560   0.82754
       561   0.82881
       562   0.82944
       563   0.83007
       564   0.83133
       565   0.83196
       566   0.83323
       567   0.83386
       568   0.83512
       569   0.83575
       570   0.83639
       571   0.83765
       572   0.83828
       573   0.83891
       574   0.83955
       575   0.84081
       576   0.84144
       577   0.84207
       578   0.84018
       579   0.83639
       580   0.82059
       581   0.82059
       582   0.82123
       583   0.82123
       584   0.82123
       585   0.82123
       586   0.82123
       587   0.82186
       588   0.82186
       589   0.82249
       590   0.82249
       591   0.82312
       592   0.82312
       593   0.82249
       594   0.82249
       595   0.82312
       596   0.82312
       597   0.82312
       598   0.82375
       599   0.82375
       600   0.82375
       601   0.82375
       602   0.82375
       603   0.82312
       604   0.82249
       605   0.82249
       606   0.82186
       607   0.82123
       608   0.82059
       609   0.81996
       610   0.81996
       611   0.81933
       612   0.81807
       613   0.81807
       614   0.81744
       615   0.81680
       616   0.81680
       617   0.81554
       618   0.81491
       619   0.81491
       620   0.81364
       621   0.81364
       622   0.81238
       623   0.81175
       624   0.81112
       625   0.81049
       626   0.80985
       627   0.80922
       628   0.80796
       629   0.80796
       630   0.80670
       631   0.80606
       632   0.80480
       633   0.80417
       634   0.80354
       635   0.80227
       636   0.80164
       637   0.80038
       638   0.79912
       639   0.78901
       640   0.77764
       641   0.76943
       642   0.76248
       643   0.75616
       644   0.74984
       645   0.74416
       646   0.73658
       647   0.72773
       648   0.71826
       649   0.71699
       650   0.71573
       651   0.71573
       652   0.71447
       653   0.71320
       654   0.71194
       655   0.71068
       656   0.71004
       657   0.70941
       658   0.70941
       659   0.70878
       660   0.70752
       661   0.70689
       662   0.70689
       663   0.70562
       664   0.70562
       665   0.70499
       666   0.70373
       667   0.70373
       668   0.70310
       669   0.70246
       670   0.70246
       671   0.70120
       672   0.70057
       673   0.69994
       674   0.69994
       675   0.69931
       676   0.69931
       677   0.69867
       678   0.69804
       679   0.69741
       680   0.69741
       681   0.69741
       682   0.69615
       683   0.69551
       684   0.69551
       685   0.69551
       686   0.69551
       687   0.69425
       688   0.69425
       689   0.69425
       690   0.69362
       691   0.69362
       692   0.69362
       693   0.69299
       694   0.69299
       695   0.69236
       696   0.69299
       697   0.69172
       698   0.69172
       699   0.69109
       700   0.69109
       701   0.69046
       702   0.69172
       703   0.69109
       704   0.69109
       705   0.69046
       706   0.69046
       707   0.68983
       708   0.69046
       709   0.69046
       710   0.68983
       711   0.68983
       712   0.68983
       713   0.68983
       714   0.68983
       715   0.68983
       716   0.68983
       717   0.68920
       718   0.68857
       719   0.68920
       720   0.68920
       721   0.69994
       722   0.70562
       723   0.71004
       724   0.71383
       725   0.71573
       726   0.71889
       727   0.72205
       728   0.72521
       729   0.72710
       730   0.73026
       731   0.73215
       732   0.73468
       733   0.73784
       734   0.74037
       735   0.74352
       736   0.74605
       737   0.74921
       738   0.75300
       739   0.75679
       740   0.75932
       741   0.76248
       742   0.76627
       743   0.77322
       744   0.77701
       745   0.77574
       746   0.77322
       747   0.77195
       748   0.76943
       749   0.76753
       750   0.76500
       751   0.76437
       752   0.76184
       753   0.75932
       754   0.75679
       755   0.75363
       756   0.75174
       757   0.74858
       758   0.74668
       759   0.74289
       760   0.74037
       761   0.73784
       762   0.73468
       763   0.73026
       764   0.72584
       765   0.72142
       766   0.71636
       767   0.71131
       768   0.70373
       769   0.69299
       770   0.68351
       771   0.68288
       772   0.68288
       773   0.68225
       774   0.68288
       775   0.68225
       776   0.68225
       777   0.68162
       778   0.68099
       779   0.68099
       780   0.68035
       781   0.68099
       782   0.68035
       783   0.68035
       784   0.67972
       785   0.67909
       786   0.67909
       787   0.67846
       788   0.67909
       789   0.67846
       790   0.67783
       791   0.67783
       792   0.67720
       793   0.67720
       794   0.67656
       795   0.67593
       796   0.67656
       797   0.67593
       798   0.67593
       799   0.67530
       800   0.67467
       801   0.67467
       802   0.67404
       803   0.67340
       804   0.67340
       805   0.67277
       806   0.67214
       807   0.67214
       808   0.67151
       809   0.67088
       810   0.67088
       811   0.67025
       812   0.66961
       813   0.66898
       814   0.66898
       815   0.66835
       816   0.66772
       817   0.66709
       818   0.66646
       819   0.66582
       820   0.66519
       821   0.66456
       822   0.66393
       823   0.66267
       824   0.66203
       825   0.66077
       826   0.66014
       827   0.65951
       828   0.65824
       829   0.65698
       830   0.65509
       831   0.65382
       832   0.65193
       833   0.62666
       834   0.60202
       835   0.57802
       836   0.56475
       837   0.56033
       838   0.55591
       839   0.55275
       840   0.54959
       841   0.54580
       842   0.54264
       843   0.53948
       844   0.53696
       845   0.53380
       846   0.53127
       847   0.52811
       848   0.52558
       849   0.52306
       850   0.52053
       851   0.51800
       852   0.51548
       853   0.51295
       854   0.51105
       855   0.50853
       856   0.50600
       857   0.50411
       858   0.50158
       859   0.49968
       860   0.49653
       861   0.49463
       862   0.49210
       863   0.49021
       864   0.48768
       865   0.48579
       866   0.48389
       867   0.45736
       868   0.44283
       869   0.43209
       870   0.42262
       871   0.41377
       872   0.40493
       873   0.39798
       874   0.39040
       875   0.38345
       876   0.37713
       877   0.37397
       878   0.37650
       879   0.38029
       880   0.38345
       881   0.38534
       882   0.39040
       883   0.39608
       884   0.40177
       885   0.40682
       886   0.41124
       887   0.41693
       888   0.42198
       889   0.42641
       890   0.43083
       891   0.45420
       892   0.46684
       893   0.47378
       894   0.48010
       895   0.48515
       896   0.49021
       897   0.49463
       898   0.49968
       899   0.50347
       900   0.50853
       901   0.51232
       902   0.51674
       903   0.51990
       904   0.52432
       905   0.52811
       906   0.53127
       907   0.53569
       908   0.53885
       909   0.54264
       910   0.54580
       911   0.54896
       912   0.55338
       913   0.55654
       914   0.55907
       915   0.56222
       916   0.56538
       917   0.56854
       918   0.57107
       919   0.57423
       920   0.57802
       921   0.58054
       922   0.58307
       923   0.58623
       924   0.59002
       925   0.59255
       926   0.59507
       927   0.59823
       928   0.60139
       929   0.60392
       930   0.60708
       931   0.61023
       932   0.61276
       933   0.61529
       934   0.61908
       935   0.62224
       936   0.62603
       937   0.62855
       938   0.63298
       939   0.63677
       940   0.64119
       941   0.64687
       942   0.65193
       943   0.66140
       944   0.67151
       945   0.67151
       946   0.67151
       947   0.67214
       948   0.67151
       949   0.67088
       950   0.67088
       951   0.67088
       952   0.67088
       953   0.67088
       954   0.67088
       955   0.67025
       956   0.67025
       957   0.66961
       958   0.67025
       959   0.66898
       960   0.66898
       961   0.66898
       962   0.66898
       963   0.66898
       964   0.66772
       965   0.66835
       966   0.66835
       967   0.66772
       968   0.66772
       969   0.66709
       970   0.66709
       971   0.66709
       972   0.66646
       973   0.66646
       974   0.66709
       975   0.66582
       976   0.66582
       977   0.66582
       978   0.66519
       979   0.66582
       980   0.66582
       981   0.66456
       982   0.66456
       983   0.66456
       984   0.66519
       985   0.66456
       986   0.66456
       987   0.66456
       988   0.66456
       989   0.66456
       990   0.66330
       991   0.66393
       992   0.66393
       993   0.66393
       994   0.66393
       995   0.66393
       996   0.66393
       997   0.66330
       998   0.66330
       999   0.66330
      1000   0.66393
      1001   0.66393
      1002   0.66393
      1003   0.66393
      1004   0.66393
      1005   0.66456
      1006   0.66519
      1007   0.66519
      1008   0.66519
      1009   0.66519
      1010   0.66519
      1011   0.66519
      1012   0.66582
      1013   0.66709
      1014   0.66709
      1015   0.66709
      1016   0.66709
      1017   0.66835
      1018   0.66835
      1019   0.66835
      1020   0.66961
      1021   0.66961
      1022   0.67025
      1023   0.67088
      1024   0.67151
      1025   0.67214
      1026   0.67277
      1027   0.67340
      1028   0.67404
      1029   0.67467
      1030   0.67530
      1031   0.67656
      1032   0.67783
      1033   0.67783
      1034   0.67909
      1035   0.68035
      1036   0.68162
      1037   0.68225
      1038   0.68351
      1039   0.68478
      1040   0.68604
      1041   0.68793
      1042   0.68920
      1043   0.69109
      1044   0.69299
      1045   0.69425
      1046   0.69678
      1047   0.69931
      1048   0.70120
      1049   0.70373
      1050   0.70689
      1051   0.71004
      1052   0.71447
      1053   0.72142
      1054   0.73026
      1055   0.73026
      1056   0.73026
      1057   0.73026
      1058   0.73026
      1059   0.73026
      1060   0.73026
      1061   0.72963
      1062   0.72963
      1063   0.72963
      1064   0.72963
      1065   0.72963
      1066   0.72963
      1067   0.72963
      1068   0.72900
      1069   0.72900
      1070   0.72900
      1071   0.72900
      1072   0.72900
      1073   0.72836
      1074   0.72836
      1075   0.72836
      1076   0.72836
      1077   0.72773
      1078   0.72773
      1079   0.72773
      1080   0.72773
      1081   0.72710
      1082   0.72710
      1083   0.72710
      1084   0.72710
      1085   0.72647
      1086   0.72647
      1087   0.72647
      1088   0.72584
      1089   0.72584
      1090   0.72521
      1091   0.72521
      1092   0.72521
      1093   0.72457
      1094   0.72457
      1095   0.72394
      1096   0.72394
      1097   0.72331
      1098   0.72331
      1099   0.72268
      1100   0.72268
      1101   0.72205
      1102   0.72205
      1103   0.72142
      1104   0.72142
      1105   0.72078
      1106   0.72078
      1107   0.72015
      1108   0.71952
      1109   0.71952
      1110   0.71889
      1111   0.71826
      1112   0.71762
      1113   0.71762
      1114   0.71699
      1115   0.71636
      1116   0.71573
      1117   0.71510
      1118   0.71510
      1119   0.71447
      1120   0.71383
      1121   0.71320
      1122   0.71257
      1123   0.71194
      1124   0.71131
      1125   0.70941
      1126   0.70752
      1127   0.70499
      1128   0.70246
      1129   0.70057
      1130   0.69804
      1131   0.69615
      1132   0.69299
      1133   0.69109
      1134   0.68793
      1135   0.68541
      1136   0.68288
      1137   0.68035
      1138   0.67656
      1139   0.67404
      1140   0.67088
      1141   0.66835
      1142   0.66456
      1143   0.66140
      1144   0.65824
      1145   0.65445
      1146   0.65066
      1147   0.64814
      1148   0.64561
      1149   0.64308
      1150   0.64056
      1151   0.63740
      1152   0.63424
      1153   0.63045
      1154   0.62792
      1155   0.62350
      1156   0.61971
      1157   0.61466
      1158   0.61087
      1159   0.60897
      1160   0.60708
      1161   0.60455
      1162   0.60328
      1163   0.60076
      1164   0.59823
      1165   0.59570
      1166   0.59318
      1167   0.59002
      1168   0.58749
      1169   0.58370
      1170   0.58054
      1171   0.57738
      1172   0.57423
      1173   0.57044
      1174   0.56601
      1175   0.56222
      1176   0.56475
      1177   0.56665
      1178   0.56854
      1179   0.56980
      1180   0.57233
      1181   0.57359
      1182   0.57486
      1183   0.57612
      1184   0.57802
      1185   0.57865
      1186   0.57991
      1187   0.58054
      1188   0.58181
      1189   0.58244
      1190   0.58370
      1191   0.58497
      1192   0.58560
      1193   0.58623
      1194   0.58686
      1195   0.58749
      1196   0.58812
      1197   0.58876
      1198   0.58876
      1199   0.58939
      1200   0.59002
      1201   0.59065
      1202   0.59128
      1203   0.59128
      1204   0.59191
      1205   0.59255
      1206   0.59255
      1207   0.59318
      1208   0.59318
      1209   0.59381
      1210   0.59381
      1211   0.59444
      1212   0.59444
      1213   0.59507
      1214   0.59507
      1215   0.59570
      1216   0.59570
      1217   0.59634
      1218   0.59634
      1219   0.59697
      1220   0.59697
      1221   0.59697
      1222   0.59760
      1223   0.59760
      1224   0.59760
      1225   0.59823
      1226   0.59760
      1227   0.59634
      1228   0.59634
      1229   0.59507
      1230   0.59381
      1231   0.59318
      1232   0.59255
      1233   0.59128
      1234   0.59128
      1235   0.59002
      1236   0.58939
      1237   0.58876
      1238   0.58812
      1239   0.58749
      1240   0.58623
      1241   0.58560
      1242   0.58497
      1243   0.58433
      1244   0.58244
      1245   0.58181
      1246   0.58117
      1247   0.58054
      1248   0.57991
      1249   0.57865
      1250   0.57802
      1251   0.57675
      1252   0.57675
      1253   0.57549
      1254   0.57486
      1255   0.57423
      1256   0.57296
      1257   0.57296
      1258   0.57107
      1259   0.57044
      1260   0.56980
      1261   0.56917
      1262   0.56917
      1263   0.56791
      1264   0.56728
      1265   0.56665
      1266   0.56538
      1267   0.56538
      1268   0.56412
      1269   0.56349
      1270   0.56349
      1271   0.56222
      1272   0.56159
      1273   0.56096
      1274   0.55970
      1275   0.55970
      1276   0.55843
      1277   0.55780
      1278   0.55717
      1279   0.55717
      1280   0.55654
      1281   0.55527
      1282   0.55527
      1283   0.55464
      1284   0.55401
      1285   0.55401
      1286   0.55338
      1287   0.55212
      1288   0.55212
      1289   0.55148
      1290   0.55148
      1291   0.55085
      1292   0.55085
      1293   0.54959
      1294   0.54959
      1295   0.54959
      1296   0.54896
      1297   0.54833
      1298   0.54833
      1299   0.54706
      1300   0.54769
      1301   0.54769
      1302   0.54706
      1303   0.54643
      1304   0.55843
      1305   0.56412
      1306   0.56791
      1307   0.57107
      1308   0.57423
      1309   0.57675
      1310   0.57991
      1311   0.58181
      1312   0.58433
      1313   0.59570
      1314   0.60455
      1315   0.61276
      1316   0.61845
      1317   0.62350
      1318   0.62919
      1319   0.63487
      1320   0.63613
      1321   0.63677
      1322   0.63866
      1323   0.64056
      1324   0.64245
      1325   0.64371
      1326   0.64435
      1327   0.64561
      1328   0.64750
      1329   0.64877
      1330   0.65003
      1331   0.65193
      1332   0.65256
      1333   0.65319
      1334   0.65445
      1335   0.65572
      1336   0.65698
      1337   0.65824
      1338   0.65888
      1339   0.66077
      1340   0.66203
      1341   0.66203
      1342   0.66330
      1343   0.66456
      1344   0.66582
      1345   0.66772
      1346   0.66835
      1347   0.66898
      1348   0.66961
      1349   0.67151
      1350   0.67214
      1351   0.67404
      1352   0.67404
      1353   0.67593
      1354   0.67656
      1355   0.67656
      1356   0.67909
      1357   0.67972
      1358   0.68099
      1359   0.68225
      1360   0.68288
      1361   0.68478
      1362   0.68604
      1363   0.68604
      1364   0.68604
      1365   0.68920
      1366   0.68983
      1367   0.68983
      1368   0.69172
      1369   0.69362
      1370   0.69362
      1371   0.69551
      1372   0.69615
      1373   0.69804
      1374   0.69931
      1375   0.69994
      1376   0.70120
      1377   0.70183
      1378   0.70246
      1379   0.70373
      1380   0.70499
      1381   0.70625
      1382   0.70815
      1383   0.70878
      1384   0.71004
      1385   0.71131
      1386   0.71194
      1387   0.71320
      1388   0.71447
      1389   0.71573
      1390   0.71699
      1391   0.71826
      1392   0.71889
      1393   0.72015
      1394   0.72142
      1395   0.72331
      1396   0.72457
      1397   0.72647
      1398   0.73089
      1399   0.73279
      1400   0.73468
      1401   0.73784
      1402   0.73847
      1403   0.74100
      1404   0.74226
      1405   0.74479
      1406   0.74668
      1407   0.74858
      1408   0.75047
      1409   0.75174
      1410   0.75363
      1411   0.75490
      1412   0.75679
      1413   0.75869
      1414   0.75932
      1415   0.75932
      1416   0.75932
      1417   0.75932
      1418   0.75995
      1419   0.75995
      1420   0.75995
      1421   0.75995
      1422   0.75995
      1423   0.76058
      1424   0.76058
      1425   0.75995
      1426   0.76058
      1427   0.76058
      1428   0.76058
      1429   0.76058
      1430   0.76058
      1431   0.76121
      1432   0.76058
      1433   0.76121
      1434   0.76184
      1435   0.76121
      1436   0.76184
      1437   0.76121
      1438   0.76121
      1439   0.76184
      1440   0.76121
      1441   0.76058
      1442   0.76121
      1443   0.76058
      1444   0.75995
      1445   0.75995
      1446   0.75932
      1447   0.75805
      1448   0.75869
      1449   0.75805
      1450   0.75805
      1451   0.75742
      1452   0.75679
      1453   0.75742
      1454   0.75679
      1455   0.75616
      1456   0.75490
      1457   0.75426
      1458   0.75426
      1459   0.75300
      1460   0.75300
      1461   0.75174
      1462   0.75174
      1463   0.75111
      1464   0.74921
      1465   0.74858
      1466   0.74795
      1467   0.74732
      1468   0.74605
      1469   0.74479
      1470   0.74479
      1471   0.74352
      1472   0.74226
      1473   0.74226
      1474   0.74037
      1475   0.73847
      1476   0.73784
      1477   0.73721
      1478   0.73594
      1479   0.73279
      1480   0.73215
      1481   0.73089
      1482   0.72900
      1483   0.72647
      1484   0.72584
      1485   0.72331
      1486   0.70878
      1487   0.68983
      1488   0.67593
      1489   0.66519
      1490   0.65635
      1491   0.64498
      1492   0.63487
      1493   0.62160
      1494   0.60392
      1495   0.60013
      1496   0.59507
      1497   0.59002
      1498   0.58433
      1499   0.57928
      1500   0.57296
      1501   0.56854
      1502   0.56286
      1503   0.55717
      1504   0.55148
      1505   0.54517
      1506   0.54011
      1507   0.53380
      1508   0.52874
      1509   0.52369
      1510   0.51800
      1511   0.51295
      1512   0.50726
      1513   0.50284
      1514   0.49842
      1515   0.49400
      1516   0.48831
      1517   0.48389
      1518   0.47947
      1519   0.47442
      1520   0.47063
      1521   0.46620
      1522   0.46115
      1523   0.45736
      1524   0.45357
      1525   0.44915
      1526   0.44473
      1527   0.44093
      1528   0.43651
      1529   0.43335
      1530   0.42893
      1531   0.42451
      1532   0.42135
      1533   0.41756
      1534   0.41377
      1535   0.40935
      1536   0.40556
      1537   0.40177
      1538   0.39735
      1539   0.39419
      1540   0.38977
      1541   0.38534
      1542   0.38155
      1543   0.37776
      1544   0.37334
      1545   0.36829
      1546   0.36576
      1547   0.36639
      1548   0.36639
      1549   0.36766
      1550   0.36829
      1551   0.36829
      1552   0.36955
      1553   0.37018
      1554   0.37018
      1555   0.37145
      1556   0.37208
      1557   0.37208
      1558   0.37334
      1559   0.37397
      1560   0.37397
      1561   0.37524
      1562   0.37524
      1563   0.37587
      1564   0.37587
      1565   0.37650
      1566   0.37713
      1567   0.37713
      1568   0.37776
      1569   0.37840
      1570   0.37840
      1571   0.37903
      1572   0.37840
      1573   0.37903
      1574   0.37966
      1575   0.37966
      1576   0.37966
      1577   0.38092
      1578   0.38092
      1579   0.38092
      1580   0.37966
      1581   0.38155
      1582   0.38092
      1583   0.38092
