         1   0.22047
         2   0.22047
         3   0.22110
         4   0.22110
         5   0.22110
         6   0.22173
         7   0.22173
         8   0.22173
         9   0.22173
        10   0.22236
        11   0.22236
        12   0.22236
        13   0.22236
        14   0.22299
        15   0.22299
        16   0.22299
        17   0.22299
        18   0.22363
        19   0.22363
        20   0.22363
        21   0.22363
        22   0.22426
        23   0.22426
        24   0.22426
        25   0.22426
        26   0.22426
        27   0.22489
        28   0.22489
        29   0.22489
        30   0.22489
        31   0.22489
        32   0.22552
        33   0.22552
        34   0.22552
        35   0.22552
        36   0.22552
        37   0.22552
        38   0.22615
        39   0.22615
        40   0.22615
        41   0.22615
        42   0.22615
        43   0.22615
        44   0.22615
        45   0.22678
        46   0.22678
        47   0.22678
        48   0.22678
        49   0.22678
        50   0.22678
        51   0.22678
        52   0.22678
        53   0.22678
        54   0.22678
        55   0.22742
        56   0.22742
        57   0.22742
        58   0.22742
        59   0.22742
        60   0.22742
        61   0.22742
        62   0.22742
        63   0.23310
        64   0.24068
        65   0.24510
        66   0.24889
        67   0.25205
        68   0.25458
        69   0.25711
        70   0.25900
        71   0.26153
        72   0.26342
        73   0.26469
        74   0.26658
        75   0.26785
        76   0.26974
        77   0.27100
        78   0.27227
        79   0.27416
        80   0.27543
        81   0.27606
        82   0.27732
        83   0.27858
        84   0.27922
        85   0.28048
        86   0.28174
        87   0.28238
        88   0.28364
        89   0.28427
        90   0.28553
        91   0.28617
        92   0.28680
        93   0.28743
        94   0.28869
        95   0.28932
        96   0.28996
        97   0.29059
        98   0.29059
        99   0.29185
       100   0.29185
       101   0.29564
       102   0.29817
       103   0.30133
       104   0.30385
       105   0.30638
       106   0.30891
       107   0.31143
       108   0.31333
       109   0.31649
       110   0.31838
       111   0.32091
       112   0.32344
       113   0.32533
       114   0.32723
       115   0.32975
       116   0.33228
       117   0.33418
       118   0.33607
       119   0.33860
       120   0.34049
       121   0.34239
       122   0.34428
       123   0.34618
       124   0.34807
       125   0.35060
       126   0.35250
       127   0.35439
       128   0.35629
       129   0.35818
       130   0.36071
       131   0.36387
       132   0.36766
       133   0.37018
       134   0.37334
       135   0.37650
       136   0.37966
       137   0.38282
       138   0.38598
       139   0.38850
       140   0.39103
       141   0.39356
       142   0.39672
       143   0.39924
       144   0.40240
       145   0.40366
       146   0.40619
       147   0.40935
       148   0.41188
       149   0.41440
       150   0.41630
       151   0.41819
       152   0.42072
       153   0.42325
       154   0.42514
       155   0.42767
       156   0.42956
       157   0.43209
       158   0.43399
       159   0.43651
       160   0.43841
       161   0.45799
       162   0.47189
       163   0.48263
       164   0.49021
       165   0.49842
       166   0.50600
       167   0.51232
       168   0.51864
       169   0.52432
       170   0.53001
       171   0.53506
       172   0.54138
       173   0.54580
       174   0.55022
       175   0.55527
       176   0.55970
       177   0.56475
       178   0.56854
       179   0.57423
       180   0.57675
       181   0.58181
       182   0.58560
       183   0.58939
       184   0.59381
       185   0.59760
       186   0.60139
       187   0.60455
       188   0.60834
       189   0.61213
       190   0.61592
       191   0.61908
       192   0.62287
       193   0.62603
       194   0.62855
       195   0.63361
       196   0.63550
       197   0.63929
       198   0.64245
       199   0.64561
       200   0.64877
       201   0.65130
       202   0.65509
       203   0.65824
       204   0.66140
       205   0.66393
       206   0.66646
       207   0.66898
       208   0.67088
       209   0.67277
       210   0.67340
       211   0.67530
       212   0.67720
       213   0.67909
       214   0.68035
       215   0.68288
       216   0.68351
       217   0.68541
       218   0.68667
       219   0.68857
       220   0.68983
       221   0.69172
       222   0.69299
       223   0.69425
       224   0.69551
       225   0.69741
       226   0.69931
       227   0.69994
       228   0.70183
       229   0.70310
       230   0.70436
       231   0.70562
       232   0.70625
       233   0.70815
       234   0.70941
       235   0.71068
       236   0.71194
       237   0.71383
       238   0.71447
       239   0.71573
       240   0.71699
       241   0.71826
       242   0.71952
       243   0.72078
       244   0.72142
       245   0.72331
       246   0.72394
       247   0.72584
       248   0.72710
       249   0.72773
       250   0.72963
       251   0.73026
       252   0.73152
       253   0.73279
       254   0.73342
       255   0.73531
       256   0.73531
       257   0.73658
       258   0.73784
       259   0.73910
       260   0.73973
       261   0.74163
       262   0.74226
       263   0.74226
       264   0.75553
       265   0.76437
       266   0.77132
       267   0.77764
       268   0.78332
       269   0.78774
       270   0.79217
       271   0.79722
       272   0.80164
       273   0.80480
       274   0.80922
       275   0.81364
       276   0.81807
       277   0.82249
       278   0.82565
       279   0.83070
       280   0.83512
       281   0.83828
       282   0.84334
       283   0.84776
       284   0.85155
       285   0.85786
       286   0.86166
       287   0.86608
       288   0.87176
       289   0.87555
       290   0.88061
       291   0.88566
       292   0.89008
       293   0.89387
       294   0.89766
       295   0.90208
       296   0.90524
       297   0.90840
       298   0.91219
       299   0.91409
       300   0.91851
       301   0.92356
       302   0.92798
       303   0.93241
       304   0.93557
       305   0.93999
       306   0.94378
       307   0.94694
       308   0.94946
       309   0.95325
       310   0.95641
       311   0.95704
       312   0.95831
       313   0.95957
       314   0.96083
       315   0.96147
       316   0.96210
       317   0.96399
       318   0.96462
       319   0.96526
       320   0.96589
       321   0.96715
       322   0.96778
       323   0.96841
       324   0.96905
       325   0.97031
       326   0.97094
       327   0.97094
       328   0.97157
       329   0.97220
       330   0.97347
       331   0.97410
       332   0.97410
       333   0.97473
       334   0.97599
       335   0.97599
       336   0.97663
       337   0.97726
       338   0.97726
       339   0.97852
       340   0.97852
       341   0.97915
       342   0.97915
       343   0.98042
       344   0.98042
       345   0.98105
       346   0.98105
       347   0.98168
       348   0.98231
       349   0.98294
       350   0.98294
       351   0.98231
       352   0.98042
       353   0.97852
       354   0.97663
       355   0.97410
       356   0.97220
       357   0.96905
       358   0.96589
       359   0.96336
       360   0.95894
       361   0.95136
       362   0.92356
       363   0.92293
       364   0.92230
       365   0.92293
       366   0.92230
       367   0.92167
       368   0.92167
       369   0.92104
       370   0.92040
       371   0.91977
       372   0.92040
       373   0.91977
       374   0.91914
       375   0.91851
       376   0.91851
       377   0.91788
       378   0.91725
       379   0.91725
       380   0.91725
       381   0.91661
       382   0.91598
       383   0.91535
       384   0.91472
       385   0.91472
       386   0.91409
       387   0.91409
       388   0.91346
       389   0.91282
       390   0.91346
       391   0.91409
       392   0.91472
       393   0.91598
       394   0.91598
       395   0.91661
       396   0.91661
       397   0.91661
       398   0.91661
       399   0.91598
       400   0.91598
       401   0.91598
       402   0.91535
       403   0.91535
       404   0.91535
       405   0.91472
       406   0.91472
       407   0.91472
       408   0.91409
       409   0.91409
       410   0.91409
       411   0.91346
       412   0.91346
       413   0.91346
       414   0.91282
       415   0.91282
       416   0.91282
       417   0.91219
       418   0.91219
       419   0.91156
       420   0.91156
       421   0.91156
       422   0.91093
       423   0.91093
       424   0.91030
       425   0.91030
       426   0.91030
       427   0.90967
       428   0.90967
       429   0.90903
       430   0.90903
       431   0.90903
       432   0.90840
       433   0.90840
       434   0.90777
       435   0.90777
       436   0.90714
       437   0.90714
       438   0.90714
       439   0.90651
       440   0.90651
       441   0.90587
       442   0.90587
       443   0.90524
       444   0.90524
       445   0.90461
       446   0.90461
       447   0.90398
       448   0.90398
       449   0.90335
       450   0.90335
       451   0.90272
       452   0.90272
       453   0.90208
       454   0.90208
       455   0.90145
       456   0.90145
       457   0.90082
       458   0.90082
       459   0.90019
       460   0.90019
       461   0.89956
       462   0.89956
       463   0.89893
       464   0.89893
       465   0.89829
       466   0.89829
       467   0.89766
       468   0.89703
       469   0.89703
       470   0.89640
       471   0.89640
       472   0.89577
       473   0.89577
       474   0.89514
       475   0.89450
       476   0.89450
       477   0.89387
       478   0.89387
       479   0.89324
       480   0.89261
       481   0.89261
       482   0.89198
       483   0.89135
       484   0.89135
       485   0.89071
       486   0.89071
       487   0.89008
       488   0.88945
       489   0.88945
       490   0.88882
       491   0.88819
       492   0.88819
       493   0.88756
       494   0.88692
       495   0.88692
       496   0.88629
       497   0.88566
       498   0.88566
       499   0.88503
       500   0.88440
       501   0.88440
       502   0.88377
       503   0.88313
       504   0.88250
       505   0.88250
       506   0.88187
       507   0.88124
       508   0.88061
       509   0.88061
       510   0.87997
       511   0.87934
       512   0.87871
       513   0.87871
       514   0.87808
       515   0.87745
       516   0.87682
       517   0.87682
       518   0.87618
       519   0.87555
       520   0.87492
       521   0.87429
       522   0.87429
       523   0.87366
       524   0.87303
       525   0.87239
       526   0.87176
       527   0.87176
       528   0.87113
       529   0.87050
       530   0.86987
       531   0.86924
       532   0.87050
       533   0.87176
       534   0.87239
       535   0.87366
       536   0.87492
       537   0.87555
       538   0.87682
       539   0.87808
       540   0.87871
       541   0.87997
       542   0.88124
       543   0.88187
       544   0.88313
       545   0.88377
       546   0.88503
       547   0.88566
       548   0.88692
       549   0.88756
       550   0.88882
       551   0.88945
       552   0.89071
       553   0.89135
       554   0.89261
       555   0.89324
       556   0.89450
       557   0.89514
       558   0.89577
       559   0.89703
       560   0.89766
       561   0.89829
       562   0.89956
       563   0.90019
       564   0.90082
       565   0.90208
       566   0.90272
       567   0.90335
       568   0.90398
       569   0.90524
       570   0.90587
       571   0.90651
       572   0.90714
       573   0.90777
       574   0.90903
       575   0.90967
       576   0.91030
       577   0.91093
       578   0.91156
       579   0.91219
       580   0.91282
       581   0.91346
       582   0.91409
       583   0.91472
       584   0.91535
       585   0.91661
       586   0.91725
       587   0.91788
       588   0.91851
       589   0.91851
       590   0.91914
       591   0.91977
       592   0.92040
       593   0.92104
       594   0.92167
       595   0.92230
       596   0.92293
       597   0.92356
       598   0.92419
       599   0.92483
       600   0.92483
       601   0.92546
       602   0.92609
       603   0.92672
       604   0.92735
       605   0.92735
       606   0.92798
       607   0.92862
       608   0.92925
       609   0.92988
       610   0.92988
       611   0.93051
       612   0.93114
       613   0.93114
       614   0.93178
       615   0.93241
       616   0.93241
       617   0.93304
       618   0.93367
       619   0.93367
       620   0.93430
       621   0.93493
       622   0.93493
       623   0.93557
       624   0.93557
       625   0.93620
       626   0.93620
       627   0.93746
       628   0.93936
       629   0.94062
       630   0.94188
       631   0.94315
       632   0.94441
       633   0.94567
       634   0.94630
       635   0.94757
       636   0.94820
       637   0.94946
       638   0.95009
       639   0.95073
       640   0.95136
       641   0.95199
       642   0.95262
       643   0.95325
       644   0.95389
       645   0.95452
       646   0.95515
       647   0.95515
       648   0.95578
       649   0.95641
       650   0.95641
       651   0.95704
       652   0.95704
       653   0.95768
       654   0.95768
       655   0.95831
       656   0.95831
       657   0.95831
       658   0.95894
       659   0.95894
       660   0.95894
       661   0.95957
       662   0.95957
       663   0.95957
       664   0.95957
       665   0.95957
       666   0.95957
       667   0.96020
       668   0.96020
       669   0.96020
       670   0.96020
       671   0.96020
       672   0.96020
       673   0.96020
       674   0.96020
       675   0.96020
       676   0.95957
       677   0.95957
       678   0.95957
       679   0.95957
       680   0.95957
       681   0.95957
       682   0.95894
       683   0.95894
       684   0.95894
       685   0.95894
       686   0.95831
       687   0.95831
       688   0.95831
       689   0.95768
       690   0.95768
       691   0.95768
       692   0.95704
       693   0.95704
       694   0.95641
       695   0.95641
       696   0.95578
       697   0.95578
       698   0.95515
       699   0.95515
       700   0.95452
       701   0.95452
       702   0.95389
       703   0.95325
       704   0.95325
       705   0.95262
       706   0.95199
       707   0.95199
       708   0.95136
       709   0.95073
       710   0.95009
       711   0.95009
       712   0.94946
       713   0.94883
       714   0.94820
       715   0.94757
       716   0.94694
       717   0.94630
       718   0.94567
       719   0.94504
       720   0.94441
       721   0.94378
       722   0.94315
       723   0.94251
       724   0.94125
       725   0.94062
       726   0.93999
       727   0.93872
       728   0.93809
       729   0.93746
       730   0.93620
       731   0.93620
       732   0.93620
       733   0.93557
       734   0.93493
       735   0.93493
       736   0.93430
       737   0.93430
       738   0.93367
       739   0.93304
       740   0.93304
       741   0.93241
       742   0.93178
       743   0.93114
       744   0.93114
       745   0.93051
       746   0.92988
       747   0.92925
       748   0.92925
       749   0.92862
       750   0.92798
       751   0.92735
       752   0.92672
       753   0.92672
       754   0.92609
       755   0.92546
       756   0.92483
       757   0.92419
       758   0.92356
       759   0.92293
       760   0.92230
       761   0.92167
       762   0.92104
       763   0.92104
       764   0.92040
       765   0.91977
       766   0.91914
       767   0.91788
       768   0.91725
       769   0.91661
       770   0.91598
       771   0.91535
       772   0.91472
       773   0.91409
       774   0.91346
       775   0.91282
       776   0.91219
       777   0.91093
       778   0.91030
       779   0.90967
       780   0.90903
       781   0.90777
       782   0.90714
       783   0.90651
       784   0.90587
       785   0.90461
       786   0.90398
       787   0.90335
       788   0.90208
       789   0.90145
       790   0.90082
       791   0.89956
       792   0.89893
       793   0.89766
       794   0.89703
       795   0.89577
       796   0.89514
       797   0.89387
       798   0.89324
       799   0.89198
       800   0.89135
       801   0.89008
       802   0.88882
       803   0.88819
       804   0.88692
       805   0.88566
       806   0.88503
       807   0.88377
       808   0.88250
       809   0.88124
       810   0.88061
       811   0.87934
       812   0.87808
       813   0.87682
       814   0.87555
       815   0.87429
       816   0.87303
       817   0.87239
       818   0.87113
       819   0.86987
       820   0.86860
       821   0.86671
       822   0.86545
       823   0.86418
       824   0.86292
       825   0.86166
       826   0.86039
       827   0.85913
       828   0.85723
       829   0.85597
       830   0.85471
       831   0.85281
       832   0.85155
       833   0.85028
       834   0.84839
       835   0.84713
       836   0.84523
       837   0.84397
       838   0.84207
       839   0.84018
       840   0.83891
       841   0.83702
       842   0.83512
       843   0.83323
       844   0.83133
       845   0.83007
       846   0.82817
       847   0.82628
       848   0.82375
       849   0.82186
       850   0.81996
       851   0.81807
       852   0.81617
       853   0.81364
       854   0.81175
       855   0.80922
       856   0.80733
       857   0.80480
       858   0.80227
       859   0.79975
       860   0.79722
       861   0.79469
       862   0.79154
       863   0.78901
       864   0.78585
       865   0.78332
       866   0.78016
       867   0.77637
       868   0.77322
       869   0.76943
       870   0.76500
       871   0.76058
       872   0.75553
       873   0.75363
       874   0.75237
       875   0.75174
       876   0.75047
       877   0.75047
       878   0.75174
       879   0.75237
       880   0.75300
       881   0.75363
       882   0.75679
       883   0.75995
       884   0.76248
       885   0.76500
       886   0.76753
       887   0.76943
       888   0.77195
       889   0.77322
       890   0.77511
       891   0.77701
       892   0.77827
       893   0.77953
       894   0.78080
       895   0.78206
       896   0.78332
       897   0.78459
       898   0.78585
       899   0.78711
       900   0.78774
       901   0.78901
       902   0.78964
       903   0.79090
       904   0.79154
       905   0.79217
       906   0.79280
       907   0.79406
       908   0.79469
       909   0.79533
       910   0.79596
       911   0.79659
       912   0.79722
       913   0.79785
       914   0.79848
       915   0.79912
       916   0.79975
       917   0.79975
       918   0.80038
       919   0.80101
       920   0.80164
       921   0.80164
       922   0.80227
       923   0.80291
       924   0.80291
       925   0.80354
       926   0.80417
       927   0.80417
       928   0.80480
       929   0.80480
       930   0.80543
       931   0.80606
       932   0.80606
       933   0.80670
       934   0.80670
       935   0.80670
       936   0.80733
       937   0.80733
       938   0.80796
       939   0.80796
       940   0.80859
       941   0.80859
       942   0.80859
       943   0.80922
       944   0.80922
       945   0.80985
       946   0.80985
       947   0.80985
       948   0.81049
       949   0.81049
       950   0.81049
       951   0.81049
       952   0.81112
       953   0.81112
       954   0.81112
       955   0.81175
       956   0.81175
       957   0.81175
       958   0.81175
       959   0.81238
       960   0.81238
       961   0.81238
       962   0.81238
       963   0.81301
       964   0.81301
       965   0.81301
       966   0.81301
       967   0.81301
       968   0.81364
       969   0.81364
       970   0.81364
       971   0.81364
       972   0.81364
       973   0.81428
       974   0.81428
       975   0.81428
       976   0.81428
       977   0.81428
       978   0.81491
       979   0.81491
       980   0.81491
       981   0.81491
       982   0.81491
       983   0.81491
       984   0.81554
       985   0.81554
       986   0.81554
       987   0.81554
       988   0.81554
       989   0.81554
       990   0.81617
       991   0.81617
       992   0.81617
       993   0.81617
       994   0.81617
       995   0.81617
       996   0.81680
       997   0.81680
       998   0.81680
       999   0.81680
      1000   0.81680
      1001   0.81680
      1002   0.81680
      1003   0.81744
      1004   0.81744
      1005   0.81744
      1006   0.81744
      1007   0.81744
      1008   0.81744
      1009   0.81807
      1010   0.81807
      1011   0.81807
      1012   0.81807
      1013   0.81807
      1014   0.81807
      1015   0.81870
      1016   0.81870
      1017   0.81870
      1018   0.81870
      1019   0.81870
      1020   0.81870
      1021   0.81933
      1022   0.81933
      1023   0.81933
      1024   0.81933
      1025   0.81933
      1026   0.81996
      1027   0.81996
      1028   0.81996
      1029   0.81996
      1030   0.81996
      1031   0.81996
      1032   0.82059
      1033   0.82059
      1034   0.82059
      1035   0.82059
      1036   0.82059
      1037   0.82123
      1038   0.82123
      1039   0.82123
      1040   0.82123
      1041   0.82123
      1042   0.82186
      1043   0.82186
      1044   0.82186
      1045   0.82186
      1046   0.82186
      1047   0.82249
      1048   0.82249
      1049   0.82249
      1050   0.82249
      1051   0.82312
      1052   0.82312
      1053   0.82312
      1054   0.82312
      1055   0.82312
      1056   0.82375
      1057   0.82375
      1058   0.82375
      1059   0.82375
      1060   0.82438
      1061   0.82438
      1062   0.82438
      1063   0.82438
      1064   0.82502
      1065   0.82502
      1066   0.82502
      1067   0.82502
      1068   0.82502
      1069   0.82565
      1070   0.82565
      1071   0.82565
      1072   0.82565
      1073   0.82628
      1074   0.82628
      1075   0.82628
      1076   0.82628
      1077   0.82691
      1078   0.82691
      1079   0.82691
      1080   0.82691
      1081   0.82754
      1082   0.82754
      1083   0.82754
      1084   0.82754
      1085   0.82817
      1086   0.82817
      1087   0.82817
      1088   0.82817
      1089   0.82881
      1090   0.82881
      1091   0.82881
      1092   0.82881
      1093   0.82944
      1094   0.82944
      1095   0.82944
      1096   0.82944
      1097   0.83007
      1098   0.83007
      1099   0.83007
      1100   0.83007
      1101   0.83007
      1102   0.83070
      1103   0.83070
      1104   0.83070
      1105   0.83070
      1106   0.83133
      1107   0.83133
      1108   0.83133
      1109   0.83133
      1110   0.83133
      1111   0.83133
      1112   0.83196
      1113   0.83196
      1114   0.83196
      1115   0.83196
      1116   0.83196
      1117   0.83260
      1118   0.83260
      1119   0.83260
      1120   0.83260
      1121   0.83260
      1122   0.83260
      1123   0.83260
      1124   0.83260
      1125   0.83323
      1126   0.83323
      1127   0.83323
      1128   0.83323
      1129   0.83323
      1130   0.83323
      1131   0.83323
      1132   0.83323
      1133   0.83323
      1134   0.83323
      1135   0.83323
      1136   0.83323
      1137   0.83323
      1138   0.83323
      1139   0.83323
      1140   0.83323
      1141   0.83323
      1142   0.83323
      1143   0.83260
      1144   0.83260
      1145   0.83260
      1146   0.83260
      1147   0.83260
      1148   0.83196
      1149   0.83196
      1150   0.83196
      1151   0.83196
      1152   0.83133
      1153   0.83133
      1154   0.83070
      1155   0.83070
      1156   0.83070
      1157   0.83007
      1158   0.82944
      1159   0.82944
      1160   0.82881
      1161   0.82881
      1162   0.82817
      1163   0.82754
      1164   0.82691
      1165   0.82628
      1166   0.82565
      1167   0.82502
      1168   0.82438
      1169   0.82375
      1170   0.82312
      1171   0.82186
      1172   0.82123
      1173   0.81996
      1174   0.81933
      1175   0.81807
      1176   0.81996
      1177   0.82186
      1178   0.82375
      1179   0.82565
      1180   0.82691
      1181   0.82881
      1182   0.83070
      1183   0.83196
      1184   0.83323
      1185   0.83512
      1186   0.83639
      1187   0.83765
      1188   0.83891
      1189   0.84081
      1190   0.84207
      1191   0.84334
      1192   0.84397
      1193   0.84523
      1194   0.84649
      1195   0.84776
      1196   0.84902
      1197   0.85028
      1198   0.85092
      1199   0.85218
      1200   0.85281
      1201   0.85407
      1202   0.85534
      1203   0.85597
      1204   0.85723
      1205   0.85786
      1206   0.85850
      1207   0.85976
      1208   0.86039
      1209   0.86166
      1210   0.86229
      1211   0.86292
      1212   0.86418
      1213   0.86481
      1214   0.86545
      1215   0.86608
      1216   0.86671
      1217   0.86797
      1218   0.86860
      1219   0.86924
      1220   0.86987
      1221   0.87050
      1222   0.87113
      1223   0.87176
      1224   0.87239
      1225   0.87303
      1226   0.87366
      1227   0.87429
      1228   0.87492
      1229   0.87555
      1230   0.87618
      1231   0.87682
      1232   0.87682
      1233   0.87745
      1234   0.87808
      1235   0.87871
      1236   0.87934
      1237   0.87997
      1238   0.87997
      1239   0.88061
      1240   0.88124
      1241   0.88187
      1242   0.88187
      1243   0.88250
      1244   0.88313
      1245   0.88313
      1246   0.88377
      1247   0.88440
      1248   0.88440
      1249   0.88503
      1250   0.88566
      1251   0.88566
      1252   0.88629
      1253   0.88692
      1254   0.88692
      1255   0.88756
      1256   0.88756
      1257   0.88819
      1258   0.88819
      1259   0.88882
      1260   0.88882
      1261   0.88945
      1262   0.88945
      1263   0.89008
      1264   0.89008
      1265   0.89071
      1266   0.89071
      1267   0.89135
      1268   0.89135
      1269   0.89135
      1270   0.89198
      1271   0.89198
      1272   0.89261
      1273   0.89261
      1274   0.89261
      1275   0.89324
      1276   0.89324
      1277   0.89324
      1278   0.89387
      1279   0.89387
      1280   0.89387
      1281   0.89450
      1282   0.89450
      1283   0.89450
      1284   0.89514
      1285   0.89514
      1286   0.89514
      1287   0.89514
      1288   0.89577
      1289   0.89577
      1290   0.89577
      1291   0.89577
      1292   0.89640
      1293   0.89640
      1294   0.89640
      1295   0.89640
      1296   0.89640
      1297   0.89703
      1298   0.89703
      1299   0.89703
      1300   0.89703
      1301   0.89703
      1302   0.89703
      1303   0.89766
      1304   0.89766
      1305   0.89766
      1306   0.89766
      1307   0.89766
      1308   0.89766
      1309   0.89766
      1310   0.89766
      1311   0.89766
      1312   0.89829
      1313   0.89829
      1314   0.89829
      1315   0.89829
      1316   0.89829
      1317   0.89829
      1318   0.89829
      1319   0.89829
      1320   0.89829
      1321   0.89829
      1322   0.89829
      1323   0.89829
      1324   0.89829
      1325   0.89829
      1326   0.89829
      1327   0.89829
      1328   0.89829
      1329   0.89829
      1330   0.89829
      1331   0.89829
      1332   0.89829
      1333   0.89829
      1334   0.89829
      1335   0.89829
      1336   0.89829
      1337   0.89829
      1338   0.89829
      1339   0.89829
      1340   0.89766
      1341   0.89766
      1342   0.89766
      1343   0.89766
      1344   0.89766
      1345   0.89766
      1346   0.89766
      1347   0.89766
      1348   0.89766
      1349   0.89766
      1350   0.89703
      1351   0.89703
      1352   0.89703
      1353   0.89703
      1354   0.89703
      1355   0.89703
      1356   0.89703
      1357   0.89640
      1358   0.89640
      1359   0.89640
      1360   0.89640
      1361   0.89640
      1362   0.89577
      1363   0.89577
      1364   0.89577
      1365   0.89577
      1366   0.89577
      1367   0.89514
      1368   0.89514
      1369   0.89514
      1370   0.89514
      1371   0.89514
      1372   0.89450
      1373   0.89450
      1374   0.89450
      1375   0.89450
      1376   0.89387
      1377   0.89387
      1378   0.89387
      1379   0.89387
      1380   0.89324
      1381   0.89324
      1382   0.89324
      1383   0.89261
      1384   0.89261
      1385   0.89261
      1386   0.89198
      1387   0.89198
      1388   0.89198
      1389   0.89198
      1390   0.89135
      1391   0.89135
      1392   0.89135
      1393   0.89071
      1394   0.89071
      1395   0.89008
      1396   0.89008
      1397   0.89008
      1398   0.88945
      1399   0.88945
      1400   0.88945
      1401   0.88882
      1402   0.88882
      1403   0.88819
      1404   0.88819
      1405   0.88819
      1406   0.88756
      1407   0.88756
      1408   0.88692
      1409   0.88692
      1410   0.88692
      1411   0.88629
      1412   0.88629
      1413   0.88566
      1414   0.88566
      1415   0.88503
      1416   0.88503
      1417   0.88440
      1418   0.88440
      1419   0.88377
      1420   0.88377
      1421   0.88377
      1422   0.88313
      1423   0.88313
      1424   0.88250
      1425   0.88250
      1426   0.88187
      1427   0.88124
      1428   0.88124
      1429   0.88061
      1430   0.88061
      1431   0.87997
      1432   0.87997
      1433   0.87934
      1434   0.87934
      1435   0.87871
      1436   0.87871
      1437   0.87808
      1438   0.87745
      1439   0.87745
      1440   0.87682
      1441   0.87682
      1442   0.87618
      1443   0.87555
      1444   0.87555
      1445   0.87492
      1446   0.87492
      1447   0.87429
      1448   0.87366
      1449   0.87366
      1450   0.87303
      1451   0.87239
      1452   0.87239
      1453   0.87176
      1454   0.87113
      1455   0.87113
      1456   0.87050
      1457   0.86987
      1458   0.86924
      1459   0.86924
      1460   0.86860
      1461   0.86797
      1462   0.86797
      1463   0.86734
      1464   0.86671
      1465   0.86608
      1466   0.86608
      1467   0.86545
      1468   0.86481
      1469   0.86418
      1470   0.86418
      1471   0.86355
      1472   0.86292
      1473   0.86229
      1474   0.86166
      1475   0.86102
      1476   0.86102
      1477   0.86039
      1478   0.85976
      1479   0.85913
      1480   0.85850
      1481   0.85786
      1482   0.85786
      1483   0.85723
      1484   0.85660
      1485   0.85597
      1486   0.85534
      1487   0.85471
      1488   0.85407
      1489   0.85344
      1490   0.85281
      1491   0.85218
      1492   0.85155
      1493   0.85092
      1494   0.85028
      1495   0.84965
      1496   0.84902
      1497   0.84839
      1498   0.84776
      1499   0.84713
      1500   0.84649
      1501   0.84586
      1502   0.84523
      1503   0.84460
      1504   0.84397
      1505   0.84334
      1506   0.84270
      1507   0.84207
      1508   0.84144
      1509   0.84081
      1510   0.84018
      1511   0.83955
      1512   0.83891
      1513   0.83765
      1514   0.83702
      1515   0.83639
      1516   0.83575
      1517   0.83512
      1518   0.83449
      1519   0.83323
      1520   0.83260
      1521   0.83196
      1522   0.83133
      1523   0.83070
      1524   0.82944
      1525   0.82881
      1526   0.82817
      1527   0.82691
      1528   0.82628
      1529   0.82565
      1530   0.82502
      1531   0.82375
      1532   0.82312
      1533   0.82249
      1534   0.82123
      1535   0.82059
      1536   0.81996
      1537   0.81870
      1538   0.81807
      1539   0.81680
      1540   0.81617
      1541   0.81554
      1542   0.81428
      1543   0.81364
      1544   0.81238
      1545   0.81175
      1546   0.81049
      1547   0.81049
      1548   0.81049
      1549   0.80985
      1550   0.80985
      1551   0.80985
      1552   0.80985
      1553   0.80985
      1554   0.80922
      1555   0.80922
      1556   0.80922
      1557   0.80922
      1558   0.80859
      1559   0.80859
      1560   0.80859
      1561   0.80859
      1562   0.80796
      1563   0.80796
      1564   0.80796
      1565   0.80733
      1566   0.80733
      1567   0.80733
      1568   0.80733
      1569   0.80670
      1570   0.80670
      1571   0.80670
      1572   0.80606
      1573   0.80606
      1574   0.80606
      1575   0.80543
      1576   0.80543
      1577   0.80543
      1578   0.80480
      1579   0.80480
      1580   0.80480
      1581   0.80417
      1582   0.80417
      1583   0.80417
