         1   0.02527
         2   0.02590
         3   0.02653
         4   0.02716
         5   0.02780
         6   0.02843
         7   0.02906
         8   0.02969
         9   0.03032
        10   0.03095
        11   0.03159
        12   0.03222
        13   0.03285
        14   0.03348
        15   0.03411
        16   0.03474
        17   0.03538
        18   0.03601
        19   0.03664
        20   0.03727
        21   0.03790
        22   0.03853
        23   0.03917
        24   0.03980
        25   0.04043
        26   0.04106
        27   0.04169
        28   0.04232
        29   0.04296
        30   0.04359
        31   0.04422
        32   0.04485
        33   0.04548
        34   0.04611
        35   0.04675
        36   0.04738
        37   0.04801
        38   0.04864
        39   0.04927
        40   0.04991
        41   0.05054
        42   0.05054
        43   0.05054
        44   0.05054
        45   0.05054
        46   0.05054
        47   0.05054
        48   0.05054
        49   0.05054
        50   0.05054
        51   0.05054
        52   0.05054
        53   0.05054
        54   0.05054
        55   0.05054
        56   0.05054
        57   0.05054
        58   0.05054
        59   0.05054
        60   0.05054
        61   0.05559
        62   0.05812
        63   0.05938
        64   0.06001
        65   0.06064
        66   0.06128
        67   0.06128
        68   0.06191
        69   0.06191
        70   0.06191
        71   0.06191
        72   0.06191
        73   0.06191
        74   0.06191
        75   0.06191
        76   0.06128
        77   0.06128
        78   0.06128
        79   0.06064
        80   0.06064
        81   0.06001
        82   0.06001
        83   0.05938
        84   0.05938
        85   0.05875
        86   0.05812
        87   0.05749
        88   0.05749
        89   0.05685
        90   0.05622
        91   0.05559
        92   0.05496
        93   0.05496
        94   0.05433
        95   0.05370
        96   0.05306
        97   0.05243
        98   0.05180
        99   0.05117
       100   0.05054
       101   0.05054
       102   0.05117
       103   0.05180
       104   0.05243
       105   0.05306
       106   0.05370
       107   0.05433
       108   0.05496
       109   0.05559
       110   0.05559
       111   0.05622
       112   0.05685
       113   0.05749
       114   0.05812
       115   0.05812
       116   0.05875
       117   0.05938
       118   0.05938
       119   0.06001
       120   0.06001
       121   0.06064
       122   0.06064
       123   0.06128
       124   0.06128
       125   0.06128
       126   0.06191
       127   0.06191
       128   0.06191
       129   0.06191
       130   0.06191
       131   0.06191
       132   0.06191
       133   0.06191
       134   0.06128
       135   0.06128
       136   0.06064
       137   0.06001
       138   0.05938
       139   0.05749
       140   0.05496
       141   0.05054
       142   0.05054
       143   0.05054
       144   0.05054
       145   0.05054
       146   0.05054
       147   0.05054
       148   0.05054
       149   0.05054
       150   0.05054
       151   0.05054
       152   0.05054
       153   0.05054
       154   0.05054
       155   0.05054
       156   0.05054
       157   0.05054
       158   0.05054
       159   0.05054
       160   0.05054
       161   0.05054
       162   0.05054
       163   0.05054
       164   0.05054
       165   0.05054
       166   0.05054
       167   0.05054
       168   0.05054
       169   0.05054
       170   0.05054
       171   0.05054
       172   0.05054
       173   0.05054
       174   0.05054
       175   0.05054
       176   0.05054
       177   0.05054
       178   0.05054
       179   0.05054
       180   0.05054
       181   0.05054
       182   0.05054
       183   0.05054
       184   0.05054
       185   0.05054
       186   0.05054
       187   0.05054
       188   0.05054
       189   0.05054
       190   0.05054
       191   0.05054
       192   0.05054
       193   0.05054
       194   0.05054
       195   0.05054
       196   0.05054
       197   0.05054
       198   0.05054
       199   0.05054
       200   0.05054
       201   0.05054
       202   0.05054
       203   0.05054
       204   0.05054
       205   0.05054
       206   0.05054
       207   0.05054
       208   0.05054
       209   0.05054
       210   0.05054
       211   0.05054
       212   0.05054
       213   0.05054
       214   0.05054
       215   0.05054
       216   0.05054
       217   0.05054
       218   0.05054
       219   0.05054
       220   0.05054
       221   0.05054
       222   0.05054
       223   0.05054
       224   0.05054
       225   0.05054
       226   0.05054
       227   0.05054
       228   0.05054
       229   0.05054
       230   0.05054
       231   0.05054
       232   0.05054
       233   0.05054
       234   0.05054
       235   0.05054
       236   0.05054
       237   0.05054
       238   0.05054
       239   0.05054
       240   0.05054
       241   0.05054
       242   0.05054
       243   0.05054
       244   0.05054
       245   0.05054
       246   0.05054
       247   0.05054
       248   0.05054
       249   0.05054
       250   0.05054
       251   0.05054
       252   0.05054
       253   0.05054
       254   0.05054
       255   0.05054
       256   0.05054
       257   0.05054
       258   0.05054
       259   0.05054
       260   0.05054
       261   0.05054
       262   0.05054
       263   0.05054
       264   0.05054
       265   0.05054
       266   0.05054
       267   0.05054
       268   0.05054
       269   0.05054
       270   0.05054
       271   0.05054
       272   0.05054
       273   0.05054
       274   0.05054
       275   0.05054
       276   0.05054
       277   0.05054
       278   0.05054
       279   0.05054
       280   0.05054
       281   0.05054
       282   0.05054
       283   0.05054
       284   0.05054
       285   0.05054
       286   0.05054
       287   0.05054
       288   0.05054
       289   0.05054
       290   0.05054
       291   0.05054
       292   0.05054
       293   0.05054
       294   0.05054
       295   0.05054
       296   0.05054
       297   0.05054
       298   0.05054
       299   0.05054
       300   0.05054
       301   0.05054
       302   0.05054
       303   0.05054
       304   0.05054
       305   0.05054
       306   0.05054
       307   0.05054
       308   0.05054
       309   0.05054
       310   0.05054
       311   0.05054
       312   0.05054
       313   0.05054
       314   0.05054
       315   0.05054
       316   0.05054
       317   0.05054
       318   0.05054
       319   0.05054
       320   0.05054
       321   0.05054
       322   0.05054
       323   0.05054
       324   0.05054
       325   0.05054
       326   0.05054
       327   0.05054
       328   0.05054
       329   0.05054
       330   0.05054
       331   0.05054
       332   0.05054
       333   0.05054
       334   0.05054
       335   0.05054
       336   0.05054
       337   0.05054
       338   0.05054
       339   0.05054
       340   0.05054
       341   0.05054
       342   0.05054
       343   0.05054
       344   0.05054
       345   0.05054
       346   0.05054
       347   0.05054
       348   0.05054
       349   0.05054
       350   0.04991
       351   0.05117
       352   0.05243
       353   0.05306
       354   0.05370
       355   0.05433
       356   0.05433
       357   0.05496
       358   0.05559
       359   0.05559
       360   0.05559
       361   0.05559
       362   0.05622
       363   0.05622
       364   0.05622
       365   0.05622
       366   0.05622
       367   0.05622
       368   0.05622
       369   0.05622
       370   0.05559
       371   0.05559
       372   0.05559
       373   0.05559
       374   0.05496
       375   0.05496
       376   0.05496
       377   0.05433
       378   0.05433
       379   0.05370
       380   0.05370
       381   0.05306
       382   0.05306
       383   0.05243
       384   0.05243
       385   0.05180
       386   0.05117
       387   0.05117
       388   0.05054
       389   0.04991
       390   0.04991
       391   0.05054
       392   0.05117
       393   0.05117
       394   0.05180
       395   0.05243
       396   0.05243
       397   0.05306
       398   0.05306
       399   0.05370
       400   0.05370
       401   0.05433
       402   0.05433
       403   0.05433
       404   0.05496
       405   0.05496
       406   0.05559
       407   0.05559
       408   0.05559
       409   0.05559
       410   0.05559
       411   0.05622
       412   0.05622
       413   0.05622
       414   0.05622
       415   0.05622
       416   0.05622
       417   0.05622
       418   0.05622
       419   0.05559
       420   0.05559
       421   0.05559
       422   0.05496
       423   0.05496
       424   0.05433
       425   0.05370
       426   0.05306
       427   0.05243
       428   0.05117
       429   0.04991
       430   0.05054
       431   0.05054
       432   0.05054
       433   0.05054
       434   0.05054
       435   0.05054
       436   0.05054
       437   0.05054
       438   0.05054
       439   0.05054
       440   0.05054
       441   0.05054
       442   0.05054
       443   0.05054
       444   0.05054
       445   0.05054
       446   0.05054
       447   0.05054
       448   0.05054
       449   0.05054
       450   0.05054
       451   0.05054
       452   0.05054
       453   0.05054
       454   0.05054
       455   0.05054
       456   0.05054
       457   0.05054
       458   0.05054
       459   0.05054
       460   0.05054
       461   0.05054
       462   0.05054
       463   0.05054
       464   0.05054
       465   0.05054
       466   0.05054
       467   0.05054
       468   0.05054
       469   0.05054
       470   0.05054
       471   0.05054
       472   0.05054
       473   0.05054
       474   0.05054
       475   0.05054
       476   0.05054
       477   0.05054
       478   0.05054
       479   0.05054
       480   0.05054
       481   0.05054
       482   0.05433
       483   0.05875
       484   0.06064
       485   0.06254
       486   0.06443
       487   0.06507
       488   0.06696
       489   0.06822
       490   0.06886
       491   0.06886
       492   0.06886
       493   0.06822
       494   0.06759
       495   0.06759
       496   0.06696
       497   0.06633
       498   0.06570
       499   0.06507
       500   0.06443
       501   0.06380
       502   0.06317
       503   0.06317
       504   0.06191
       505   0.06128
       506   0.06064
       507   0.06001
       508   0.05938
       509   0.05875
       510   0.05812
       511   0.05749
       512   0.05685
       513   0.05622
       514   0.05496
       515   0.05433
       516   0.05370
       517   0.05306
       518   0.05180
       519   0.05117
       520   0.05054
       521   0.04991
       522   0.04864
       523   0.04801
       524   0.04738
       525   0.04611
       526   0.04548
       527   0.04485
       528   0.04359
       529   0.04296
       530   0.04232
       531   0.04106
       532   0.04232
       533   0.04422
       534   0.04548
       535   0.04611
       536   0.04738
       537   0.04864
       538   0.04991
       539   0.05117
       540   0.05243
       541   0.05306
       542   0.05433
       543   0.05559
       544   0.05622
       545   0.05685
       546   0.05812
       547   0.05875
       548   0.06001
       549   0.06064
       550   0.06128
       551   0.06191
       552   0.06254
       553   0.06317
       554   0.06380
       555   0.06380
       556   0.06443
       557   0.06443
       558   0.06191
       559   0.06001
       560   0.05749
       561   0.05306
       562   0.04864
       563   0.03790
       564   0.03727
       565   0.03790
       566   0.03853
       567   0.03853
       568   0.03853
       569   0.03917
       570   0.03917
       571   0.03980
       572   0.04043
       573   0.04043
       574   0.04043
       575   0.04106
       576   0.04106
       577   0.04232
       578   0.04232
       579   0.04232
       580   0.04296
       581   0.04296
       582   0.04422
       583   0.04422
       584   0.04485
       585   0.04485
       586   0.04548
       587   0.04611
       588   0.04675
       589   0.04675
       590   0.04738
       591   0.04864
       592   0.04864
       593   0.04927
       594   0.04991
       595   0.04991
       596   0.05117
       597   0.05180
       598   0.05180
       599   0.05243
       600   0.05370
       601   0.05433
       602   0.05496
       603   0.05559
       604   0.05685
       605   0.05749
       606   0.05812
       607   0.05875
       608   0.06001
       609   0.06064
       610   0.06128
       611   0.06191
       612   0.06380
       613   0.06443
       614   0.06570
       615   0.06696
       616   0.06822
       617   0.06949
       618   0.07012
       619   0.07202
       620   0.07328
       621   0.07454
       622   0.07644
       623   0.07770
       624   0.07960
       625   0.08149
       626   0.08275
       627   0.08402
       628   0.08528
       629   0.08654
       630   0.08718
       631   0.08844
       632   0.08970
       633   0.08970
       634   0.09097
       635   0.09160
       636   0.09223
       637   0.09286
       638   0.09286
       639   0.09349
       640   0.09349
       641   0.09413
       642   0.09413
       643   0.09413
       644   0.09476
       645   0.09476
       646   0.09476
       647   0.09476
       648   0.09476
       649   0.09476
       650   0.09476
       651   0.09476
       652   0.09476
       653   0.09476
       654   0.09476
       655   0.09476
       656   0.09476
       657   0.09476
       658   0.09476
       659   0.09476
       660   0.09476
       661   0.09476
       662   0.09413
       663   0.09476
       664   0.09413
       665   0.09413
       666   0.09413
       667   0.09413
       668   0.09349
       669   0.09413
       670   0.09349
       671   0.09349
       672   0.09349
       673   0.09349
       674   0.09286
       675   0.09349
       676   0.09349
       677   0.09286
       678   0.09349
       679   0.09286
       680   0.09286
       681   0.09349
       682   0.09286
       683   0.09286
       684   0.09286
       685   0.09286
       686   0.09286
       687   0.09286
       688   0.09286
       689   0.09286
       690   0.09286
       691   0.09286
       692   0.09223
       693   0.09286
       694   0.09286
       695   0.09223
       696   0.09286
       697   0.09286
       698   0.09286
       699   0.09286
       700   0.09286
       701   0.09286
       702   0.09286
       703   0.09286
       704   0.09286
       705   0.09286
       706   0.09349
       707   0.09286
       708   0.09349
       709   0.09349
       710   0.09349
       711   0.09349
       712   0.09349
       713   0.09413
       714   0.09349
       715   0.09413
       716   0.09413
       717   0.09413
       718   0.09413
       719   0.09413
       720   0.09413
       721   0.09413
       722   0.09413
       723   0.09413
       724   0.09476
       725   0.09413
       726   0.09476
       727   0.09413
       728   0.09476
       729   0.09476
       730   0.09476
       731   0.09539
       732   0.09476
       733   0.09476
       734   0.09476
       735   0.09476
       736   0.09476
       737   0.09476
       738   0.09476
       739   0.09476
       740   0.09476
       741   0.09413
       742   0.09413
       743   0.09349
       744   0.09349
       745   0.09349
       746   0.09286
       747   0.09286
       748   0.09223
       749   0.09160
       750   0.09097
       751   0.08970
       752   0.08907
       753   0.08844
       754   0.08718
       755   0.08654
       756   0.08528
       757   0.08339
       758   0.08212
       759   0.08086
       760   0.07896
       761   0.07770
       762   0.07644
       763   0.07454
       764   0.07328
       765   0.07202
       766   0.07012
       767   0.06886
       768   0.06822
       769   0.06696
       770   0.06507
       771   0.06443
       772   0.06380
       773   0.06191
       774   0.06128
       775   0.06064
       776   0.06001
       777   0.05812
       778   0.05749
       779   0.05685
       780   0.05622
       781   0.05496
       782   0.05496
       783   0.05433
       784   0.05370
       785   0.05243
       786   0.05180
       787   0.05180
       788   0.05117
       789   0.04991
       790   0.04927
       791   0.04927
       792   0.04864
       793   0.04801
       794   0.04738
       795   0.04675
       796   0.04675
       797   0.04611
       798   0.04548
       799   0.04485
       800   0.04485
       801   0.04422
       802   0.04422
       803   0.04296
       804   0.04296
       805   0.04232
       806   0.04232
       807   0.04232
       808   0.04106
       809   0.04106
       810   0.04043
       811   0.04043
       812   0.04043
       813   0.03980
       814   0.03917
       815   0.03917
       816   0.03853
       817   0.03853
       818   0.03853
       819   0.03790
       820   0.03727
       821   0.03727
       822   0.03664
       823   0.03664
       824   0.03664
       825   0.03601
       826   0.03538
       827   0.03538
       828   0.03538
       829   0.03474
       830   0.03474
       831   0.03474
       832   0.03474
       833   0.03348
       834   0.03348
       835   0.03348
       836   0.03348
       837   0.03285
       838   0.03285
       839   0.03285
       840   0.03222
       841   0.03222
       842   0.03159
       843   0.03159
       844   0.03159
       845   0.03159
       846   0.03159
       847   0.03095
       848   0.03032
       849   0.03032
       850   0.03032
       851   0.03032
       852   0.02969
       853   0.02969
       854   0.02969
       855   0.03664
       856   0.03727
       857   0.03790
       858   0.03790
       859   0.03790
       860   0.03790
       861   0.03790
       862   0.03727
       863   0.03727
       864   0.03664
       865   0.03601
       866   0.03538
       867   0.03538
       868   0.03474
       869   0.03411
       870   0.03348
       871   0.03222
       872   0.03159
       873   0.03095
       874   0.03032
       875   0.02969
       876   0.02906
       877   0.02906
       878   0.02969
       879   0.03032
       880   0.03095
       881   0.03159
       882   0.03285
       883   0.03348
       884   0.03411
       885   0.03474
       886   0.03538
       887   0.03664
       888   0.03727
       889   0.03727
       890   0.03790
       891   0.03790
       892   0.03917
       893   0.03917
       894   0.03980
       895   0.03980
       896   0.04043
       897   0.04043
       898   0.03980
       899   0.03980
       900   0.03917
       901   0.03348
       902   0.03348
       903   0.03348
       904   0.03411
       905   0.03411
       906   0.03411
       907   0.03538
       908   0.03538
       909   0.03538
       910   0.03601
       911   0.03601
       912   0.03601
       913   0.03727
       914   0.03727
       915   0.03727
       916   0.03790
       917   0.03790
       918   0.03790
       919   0.03917
       920   0.03917
       921   0.03980
       922   0.03980
       923   0.04043
       924   0.04106
       925   0.04106
       926   0.04169
       927   0.04169
       928   0.04232
       929   0.04296
       930   0.04359
       931   0.04422
       932   0.04422
       933   0.04485
       934   0.04548
       935   0.04611
       936   0.04675
       937   0.04675
       938   0.04801
       939   0.04864
       940   0.04927
       941   0.04927
       942   0.05054
       943   0.05117
       944   0.05180
       945   0.05243
       946   0.05370
       947   0.05433
       948   0.05496
       949   0.05559
       950   0.05685
       951   0.05812
       952   0.05875
       953   0.05938
       954   0.06128
       955   0.06191
       956   0.06317
       957   0.06507
       958   0.06570
       959   0.06696
       960   0.06886
       961   0.07012
       962   0.07138
       963   0.07328
       964   0.07517
       965   0.07644
       966   0.07770
       967   0.07960
       968   0.08023
       969   0.08149
       970   0.08275
       971   0.08339
       972   0.08465
       973   0.08528
       974   0.08528
       975   0.08654
       976   0.08654
       977   0.08654
       978   0.08781
       979   0.08781
       980   0.08844
       981   0.08781
       982   0.08781
       983   0.08844
       984   0.08844
       985   0.08907
       986   0.08844
       987   0.08907
       988   0.08844
       989   0.08844
       990   0.08907
       991   0.08844
       992   0.08907
       993   0.08844
       994   0.08844
       995   0.08844
       996   0.08844
       997   0.08844
       998   0.08844
       999   0.08781
      1000   0.08844
      1001   0.08781
      1002   0.08844
      1003   0.08781
      1004   0.08781
      1005   0.08781
      1006   0.08781
      1007   0.08718
      1008   0.08781
      1009   0.08781
      1010   0.08718
      1011   0.08781
      1012   0.08718
      1013   0.08718
      1014   0.08718
      1015   0.08718
      1016   0.08718
      1017   0.08654
      1018   0.08718
      1019   0.08654
      1020   0.08654
      1021   0.08718
      1022   0.08654
      1023   0.08654
      1024   0.08718
      1025   0.08654
      1026   0.08654
      1027   0.08654
      1028   0.08654
      1029   0.08718
      1030   0.08654
      1031   0.08654
      1032   0.08718
      1033   0.08654
      1034   0.08654
      1035   0.08718
      1036   0.08654
      1037   0.08718
      1038   0.08718
      1039   0.08654
      1040   0.08718
      1041   0.08718
      1042   0.08781
      1043   0.08718
      1044   0.08718
      1045   0.08781
      1046   0.08718
      1047   0.08781
      1048   0.08781
      1049   0.08781
      1050   0.08781
      1051   0.08844
      1052   0.08781
      1053   0.08781
      1054   0.08844
      1055   0.08781
      1056   0.08844
      1057   0.08781
      1058   0.08844
      1059   0.08844
      1060   0.08844
      1061   0.08907
      1062   0.08844
      1063   0.08907
      1064   0.08844
      1065   0.08907
      1066   0.08844
      1067   0.08907
      1068   0.08844
      1069   0.08844
      1070   0.08844
      1071   0.08844
      1072   0.08844
      1073   0.08781
      1074   0.08844
      1075   0.08781
      1076   0.08781
      1077   0.08718
      1078   0.08654
      1079   0.08654
      1080   0.08591
      1081   0.08528
      1082   0.08465
      1083   0.08402
      1084   0.08339
      1085   0.08212
      1086   0.08086
      1087   0.07960
      1088   0.07896
      1089   0.07707
      1090   0.07581
      1091   0.07454
      1092   0.07265
      1093   0.07075
      1094   0.06949
      1095   0.06759
      1096   0.06633
      1097   0.06570
      1098   0.06380
      1099   0.06254
      1100   0.06191
      1101   0.06064
      1102   0.05938
      1103   0.05812
      1104   0.05749
      1105   0.05622
      1106   0.05559
      1107   0.05433
      1108   0.05370
      1109   0.05243
      1110   0.05180
      1111   0.05180
      1112   0.05117
      1113   0.04991
      1114   0.04927
      1115   0.04864
      1116   0.04801
      1117   0.04738
      1118   0.04675
      1119   0.04611
      1120   0.04611
      1121   0.04548
      1122   0.04422
      1123   0.04422
      1124   0.04359
      1125   0.04359
      1126   0.04232
      1127   0.04232
      1128   0.04169
      1129   0.04169
      1130   0.04106
      1131   0.04043
      1132   0.03980
      1133   0.03980
      1134   0.03917
      1135   0.03917
      1136   0.03917
      1137   0.03790
      1138   0.03790
      1139   0.03727
      1140   0.03727
      1141   0.03727
      1142   0.03601
      1143   0.03601
      1144   0.03601
      1145   0.03538
      1146   0.03538
      1147   0.03538
      1148   0.03538
      1149   0.04485
      1150   0.04864
      1151   0.05054
      1152   0.05054
      1153   0.05054
      1154   0.05054
      1155   0.04991
      1156   0.04991
      1157   0.04991
      1158   0.04927
      1159   0.04864
      1160   0.04801
      1161   0.04738
      1162   0.04738
      1163   0.04675
      1164   0.04548
      1165   0.04485
      1166   0.04422
      1167   0.04296
      1168   0.04169
      1169   0.04106
      1170   0.03980
      1171   0.03917
      1172   0.03853
      1173   0.03664
      1174   0.03601
      1175   0.03474
      1176   0.03538
      1177   0.03664
      1178   0.03727
      1179   0.03853
      1180   0.03980
      1181   0.04043
      1182   0.04106
      1183   0.04169
      1184   0.04296
      1185   0.04359
      1186   0.04422
      1187   0.04485
      1188   0.04611
      1189   0.04738
      1190   0.04738
      1191   0.04801
      1192   0.04864
      1193   0.04991
      1194   0.05054
      1195   0.05117
      1196   0.05180
      1197   0.05180
      1198   0.05306
      1199   0.05370
      1200   0.05370
      1201   0.05433
      1202   0.05496
      1203   0.05559
      1204   0.05559
      1205   0.05559
      1206   0.05622
      1207   0.05559
      1208   0.05370
      1209   0.05117
      1210   0.04738
      1211   0.04485
      1212   0.04485
      1213   0.04548
      1214   0.04548
      1215   0.04548
      1216   0.04611
      1217   0.04675
      1218   0.04675
      1219   0.04675
      1220   0.04738
      1221   0.04738
      1222   0.04738
      1223   0.04864
      1224   0.04864
      1225   0.04864
      1226   0.04927
      1227   0.04927
      1228   0.04991
      1229   0.05054
      1230   0.05054
      1231   0.05054
      1232   0.05117
      1233   0.05117
      1234   0.05180
      1235   0.05243
      1236   0.05243
      1237   0.05243
      1238   0.05306
      1239   0.05370
      1240   0.05433
      1241   0.05433
      1242   0.05433
      1243   0.05496
      1244   0.05559
      1245   0.05559
      1246   0.05622
      1247   0.05622
      1248   0.05749
      1249   0.05749
      1250   0.05749
      1251   0.05812
      1252   0.05812
      1253   0.05938
      1254   0.05938
      1255   0.05938
      1256   0.06001
      1257   0.06064
      1258   0.06128
      1259   0.06128
      1260   0.06128
      1261   0.06191
      1262   0.06254
      1263   0.06254
      1264   0.06317
      1265   0.06317
      1266   0.06443
      1267   0.06443
      1268   0.06443
      1269   0.06507
      1270   0.06570
      1271   0.06570
      1272   0.06633
      1273   0.06633
      1274   0.06696
      1275   0.06759
      1276   0.06759
      1277   0.06759
      1278   0.06822
      1279   0.06886
      1280   0.06886
      1281   0.06886
      1282   0.06949
      1283   0.07012
      1284   0.07012
      1285   0.07012
      1286   0.07075
      1287   0.07075
      1288   0.07138
      1289   0.07202
      1290   0.07202
      1291   0.07202
      1292   0.07202
      1293   0.07265
      1294   0.07265
      1295   0.07265
      1296   0.07265
      1297   0.07391
      1298   0.07391
      1299   0.07391
      1300   0.07454
      1301   0.07454
      1302   0.07454
      1303   0.07454
      1304   0.07517
      1305   0.07517
      1306   0.07517
      1307   0.07581
      1308   0.07517
      1309   0.07517
      1310   0.07517
      1311   0.07581
      1312   0.07581
      1313   0.07581
      1314   0.07644
      1315   0.07644
      1316   0.07644
      1317   0.07644
      1318   0.07644
      1319   0.07644
      1320   0.07644
      1321   0.07644
      1322   0.07707
      1323   0.07707
      1324   0.07644
      1325   0.07707
      1326   0.07707
      1327   0.07707
      1328   0.07707
      1329   0.07707
      1330   0.07707
      1331   0.07707
      1332   0.07707
      1333   0.07707
      1334   0.07707
      1335   0.07707
      1336   0.07707
      1337   0.07707
      1338   0.07707
      1339   0.07707
      1340   0.07707
      1341   0.07644
      1342   0.07707
      1343   0.07707
      1344   0.07707
      1345   0.07644
      1346   0.07644
      1347   0.07707
      1348   0.07707
      1349   0.07644
      1350   0.07644
      1351   0.07644
      1352   0.07581
      1353   0.07644
      1354   0.07644
      1355   0.07644
      1356   0.07581
      1357   0.07581
      1358   0.07581
      1359   0.07581
      1360   0.07517
      1361   0.07517
      1362   0.07517
      1363   0.07517
      1364   0.07517
      1365   0.07517
      1366   0.07517
      1367   0.07454
      1368   0.07454
      1369   0.07454
      1370   0.07391
      1371   0.07391
      1372   0.07391
      1373   0.07391
      1374   0.07265
      1375   0.07265
      1376   0.07265
      1377   0.07202
      1378   0.07202
      1379   0.07202
      1380   0.07202
      1381   0.07138
      1382   0.07138
      1383   0.07075
      1384   0.07075
      1385   0.07012
      1386   0.07012
      1387   0.07012
      1388   0.06949
      1389   0.06886
      1390   0.06886
      1391   0.06886
      1392   0.06759
      1393   0.06759
      1394   0.06759
      1395   0.06696
      1396   0.06633
      1397   0.06633
      1398   0.06570
      1399   0.06570
      1400   0.06507
      1401   0.06443
      1402   0.06443
      1403   0.06443
      1404   0.06317
      1405   0.06317
      1406   0.06317
      1407   0.06254
      1408   0.06254
      1409   0.06128
      1410   0.06128
      1411   0.06128
      1412   0.06064
      1413   0.06001
      1414   0.06001
      1415   0.05938
      1416   0.05938
      1417   0.05812
      1418   0.05812
      1419   0.05812
      1420   0.05749
      1421   0.05749
      1422   0.05622
      1423   0.05622
      1424   0.05622
      1425   0.05559
      1426   0.05559
      1427   0.05433
      1428   0.05433
      1429   0.05433
      1430   0.05370
      1431   0.05370
      1432   0.05306
      1433   0.05243
      1434   0.05243
      1435   0.05243
      1436   0.05180
      1437   0.05117
      1438   0.05054
      1439   0.05054
      1440   0.05054
      1441   0.04991
      1442   0.04927
      1443   0.04927
      1444   0.04864
      1445   0.04864
      1446   0.04864
      1447   0.04801
      1448   0.04738
      1449   0.04738
      1450   0.04738
      1451   0.04675
      1452   0.04675
      1453   0.04675
      1454   0.04548
      1455   0.04548
      1456   0.04548
      1457   0.04485
      1458   0.04485
      1459   0.04485
      1460   0.04422
      1461   0.04359
      1462   0.04359
      1463   0.04359
      1464   0.04359
      1465   0.04296
      1466   0.04232
      1467   0.04232
      1468   0.04232
      1469   0.04169
      1470   0.04169
      1471   0.04169
      1472   0.04169
      1473   0.04043
      1474   0.04043
      1475   0.04043
      1476   0.04043
      1477   0.03980
      1478   0.03980
      1479   0.03980
      1480   0.03917
      1481   0.03917
      1482   0.03853
      1483   0.03853
      1484   0.03853
      1485   0.03853
      1486   0.03853
      1487   0.03727
      1488   0.03727
      1489   0.03727
      1490   0.03727
      1491   0.03727
      1492   0.03664
      1493   0.03664
      1494   0.03664
      1495   0.03601
      1496   0.03601
      1497   0.03538
      1498   0.03538
      1499   0.03538
      1500   0.03538
      1501   0.03538
      1502   0.03538
      1503   0.03474
      1504   0.03411
      1505   0.03411
      1506   0.03411
      1507   0.03411
      1508   0.03411
      1509   0.03348
      1510   0.03348
      1511   0.03348
      1512   0.03348
      1513   0.03285
      1514   0.03285
      1515   0.03222
      1516   0.03222
      1517   0.03222
      1518   0.03222
      1519   0.03222
      1520   0.03222
      1521   0.04548
      1522   0.04991
      1523   0.05054
      1524   0.05117
      1525   0.05180
      1526   0.05243
      1527   0.05180
      1528   0.05117
      1529   0.05054
      1530   0.04927
      1531   0.04864
      1532   0.04801
      1533   0.04738
      1534   0.04675
      1535   0.04611
      1536   0.04548
      1537   0.04485
      1538   0.04359
      1539   0.04296
      1540   0.04232
      1541   0.04169
      1542   0.04106
      1543   0.04043
      1544   0.03980
      1545   0.03917
      1546   0.03853
      1547   0.03853
      1548   0.03853
      1549   0.03853
      1550   0.03853
      1551   0.03917
      1552   0.03917
      1553   0.03917
      1554   0.03917
      1555   0.03917
      1556   0.03917
      1557   0.03917
      1558   0.03917
      1559   0.03917
      1560   0.03917
      1561   0.03917
      1562   0.03917
      1563   0.03917
      1564   0.03917
      1565   0.03917
      1566   0.03917
      1567   0.03917
      1568   0.03917
      1569   0.03917
      1570   0.03917
      1571   0.03917
      1572   0.03853
      1573   0.03853
      1574   0.03853
      1575   0.03853
      1576   0.03790
      1577   0.03790
      1578   0.03727
      1579   0.03727
      1580   0.03664
      1581   0.03664
      1582   0.03601
      1583   0.03601
