         1   0.01263
         2   0.01327
         3   0.01390
         4   0.01453
         5   0.01516
         6   0.01579
         7   0.01642
         8   0.01706
         9   0.01769
        10   0.01832
        11   0.01895
        12   0.01958
        13   0.02021
        14   0.02085
        15   0.02148
        16   0.02211
        17   0.02274
        18   0.02337
        19   0.02401
        20   0.02464
        21   0.02527
        22   0.02527
        23   0.02527
        24   0.02527
        25   0.02527
        26   0.02527
        27   0.02527
        28   0.02527
        29   0.02527
        30   0.02527
        31   0.02527
        32   0.02527
        33   0.02527
        34   0.02527
        35   0.02527
        36   0.02527
        37   0.02527
        38   0.02527
        39   0.02527
        40   0.02527
        41   0.02527
        42   0.02527
        43   0.02527
        44   0.02527
        45   0.02527
        46   0.02527
        47   0.02527
        48   0.02527
        49   0.02527
        50   0.02527
        51   0.02527
        52   0.02527
        53   0.02527
        54   0.02527
        55   0.02527
        56   0.02527
        57   0.02527
        58   0.02527
        59   0.02527
        60   0.02527
        61   0.02527
        62   0.02527
        63   0.02527
        64   0.02527
        65   0.02527
        66   0.02527
        67   0.02527
        68   0.02527
        69   0.02527
        70   0.02527
        71   0.02527
        72   0.02527
        73   0.02527
        74   0.02527
        75   0.02527
        76   0.02527
        77   0.02527
        78   0.02527
        79   0.02527
        80   0.02527
        81   0.02716
        82   0.02906
        83   0.02969
        84   0.03032
        85   0.03032
        86   0.03032
        87   0.03032
        88   0.03032
        89   0.03032
        90   0.02969
        91   0.02969
        92   0.02906
        93   0.02906
        94   0.02843
        95   0.02780
        96   0.02716
        97   0.02716
        98   0.02653
        99   0.02590
       100   0.02527
       101   0.02527
       102   0.02590
       103   0.02653
       104   0.02716
       105   0.02716
       106   0.02780
       107   0.02843
       108   0.02906
       109   0.02906
       110   0.02969
       111   0.02969
       112   0.03032
       113   0.03032
       114   0.03032
       115   0.03032
       116   0.03032
       117   0.03032
       118   0.02969
       119   0.02906
       120   0.02716
       121   0.02527
       122   0.02527
       123   0.02527
       124   0.02527
       125   0.02527
       126   0.02527
       127   0.02527
       128   0.02527
       129   0.02527
       130   0.02527
       131   0.02527
       132   0.02527
       133   0.02527
       134   0.02527
       135   0.02527
       136   0.02527
       137   0.02527
       138   0.02527
       139   0.02527
       140   0.02527
       141   0.02527
       142   0.02527
       143   0.02527
       144   0.02527
       145   0.02527
       146   0.02527
       147   0.02527
       148   0.02527
       149   0.02527
       150   0.02527
       151   0.02527
       152   0.02527
       153   0.02527
       154   0.02527
       155   0.02527
       156   0.02527
       157   0.02527
       158   0.02527
       159   0.02527
       160   0.02527
       161   0.02527
       162   0.02527
       163   0.02527
       164   0.02527
       165   0.02527
       166   0.02527
       167   0.02527
       168   0.02527
       169   0.02527
       170   0.02527
       171   0.02527
       172   0.02527
       173   0.02527
       174   0.02527
       175   0.02527
       176   0.02527
       177   0.02527
       178   0.02527
       179   0.02527
       180   0.02527
       181   0.02527
       182   0.02527
       183   0.02527
       184   0.02527
       185   0.02527
       186   0.02527
       187   0.02527
       188   0.02527
       189   0.02527
       190   0.02527
       191   0.02527
       192   0.02527
       193   0.02527
       194   0.02527
       195   0.02527
       196   0.02527
       197   0.02527
       198   0.02527
       199   0.02527
       200   0.02527
       201   0.02527
       202   0.02527
       203   0.02527
       204   0.02527
       205   0.02527
       206   0.02527
       207   0.02527
       208   0.02527
       209   0.02527
       210   0.02527
       211   0.02527
       212   0.02527
       213   0.02527
       214   0.02527
       215   0.02527
       216   0.02527
       217   0.02527
       218   0.02527
       219   0.02527
       220   0.02527
       221   0.02527
       222   0.02527
       223   0.02527
       224   0.02527
       225   0.02527
       226   0.02527
       227   0.02527
       228   0.02527
       229   0.02527
       230   0.02527
       231   0.02527
       232   0.02527
       233   0.02527
       234   0.02527
       235   0.02527
       236   0.02527
       237   0.02527
       238   0.02527
       239   0.02527
       240   0.02527
       241   0.02527
       242   0.02527
       243   0.02527
       244   0.02527
       245   0.02527
       246   0.02527
       247   0.02527
       248   0.02527
       249   0.02527
       250   0.02527
       251   0.02527
       252   0.02527
       253   0.02527
       254   0.02527
       255   0.02527
       256   0.02527
       257   0.02527
       258   0.02527
       259   0.02527
       260   0.02527
       261   0.02527
       262   0.02527
       263   0.02527
       264   0.02527
       265   0.02527
       266   0.02527
       267   0.02527
       268   0.02527
       269   0.02527
       270   0.02527
       271   0.02527
       272   0.02527
       273   0.02527
       274   0.02527
       275   0.02527
       276   0.02527
       277   0.02527
       278   0.02527
       279   0.02527
       280   0.02527
       281   0.02527
       282   0.02527
       283   0.02527
       284   0.02527
       285   0.02527
       286   0.02527
       287   0.02527
       288   0.02527
       289   0.02527
       290   0.02527
       291   0.02527
       292   0.02527
       293   0.02527
       294   0.02527
       295   0.02527
       296   0.02527
       297   0.02527
       298   0.02527
       299   0.02527
       300   0.02527
       301   0.02527
       302   0.02527
       303   0.02527
       304   0.02527
       305   0.02527
       306   0.02527
       307   0.02527
       308   0.02527
       309   0.02527
       310   0.02527
       311   0.02527
       312   0.02527
       313   0.02527
       314   0.02527
       315   0.02527
       316   0.02527
       317   0.02527
       318   0.02527
       319   0.02527
       320   0.02527
       321   0.02527
       322   0.02527
       323   0.02527
       324   0.02527
       325   0.02527
       326   0.02527
       327   0.02527
       328   0.02527
       329   0.02527
       330   0.02527
       331   0.02527
       332   0.02527
       333   0.02527
       334   0.02527
       335   0.02527
       336   0.02527
       337   0.02527
       338   0.02527
       339   0.02527
       340   0.02527
       341   0.02527
       342   0.02527
       343   0.02527
       344   0.02527
       345   0.02527
       346   0.02527
       347   0.02527
       348   0.02527
       349   0.02527
       350   0.02527
       351   0.02527
       352   0.02527
       353   0.02527
       354   0.02527
       355   0.02527
       356   0.02527
       357   0.02527
       358   0.02527
       359   0.02527
       360   0.02527
       361   0.02527
       362   0.02527
       363   0.02527
       364   0.02527
       365   0.02527
       366   0.02527
       367   0.02527
       368   0.02527
       369   0.02527
       370   0.02464
       371   0.02590
       372   0.02653
       373   0.02653
       374   0.02716
       375   0.02716
       376   0.02780
       377   0.02780
       378   0.02780
       379   0.02780
       380   0.02716
       381   0.02716
       382   0.02716
       383   0.02716
       384   0.02653
       385   0.02653
       386   0.02590
       387   0.02590
       388   0.02527
       389   0.02464
       390   0.02464
       391   0.02527
       392   0.02590
       393   0.02590
       394   0.02653
       395   0.02653
       396   0.02653
       397   0.02716
       398   0.02716
       399   0.02716
       400   0.02780
       401   0.02780
       402   0.02780
       403   0.02780
       404   0.02716
       405   0.02716
       406   0.02716
       407   0.02653
       408   0.02590
       409   0.02464
       410   0.02527
       411   0.02527
       412   0.02527
       413   0.02527
       414   0.02527
       415   0.02527
       416   0.02527
       417   0.02527
       418   0.02527
       419   0.02527
       420   0.02527
       421   0.02527
       422   0.02527
       423   0.02527
       424   0.02527
       425   0.02527
       426   0.02527
       427   0.02527
       428   0.02527
       429   0.02527
       430   0.02527
       431   0.02527
       432   0.02527
       433   0.02527
       434   0.02527
       435   0.02527
       436   0.02527
       437   0.02527
       438   0.02527
       439   0.02527
       440   0.02527
       441   0.02527
       442   0.02527
       443   0.02527
       444   0.02527
       445   0.02527
       446   0.02527
       447   0.02527
       448   0.02527
       449   0.02527
       450   0.02527
       451   0.02527
       452   0.02527
       453   0.02527
       454   0.02527
       455   0.02527
       456   0.02527
       457   0.02527
       458   0.02527
       459   0.02527
       460   0.02527
       461   0.02527
       462   0.02527
       463   0.02527
       464   0.02527
       465   0.02527
       466   0.02527
       467   0.02527
       468   0.02527
       469   0.02527
       470   0.02527
       471   0.02527
       472   0.02527
       473   0.02527
       474   0.02527
       475   0.02527
       476   0.02527
       477   0.02527
       478   0.02527
       479   0.02527
       480   0.02527
       481   0.02527
       482   0.02527
       483   0.02527
       484   0.02527
       485   0.02527
       486   0.02527
       487   0.02527
       488   0.02527
       489   0.02527
       490   0.02527
       491   0.02527
       492   0.02527
       493   0.02527
       494   0.02527
       495   0.02527
       496   0.02527
       497   0.02527
       498   0.02527
       499   0.02527
       500   0.02527
       501   0.02527
       502   0.02527
       503   0.02527
       504   0.02527
       505   0.02527
       506   0.02527
       507   0.02906
       508   0.03095
       509   0.03222
       510   0.03411
       511   0.03411
       512   0.03348
       513   0.03348
       514   0.03285
       515   0.03222
       516   0.03159
       517   0.03095
       518   0.03032
       519   0.02969
       520   0.02906
       521   0.02780
       522   0.02716
       523   0.02653
       524   0.02590
       525   0.02527
       526   0.02401
       527   0.02337
       528   0.02274
       529   0.02211
       530   0.02085
       531   0.02021
       532   0.02148
       533   0.02211
       534   0.02337
       535   0.02464
       536   0.02527
       537   0.02653
       538   0.02716
       539   0.02843
       540   0.02906
       541   0.02969
       542   0.03032
       543   0.03032
       544   0.02906
       545   0.02590
       546   0.02085
       547   0.01579
       548   0.01579
       549   0.01579
       550   0.01642
       551   0.01642
       552   0.01706
       553   0.01706
       554   0.01706
       555   0.01706
       556   0.01706
       557   0.01706
       558   0.01706
       559   0.01769
       560   0.01769
       561   0.01769
       562   0.01769
       563   0.01769
       564   0.01832
       565   0.01832
       566   0.01832
       567   0.01895
       568   0.01895
       569   0.01895
       570   0.01895
       571   0.01895
       572   0.01895
       573   0.01895
       574   0.01958
       575   0.02021
       576   0.02021
       577   0.02021
       578   0.02021
       579   0.02021
       580   0.02021
       581   0.02085
       582   0.02085
       583   0.02148
       584   0.02148
       585   0.02148
       586   0.02148
       587   0.02211
       588   0.02211
       589   0.02211
       590   0.02211
       591   0.02211
       592   0.02337
       593   0.02337
       594   0.02337
       595   0.02337
       596   0.02401
       597   0.02401
       598   0.02401
       599   0.02464
       600   0.02464
       601   0.02527
       602   0.02527
       603   0.02527
       604   0.02590
       605   0.02590
       606   0.02653
       607   0.02653
       608   0.02716
       609   0.02716
       610   0.02716
       611   0.02780
       612   0.02843
       613   0.02843
       614   0.02906
       615   0.02906
       616   0.02906
       617   0.03032
       618   0.03032
       619   0.03095
       620   0.03095
       621   0.03095
       622   0.03159
       623   0.03222
       624   0.03285
       625   0.03285
       626   0.03348
       627   0.03411
       628   0.03474
       629   0.03474
       630   0.03538
       631   0.03538
       632   0.03664
       633   0.03664
       634   0.03727
       635   0.03790
       636   0.03853
       637   0.03917
       638   0.03917
       639   0.03980
       640   0.04106
       641   0.04106
       642   0.04169
       643   0.04232
       644   0.04296
       645   0.04359
       646   0.04422
       647   0.04548
       648   0.04548
       649   0.04611
       650   0.04675
       651   0.04738
       652   0.04801
       653   0.04801
       654   0.04927
       655   0.04927
       656   0.04991
       657   0.05054
       658   0.05054
       659   0.05117
       660   0.05180
       661   0.05180
       662   0.05180
       663   0.05306
       664   0.05306
       665   0.05306
       666   0.05370
       667   0.05370
       668   0.05370
       669   0.05433
       670   0.05433
       671   0.05433
       672   0.05433
       673   0.05433
       674   0.05496
       675   0.05496
       676   0.05433
       677   0.05496
       678   0.05496
       679   0.05559
       680   0.05496
       681   0.05496
       682   0.05559
       683   0.05496
       684   0.05559
       685   0.05559
       686   0.05496
       687   0.05559
       688   0.05496
       689   0.05559
       690   0.05559
       691   0.05559
       692   0.05559
       693   0.05496
       694   0.05559
       695   0.05559
       696   0.05559
       697   0.05559
       698   0.05496
       699   0.05559
       700   0.05559
       701   0.05496
       702   0.05559
       703   0.05496
       704   0.05496
       705   0.05559
       706   0.05496
       707   0.05496
       708   0.05433
       709   0.05496
       710   0.05496
       711   0.05433
       712   0.05433
       713   0.05370
       714   0.05433
       715   0.05433
       716   0.05370
       717   0.05370
       718   0.05370
       719   0.05306
       720   0.05306
       721   0.05306
       722   0.05180
       723   0.05180
       724   0.05180
       725   0.05117
       726   0.05054
       727   0.05054
       728   0.04991
       729   0.04927
       730   0.04927
       731   0.04801
       732   0.04801
       733   0.04738
       734   0.04611
       735   0.04611
       736   0.04548
       737   0.04422
       738   0.04422
       739   0.04359
       740   0.04296
       741   0.04232
       742   0.04169
       743   0.04106
       744   0.04106
       745   0.03980
       746   0.03917
       747   0.03917
       748   0.03853
       749   0.03727
       750   0.03727
       751   0.03664
       752   0.03664
       753   0.03538
       754   0.03538
       755   0.03474
       756   0.03474
       757   0.03348
       758   0.03348
       759   0.03285
       760   0.03285
       761   0.03222
       762   0.03159
       763   0.03095
       764   0.03095
       765   0.03032
       766   0.03032
       767   0.02969
       768   0.02906
       769   0.02906
       770   0.02906
       771   0.02843
       772   0.02843
       773   0.02780
       774   0.02716
       775   0.02716
       776   0.02716
       777   0.02653
       778   0.02653
       779   0.02590
       780   0.02527
       781   0.02527
       782   0.02527
       783   0.02527
       784   0.02464
       785   0.02464
       786   0.02401
       787   0.02401
       788   0.02337
       789   0.02337
       790   0.02337
       791   0.02337
       792   0.02337
       793   0.02211
       794   0.02211
       795   0.02211
       796   0.02211
       797   0.02211
       798   0.02148
       799   0.02148
       800   0.02148
       801   0.02085
       802   0.02085
       803   0.02085
       804   0.02021
       805   0.02021
       806   0.02021
       807   0.02021
       808   0.02021
       809   0.02021
       810   0.01895
       811   0.01895
       812   0.01895
       813   0.01895
       814   0.01895
       815   0.01895
       816   0.01895
       817   0.01832
       818   0.01832
       819   0.01832
       820   0.01832
       821   0.01769
       822   0.01769
       823   0.01769
       824   0.01769
       825   0.01706
       826   0.01706
       827   0.01706
       828   0.01706
       829   0.01706
       830   0.01706
       831   0.01706
       832   0.01642
       833   0.01642
       834   0.01642
       835   0.01579
       836   0.01579
       837   0.01579
       838   0.01579
       839   0.01579
       840   0.01579
       841   0.01579
       842   0.01579
       843   0.01579
       844   0.01579
       845   0.01516
       846   0.01453
       847   0.01453
       848   0.01453
       849   0.01453
       850   0.01453
       851   0.01453
       852   0.01453
       853   0.01453
       854   0.01453
       855   0.01453
       856   0.01453
       857   0.01453
       858   0.01390
       859   0.01390
       860   0.01390
       861   0.01390
       862   0.01327
       863   0.01327
       864   0.01327
       865   0.01327
       866   0.01516
       867   0.01706
       868   0.01706
       869   0.01706
       870   0.01706
       871   0.01706
       872   0.01642
       873   0.01516
       874   0.01453
       875   0.01390
       876   0.01327
       877   0.01327
       878   0.01453
       879   0.01516
       880   0.01579
       881   0.01579
       882   0.01642
       883   0.01769
       884   0.01769
       885   0.01769
       886   0.01769
       887   0.01769
       888   0.01453
       889   0.01453
       890   0.01453
       891   0.01453
       892   0.01453
       893   0.01453
       894   0.01516
       895   0.01579
       896   0.01579
       897   0.01579
       898   0.01579
       899   0.01579
       900   0.01579
       901   0.01579
       902   0.01579
       903   0.01642
       904   0.01642
       905   0.01642
       906   0.01642
       907   0.01706
       908   0.01706
       909   0.01706
       910   0.01706
       911   0.01769
       912   0.01769
       913   0.01769
       914   0.01769
       915   0.01769
       916   0.01769
       917   0.01832
       918   0.01895
       919   0.01895
       920   0.01895
       921   0.01895
       922   0.01895
       923   0.01895
       924   0.01895
       925   0.01958
       926   0.02021
       927   0.02021
       928   0.02021
       929   0.02021
       930   0.02085
       931   0.02085
       932   0.02085
       933   0.02085
       934   0.02148
       935   0.02211
       936   0.02211
       937   0.02211
       938   0.02211
       939   0.02211
       940   0.02274
       941   0.02274
       942   0.02337
       943   0.02337
       944   0.02401
       945   0.02401
       946   0.02401
       947   0.02464
       948   0.02527
       949   0.02527
       950   0.02527
       951   0.02590
       952   0.02590
       953   0.02590
       954   0.02716
       955   0.02716
       956   0.02780
       957   0.02780
       958   0.02780
       959   0.02843
       960   0.02906
       961   0.02906
       962   0.02969
       963   0.02969
       964   0.03032
       965   0.03095
       966   0.03159
       967   0.03159
       968   0.03222
       969   0.03285
       970   0.03348
       971   0.03348
       972   0.03411
       973   0.03474
       974   0.03538
       975   0.03601
       976   0.03601
       977   0.03664
       978   0.03790
       979   0.03790
       980   0.03853
       981   0.03980
       982   0.04043
       983   0.04043
       984   0.04106
       985   0.04232
       986   0.04232
       987   0.04296
       988   0.04359
       989   0.04422
       990   0.04485
       991   0.04485
       992   0.04611
       993   0.04611
       994   0.04675
       995   0.04738
       996   0.04738
       997   0.04801
       998   0.04864
       999   0.04864
      1000   0.04864
      1001   0.04927
      1002   0.04991
      1003   0.04991
      1004   0.05054
      1005   0.04991
      1006   0.05054
      1007   0.05054
      1008   0.05054
      1009   0.05117
      1010   0.05117
      1011   0.05117
      1012   0.05117
      1013   0.05117
      1014   0.05180
      1015   0.05180
      1016   0.05117
      1017   0.05180
      1018   0.05180
      1019   0.05180
      1020   0.05180
      1021   0.05180
      1022   0.05180
      1023   0.05180
      1024   0.05180
      1025   0.05180
      1026   0.05243
      1027   0.05180
      1028   0.05180
      1029   0.05180
      1030   0.05180
      1031   0.05243
      1032   0.05180
      1033   0.05180
      1034   0.05180
      1035   0.05180
      1036   0.05117
      1037   0.05180
      1038   0.05180
      1039   0.05117
      1040   0.05180
      1041   0.05117
      1042   0.05117
      1043   0.05117
      1044   0.05117
      1045   0.05117
      1046   0.05117
      1047   0.05054
      1048   0.05054
      1049   0.04991
      1050   0.05054
      1051   0.05054
      1052   0.04991
      1053   0.04927
      1054   0.04927
      1055   0.04864
      1056   0.04864
      1057   0.04864
      1058   0.04801
      1059   0.04738
      1060   0.04738
      1061   0.04675
      1062   0.04611
      1063   0.04611
      1064   0.04485
      1065   0.04422
      1066   0.04422
      1067   0.04296
      1068   0.04296
      1069   0.04232
      1070   0.04106
      1071   0.04106
      1072   0.04043
      1073   0.03980
      1074   0.03853
      1075   0.03853
      1076   0.03790
      1077   0.03727
      1078   0.03664
      1079   0.03601
      1080   0.03601
      1081   0.03538
      1082   0.03411
      1083   0.03411
      1084   0.03348
      1085   0.03348
      1086   0.03222
      1087   0.03222
      1088   0.03159
      1089   0.03159
      1090   0.03095
      1091   0.03032
      1092   0.02969
      1093   0.02969
      1094   0.02906
      1095   0.02906
      1096   0.02780
      1097   0.02780
      1098   0.02780
      1099   0.02716
      1100   0.02716
      1101   0.02653
      1102   0.02590
      1103   0.02590
      1104   0.02590
      1105   0.02527
      1106   0.02527
      1107   0.02464
      1108   0.02401
      1109   0.02401
      1110   0.02401
      1111   0.02401
      1112   0.02337
      1113   0.02337
      1114   0.02274
      1115   0.02274
      1116   0.02211
      1117   0.02211
      1118   0.02211
      1119   0.02211
      1120   0.02148
      1121   0.02085
      1122   0.02085
      1123   0.02085
      1124   0.02085
      1125   0.02021
      1126   0.02021
      1127   0.02021
      1128   0.02021
      1129   0.01958
      1130   0.01958
      1131   0.01895
      1132   0.01895
      1133   0.01895
      1134   0.01895
      1135   0.01895
      1136   0.01895
      1137   0.01832
      1138   0.01769
      1139   0.01769
      1140   0.01769
      1141   0.01769
      1142   0.01769
      1143   0.01769
      1144   0.01706
      1145   0.01706
      1146   0.01706
      1147   0.01706
      1148   0.01706
      1149   0.01642
      1150   0.01642
      1151   0.01642
      1152   0.01579
      1153   0.01579
      1154   0.01579
      1155   0.01579
      1156   0.01579
      1157   0.01579
      1158   0.01579
      1159   0.01579
      1160   0.01579
      1161   0.01516
      1162   0.01453
      1163   0.02148
      1164   0.02274
      1165   0.02274
      1166   0.02274
      1167   0.02274
      1168   0.02211
      1169   0.02148
      1170   0.02085
      1171   0.02021
      1172   0.01958
      1173   0.01769
      1174   0.01706
      1175   0.01642
      1176   0.01769
      1177   0.01832
      1178   0.01895
      1179   0.01958
      1180   0.02021
      1181   0.02085
      1182   0.02148
      1183   0.02211
      1184   0.02274
      1185   0.02337
      1186   0.02401
      1187   0.02464
      1188   0.02527
      1189   0.02527
      1190   0.02527
      1191   0.02337
      1192   0.01958
      1193   0.01958
      1194   0.01958
      1195   0.01958
      1196   0.01958
      1197   0.02021
      1198   0.02021
      1199   0.02021
      1200   0.02021
      1201   0.02021
      1202   0.02021
      1203   0.02085
      1204   0.02085
      1205   0.02085
      1206   0.02085
      1207   0.02148
      1208   0.02148
      1209   0.02148
      1210   0.02148
      1211   0.02148
      1212   0.02148
      1213   0.02148
      1214   0.02211
      1215   0.02274
      1216   0.02274
      1217   0.02274
      1218   0.02274
      1219   0.02274
      1220   0.02274
      1221   0.02274
      1222   0.02274
      1223   0.02337
      1224   0.02337
      1225   0.02401
      1226   0.02401
      1227   0.02401
      1228   0.02401
      1229   0.02401
      1230   0.02464
      1231   0.02464
      1232   0.02464
      1233   0.02464
      1234   0.02527
      1235   0.02527
      1236   0.02527
      1237   0.02590
      1238   0.02590
      1239   0.02590
      1240   0.02590
      1241   0.02590
      1242   0.02590
      1243   0.02653
      1244   0.02716
      1245   0.02716
      1246   0.02716
      1247   0.02716
      1248   0.02716
      1249   0.02716
      1250   0.02780
      1251   0.02843
      1252   0.02843
      1253   0.02843
      1254   0.02843
      1255   0.02906
      1256   0.02906
      1257   0.02906
      1258   0.02906
      1259   0.02969
      1260   0.02969
      1261   0.03032
      1262   0.03032
      1263   0.03032
      1264   0.03032
      1265   0.03032
      1266   0.03032
      1267   0.03159
      1268   0.03159
      1269   0.03159
      1270   0.03159
      1271   0.03159
      1272   0.03222
      1273   0.03222
      1274   0.03285
      1275   0.03285
      1276   0.03285
      1277   0.03285
      1278   0.03348
      1279   0.03348
      1280   0.03411
      1281   0.03411
      1282   0.03411
      1283   0.03411
      1284   0.03474
      1285   0.03474
      1286   0.03474
      1287   0.03538
      1288   0.03538
      1289   0.03538
      1290   0.03538
      1291   0.03601
      1292   0.03601
      1293   0.03601
      1294   0.03664
      1295   0.03664
      1296   0.03664
      1297   0.03664
      1298   0.03664
      1299   0.03727
      1300   0.03790
      1301   0.03790
      1302   0.03790
      1303   0.03790
      1304   0.03790
      1305   0.03790
      1306   0.03790
      1307   0.03853
      1308   0.03853
      1309   0.03853
      1310   0.03853
      1311   0.03853
      1312   0.03853
      1313   0.03917
      1314   0.03980
      1315   0.03980
      1316   0.03980
      1317   0.03980
      1318   0.03980
      1319   0.03980
      1320   0.03980
      1321   0.03980
      1322   0.04043
      1323   0.04043
      1324   0.03980
      1325   0.03980
      1326   0.03980
      1327   0.03980
      1328   0.03980
      1329   0.03980
      1330   0.03980
      1331   0.04043
      1332   0.04043
      1333   0.04043
      1334   0.04043
      1335   0.04043
      1336   0.04043
      1337   0.04043
      1338   0.04043
      1339   0.04043
      1340   0.03980
      1341   0.03980
      1342   0.03980
      1343   0.03980
      1344   0.03980
      1345   0.03980
      1346   0.04043
      1347   0.04043
      1348   0.04043
      1349   0.03980
      1350   0.03980
      1351   0.03980
      1352   0.03980
      1353   0.03980
      1354   0.03980
      1355   0.03980
      1356   0.03917
      1357   0.03853
      1358   0.03853
      1359   0.03853
      1360   0.03853
      1361   0.03853
      1362   0.03853
      1363   0.03790
      1364   0.03790
      1365   0.03790
      1366   0.03790
      1367   0.03790
      1368   0.03790
      1369   0.03790
      1370   0.03727
      1371   0.03727
      1372   0.03664
      1373   0.03664
      1374   0.03664
      1375   0.03664
      1376   0.03664
      1377   0.03601
      1378   0.03601
      1379   0.03601
      1380   0.03538
      1381   0.03538
      1382   0.03538
      1383   0.03474
      1384   0.03474
      1385   0.03474
      1386   0.03411
      1387   0.03411
      1388   0.03411
      1389   0.03411
      1390   0.03348
      1391   0.03348
      1392   0.03285
      1393   0.03285
      1394   0.03285
      1395   0.03285
      1396   0.03285
      1397   0.03222
      1398   0.03159
      1399   0.03159
      1400   0.03159
      1401   0.03159
      1402   0.03159
      1403   0.03159
      1404   0.03032
      1405   0.03032
      1406   0.03032
      1407   0.03032
      1408   0.03032
      1409   0.02969
      1410   0.02969
      1411   0.02906
      1412   0.02906
      1413   0.02906
      1414   0.02906
      1415   0.02843
      1416   0.02843
      1417   0.02843
      1418   0.02843
      1419   0.02780
      1420   0.02780
      1421   0.02716
      1422   0.02716
      1423   0.02716
      1424   0.02716
      1425   0.02716
      1426   0.02716
      1427   0.02590
      1428   0.02590
      1429   0.02590
      1430   0.02590
      1431   0.02590
      1432   0.02590
      1433   0.02527
      1434   0.02527
      1435   0.02527
      1436   0.02464
      1437   0.02464
      1438   0.02464
      1439   0.02464
      1440   0.02401
      1441   0.02401
      1442   0.02401
      1443   0.02401
      1444   0.02401
      1445   0.02401
      1446   0.02337
      1447   0.02274
      1448   0.02274
      1449   0.02274
      1450   0.02274
      1451   0.02274
      1452   0.02274
      1453   0.02274
      1454   0.02274
      1455   0.02211
      1456   0.02148
      1457   0.02148
      1458   0.02148
      1459   0.02148
      1460   0.02148
      1461   0.02148
      1462   0.02148
      1463   0.02148
      1464   0.02085
      1465   0.02085
      1466   0.02085
      1467   0.02085
      1468   0.02021
      1469   0.02021
      1470   0.02021
      1471   0.02021
      1472   0.02021
      1473   0.01958
      1474   0.01958
      1475   0.01958
      1476   0.01958
      1477   0.01958
      1478   0.01958
      1479   0.01958
      1480   0.01895
      1481   0.01895
      1482   0.01895
      1483   0.01895
      1484   0.01832
      1485   0.01832
      1486   0.01832
      1487   0.01832
      1488   0.01832
      1489   0.01832
      1490   0.01832
      1491   0.01832
      1492   0.01832
      1493   0.01832
      1494   0.01769
      1495   0.01706
      1496   0.01706
      1497   0.01706
      1498   0.01706
      1499   0.01706
      1500   0.01706
      1501   0.01706
      1502   0.01706
      1503   0.01706
      1504   0.01706
      1505   0.01706
      1506   0.01706
      1507   0.01706
      1508   0.01642
      1509   0.01642
      1510   0.01579
      1511   0.01579
      1512   0.01579
      1513   0.01579
      1514   0.01579
      1515   0.01579
      1516   0.01579
      1517   0.01579
      1518   0.01579
      1519   0.01579
      1520   0.01579
      1521   0.01579
      1522   0.01579
      1523   0.01516
      1524   0.01516
      1525   0.01516
      1526   0.01516
      1527   0.01516
      1528   0.01516
      1529   0.01453
      1530   0.01453
      1531   0.01453
      1532   0.01453
      1533   0.01453
      1534   0.02211
      1535   0.02401
      1536   0.02464
      1537   0.02464
      1538   0.02464
      1539   0.02464
      1540   0.02401
      1541   0.02274
      1542   0.02211
      1543   0.02148
      1544   0.02085
      1545   0.02021
      1546   0.01958
      1547   0.02085
      1548   0.02148
      1549   0.02211
      1550   0.02274
      1551   0.02337
      1552   0.02401
      1553   0.02464
      1554   0.02527
      1555   0.02590
      1556   0.02653
      1557   0.02716
      1558   0.02780
      1559   0.02780
      1560   0.02843
      1561   0.02906
      1562   0.02906
      1563   0.02969
      1564   0.02906
      1565   0.02843
      1566   0.02780
      1567   0.02274
      1568   0.02211
      1569   0.02148
      1570   0.02085
      1571   0.02021
      1572   0.01958
      1573   0.01895
      1574   0.01832
      1575   0.01769
      1576   0.01706
      1577   0.01642
      1578   0.01579
      1579   0.01516
      1580   0.01453
      1581   0.01390
      1582   0.01327
      1583   0.01263
