         1   0.97473
         2   0.97473
         3   0.97473
         4   0.97473
         5   0.97536
         6   0.97536
         7   0.97536
         8   0.97536
         9   0.97536
        10   0.97536
        11   0.97536
        12   0.97599
        13   0.97663
        14   0.97663
        15   0.97726
        16   0.97789
        17   0.97852
        18   0.97915
        19   0.97915
        20   0.97979
        21   0.98042
        22   0.98105
        23   0.98105
        24   0.98168
        25   0.98231
        26   0.98294
        27   0.98294
        28   0.98358
        29   0.98421
        30   0.98484
        31   0.98484
        32   0.98547
        33   0.98610
        34   0.98673
        35   0.98673
        36   0.98737
        37   0.98800
        38   0.98863
        39   0.98863
        40   0.98926
        41   0.98989
        42   0.99052
        43   0.99052
        44   0.99116
        45   0.99179
        46   0.99242
        47   0.99242
        48   0.99305
        49   0.99368
        50   0.99431
        51   0.99431
        52   0.99495
        53   0.99558
        54   0.99621
        55   0.99621
        56   0.99684
        57   0.99747
        58   0.99810
        59   0.99810
        60   0.99874
        61   0.99937
        62   0.99937
        63   0.99937
        64   0.99937
        65   0.99937
        66   0.99937
        67   0.99937
        68   0.99937
        69   0.99937
        70   0.99937
        71   0.99937
        72   0.99937
        73   0.99937
        74   0.99937
        75   0.99937
        76   0.99937
        77   0.99937
        78   0.99937
        79   0.99937
        80   0.99937
        81   0.99937
        82   0.99937
        83   0.99937
        84   0.99937
        85   0.99937
        86   0.99937
        87   0.99937
        88   0.99937
        89   0.99937
        90   0.99937
        91   0.99937
        92   0.99937
        93   0.99937
        94   0.99937
        95   0.99937
        96   0.99937
        97   0.99937
        98   0.99937
        99   0.99937
       100   0.99937
       101   0.99937
       102   0.99937
       103   0.99937
       104   0.99937
       105   0.99937
       106   0.99937
       107   0.99937
       108   0.99937
       109   0.99937
       110   0.99937
       111   0.99937
       112   0.99937
       113   0.99937
       114   0.99937
       115   0.99937
       116   0.99937
       117   0.99937
       118   0.99937
       119   0.99937
       120   0.99937
       121   0.99937
       122   0.99937
       123   0.99937
       124   0.99937
       125   0.99937
       126   0.99937
       127   0.99937
       128   0.99937
       129   0.99937
       130   0.99937
       131   0.99937
       132   0.99937
       133   0.99937
       134   0.99937
       135   0.99937
       136   0.99937
       137   0.99937
       138   0.99937
       139   0.99937
       140   0.99937
       141   0.99937
       142   0.99937
       143   0.99937
       144   0.99937
       145   0.99937
       146   0.99937
       147   0.99937
       148   0.99937
       149   0.99937
       150   0.99937
       151   0.99937
       152   0.99937
       153   0.99937
       154   0.99937
       155   0.99937
       156   0.99937
       157   0.99937
       158   0.99937
       159   0.99937
       160   0.99937
       161   0.99937
       162   0.99937
       163   0.99937
       164   0.99937
       165   0.99937
       166   0.99937
       167   0.99937
       168   0.99937
       169   0.99937
       170   0.99937
       171   0.99937
       172   0.99937
       173   0.99937
       174   0.99937
       175   0.99937
       176   0.99937
       177   0.99937
       178   0.99937
       179   0.99937
       180   0.99937
       181   0.99937
       182   0.99937
       183   0.99937
       184   0.99937
       185   0.99937
       186   0.99937
       187   0.99937
       188   0.99937
       189   0.99937
       190   0.99937
       191   0.99937
       192   0.99937
       193   0.99937
       194   0.99937
       195   0.99937
       196   0.99937
       197   0.99937
       198   0.99937
       199   0.99937
       200   0.99937
       201   0.99937
       202   0.99937
       203   0.99937
       204   0.99937
       205   0.99937
       206   0.99937
       207   0.99937
       208   0.99937
       209   0.99937
       210   0.99937
       211   0.99937
       212   0.99937
       213   0.99937
       214   0.99937
       215   0.99937
       216   0.99937
       217   0.99937
       218   0.99937
       219   0.99937
       220   0.99937
       221   0.99937
       222   0.99937
       223   0.99937
       224   0.99937
       225   0.99937
       226   0.99937
       227   0.99937
       228   0.99937
       229   0.99937
       230   0.99937
       231   0.99937
       232   0.99937
       233   0.99937
       234   0.99937
       235   0.99937
       236   0.99937
       237   0.99937
       238   0.99937
       239   0.99937
       240   0.99937
       241   0.99937
       242   0.99937
       243   0.99937
       244   0.99937
       245   0.99937
       246   0.99937
       247   0.99937
       248   0.99937
       249   0.99937
       250   0.99937
       251   0.99937
       252   0.99937
       253   0.99937
       254   0.99937
       255   0.99937
       256   0.99937
       257   0.99937
       258   0.99937
       259   0.99937
       260   0.99937
       261   0.99937
       262   0.99937
       263   0.99937
       264   0.99937
       265   0.99937
       266   0.99937
       267   0.99937
       268   0.99937
       269   0.99937
       270   0.99937
       271   0.99937
       272   0.99937
       273   0.99937
       274   0.99937
       275   0.99937
       276   0.99937
       277   0.99937
       278   0.99937
       279   0.99937
       280   0.99937
       281   0.99937
       282   0.99937
       283   0.99937
       284   0.99937
       285   0.99937
       286   0.99937
       287   0.99937
       288   0.99937
       289   0.99937
       290   0.99937
       291   0.99937
       292   0.99937
       293   0.99937
       294   0.99937
       295   0.99937
       296   0.99937
       297   0.99937
       298   0.99937
       299   0.99937
       300   0.99937
       301   0.99937
       302   0.99937
       303   0.99937
       304   0.99937
       305   0.99937
       306   0.99937
       307   0.99937
       308   0.99937
       309   0.99937
       310   0.99937
       311   0.99937
       312   0.99937
       313   0.99937
       314   0.99937
       315   0.99937
       316   0.99937
       317   0.99937
       318   0.99937
       319   0.99937
       320   0.99937
       321   0.99937
       322   0.99937
       323   0.99937
       324   0.99937
       325   0.99937
       326   0.99937
       327   0.99937
       328   0.99937
       329   0.99937
       330   0.99937
       331   0.99937
       332   0.99937
       333   0.99937
       334   0.99937
       335   0.99937
       336   0.99937
       337   0.99937
       338   0.99937
       339   0.99937
       340   0.99937
       341   0.99937
       342   0.99937
       343   0.99937
       344   0.99937
       345   0.99937
       346   0.99937
       347   0.99937
       348   0.99937
       349   0.99937
       350   0.99937
       351   0.99937
       352   0.99937
       353   0.99937
       354   0.99937
       355   0.99937
       356   0.99937
       357   0.99937
       358   0.99937
       359   0.99937
       360   0.99937
       361   0.99937
       362   0.99937
       363   0.99937
       364   0.99937
       365   0.99937
       366   0.99937
       367   0.99937
       368   0.99937
       369   0.99937
       370   0.99937
       371   0.99937
       372   0.99937
       373   0.99937
       374   0.99937
       375   0.99937
       376   0.99937
       377   0.99937
       378   0.99937
       379   0.99937
       380   0.99937
       381   0.99937
       382   0.99937
       383   0.99937
       384   0.99937
       385   0.99937
       386   0.99937
       387   0.99937
       388   0.99937
       389   0.99937
       390   0.99937
       391   0.99937
       392   0.99937
       393   0.99937
       394   0.99937
       395   0.99937
       396   0.99937
       397   0.99937
       398   0.99937
       399   0.99937
       400   0.99937
       401   0.99937
       402   0.99937
       403   0.99937
       404   0.99937
       405   0.99937
       406   0.99937
       407   0.99937
       408   0.99937
       409   0.99937
       410   0.99937
       411   0.99937
       412   0.99937
       413   0.99937
       414   0.99937
       415   0.99937
       416   0.99937
       417   0.99937
       418   0.99937
       419   0.99937
       420   0.99937
       421   0.99937
       422   0.99937
       423   0.99937
       424   0.99937
       425   0.99937
       426   0.99937
       427   0.99937
       428   0.99937
       429   0.99937
       430   0.99937
       431   0.99937
       432   0.99937
       433   0.99937
       434   0.99937
       435   0.99937
       436   0.99937
       437   0.99937
       438   0.99937
       439   0.99937
       440   0.99937
       441   0.99937
       442   0.99937
       443   0.99937
       444   0.99937
       445   0.99937
       446   0.99937
       447   0.99937
       448   0.99937
       449   0.99937
       450   0.99937
       451   0.99937
       452   0.99937
       453   0.99937
       454   0.99937
       455   0.99937
       456   0.99937
       457   0.99937
       458   0.99937
       459   0.99937
       460   0.99937
       461   0.99937
       462   0.99937
       463   0.99937
       464   0.99937
       465   0.99937
       466   0.99937
       467   0.99937
       468   0.99937
       469   0.99937
       470   0.99937
       471   0.99937
       472   0.99937
       473   0.99937
       474   0.99937
       475   0.99937
       476   0.99937
       477   0.99937
       478   0.99937
       479   0.99937
       480   0.99937
       481   0.99937
       482   0.99937
       483   0.99937
       484   0.99937
       485   0.99937
       486   0.99937
       487   0.99937
       488   0.99937
       489   0.99937
       490   0.99937
       491   0.99937
       492   0.99937
       493   0.99937
       494   0.99937
       495   0.99937
       496   0.99937
       497   0.99937
       498   0.99937
       499   0.99937
       500   0.99937
       501   0.99937
       502   0.99937
       503   0.99937
       504   0.99937
       505   0.99937
       506   0.99937
       507   0.99937
       508   0.99937
       509   0.99937
       510   0.99937
       511   0.99937
       512   0.99937
       513   0.99937
       514   0.99937
       515   0.99937
       516   0.99937
       517   0.99937
       518   0.99937
       519   0.99937
       520   0.99937
       521   0.99937
       522   0.99937
       523   0.99937
       524   0.99937
       525   0.99937
       526   0.99937
       527   0.99937
       528   0.99937
       529   0.99937
       530   0.99937
       531   0.99937
       532   0.99937
       533   0.99937
       534   0.99937
       535   0.99937
       536   0.99937
       537   0.99937
       538   0.99937
       539   0.99937
       540   0.99937
       541   0.99937
       542   0.99937
       543   0.99937
       544   0.99937
       545   0.99937
       546   0.99937
       547   0.99937
       548   0.99937
       549   0.99937
       550   0.99937
       551   0.99937
       552   0.99937
       553   0.99937
       554   0.99937
       555   0.99937
       556   0.99937
       557   0.99937
       558   0.99937
       559   0.99937
       560   0.99937
       561   0.99937
       562   0.99937
       563   0.99937
       564   0.99937
       565   0.99937
       566   0.99937
       567   0.99937
       568   0.99937
       569   0.99937
       570   0.99937
       571   0.99937
       572   0.99937
       573   0.99937
       574   0.99937
       575   0.99937
       576   0.99937
       577   0.99937
       578   0.99937
       579   0.99937
       580   0.99937
       581   0.99937
       582   0.99937
       583   0.99937
       584   0.99937
       585   0.99937
       586   0.99937
       587   0.99937
       588   0.99937
       589   0.99937
       590   0.99937
       591   0.99937
       592   0.99937
       593   0.99937
       594   0.99937
       595   0.99937
       596   0.99937
       597   0.99937
       598   0.99937
       599   0.99937
       600   0.99937
       601   0.99937
       602   0.99937
       603   0.99937
       604   0.99937
       605   0.99937
       606   0.99937
       607   0.99937
       608   0.99937
       609   0.99937
       610   0.99937
       611   0.99937
       612   0.99937
       613   0.99937
       614   0.99937
       615   0.99937
       616   0.99937
       617   0.99937
       618   0.99937
       619   0.99937
       620   0.99937
       621   0.99937
       622   0.99937
       623   0.99937
       624   0.99937
       625   0.99937
       626   0.99937
       627   0.99937
       628   0.99937
       629   0.99937
       630   0.99937
       631   0.99937
       632   0.99937
       633   0.99937
       634   0.99937
       635   0.99937
       636   0.99937
       637   0.99937
       638   0.99937
       639   0.99937
       640   0.99937
       641   0.99937
       642   0.99937
       643   0.99937
       644   0.99937
       645   0.99937
       646   0.99937
       647   0.99937
       648   0.99937
       649   0.99937
       650   0.99937
       651   0.99937
       652   0.99937
       653   0.99937
       654   0.99937
       655   0.99937
       656   0.99937
       657   0.99937
       658   0.99937
       659   0.99937
       660   0.99937
       661   0.99937
       662   0.99937
       663   0.99937
       664   0.99937
       665   0.99937
       666   0.99937
       667   0.99937
       668   0.99937
       669   0.99937
       670   0.99937
       671   0.99937
       672   0.99937
       673   0.99937
       674   0.99937
       675   0.99937
       676   0.99937
       677   0.99937
       678   0.99937
       679   0.99937
       680   0.99937
       681   0.99937
       682   0.99937
       683   0.99937
       684   0.99937
       685   0.99937
       686   0.99937
       687   0.99937
       688   0.99937
       689   0.99937
       690   0.99937
       691   0.99937
       692   0.99937
       693   0.99937
       694   0.99937
       695   0.99937
       696   0.99937
       697   0.99937
       698   0.99937
       699   0.99937
       700   0.99937
       701   0.99937
       702   0.99937
       703   0.99937
       704   0.99937
       705   0.99937
       706   0.99937
       707   0.99937
       708   0.99937
       709   0.99937
       710   0.99937
       711   0.99937
       712   0.99937
       713   0.99937
       714   0.99937
       715   0.99937
       716   0.99937
       717   0.99937
       718   0.99937
       719   0.99937
       720   0.99937
       721   0.99937
       722   0.99937
       723   0.99937
       724   0.99937
       725   0.99937
       726   0.99937
       727   0.99937
       728   0.99937
       729   0.99937
       730   0.99937
       731   0.99937
       732   0.99937
       733   0.99937
       734   0.99937
       735   0.99937
       736   0.99937
       737   0.99937
       738   0.99937
       739   0.99937
       740   0.99937
       741   0.99937
       742   0.99937
       743   0.99937
       744   0.99937
       745   0.99937
       746   0.99937
       747   0.99937
       748   0.99937
       749   0.99937
       750   0.99937
       751   0.99937
       752   0.99937
       753   0.99937
       754   0.99937
       755   0.99937
       756   0.99937
       757   0.99937
       758   0.99937
       759   0.99937
       760   0.99937
       761   0.99937
       762   0.99937
       763   0.99937
       764   0.99937
       765   0.99937
       766   0.99937
       767   0.99937
       768   0.99937
       769   0.99937
       770   0.99937
       771   0.99937
       772   0.99937
       773   0.99937
       774   0.99937
       775   0.99937
       776   0.99937
       777   0.99937
       778   0.99937
       779   0.99937
       780   0.99937
       781   0.99937
       782   0.99937
       783   0.99937
       784   0.99937
       785   0.99937
       786   0.99937
       787   0.99937
       788   0.99937
       789   0.99937
       790   0.99937
       791   0.99937
       792   0.99937
       793   0.99937
       794   0.99937
       795   0.99937
       796   0.99937
       797   0.99937
       798   0.99937
       799   0.99937
       800   0.99937
       801   0.99937
       802   0.99937
       803   0.99937
       804   0.99937
       805   0.99937
       806   0.99937
       807   0.99937
       808   0.99937
       809   0.99937
       810   0.99937
       811   0.99937
       812   0.99937
       813   0.99937
       814   0.99937
       815   0.99937
       816   0.99937
       817   0.99937
       818   0.99937
       819   0.99937
       820   0.99937
       821   0.99937
       822   0.99937
       823   0.99937
       824   0.99937
       825   0.99937
       826   0.99937
       827   0.99937
       828   0.99937
       829   0.99937
       830   0.99937
       831   0.99937
       832   0.99937
       833   0.99937
       834   0.99937
       835   0.99937
       836   0.99937
       837   0.99937
       838   0.99937
       839   0.99937
       840   0.99937
       841   0.99937
       842   0.99937
       843   0.99937
       844   0.99937
       845   0.99937
       846   0.99937
       847   0.99937
       848   0.99937
       849   0.99937
       850   0.99937
       851   0.99937
       852   0.99937
       853   0.99937
       854   0.99937
       855   0.99937
       856   0.99937
       857   0.99937
       858   0.99937
       859   0.99937
       860   0.99937
       861   0.99937
       862   0.99937
       863   0.99937
       864   0.99937
       865   0.99937
       866   0.99937
       867   0.99937
       868   0.99937
       869   0.99937
       870   0.99937
       871   0.99937
       872   0.99937
       873   0.99937
       874   0.99937
       875   0.99937
       876   0.99937
       877   0.99937
       878   0.99937
       879   0.99937
       880   0.99937
       881   0.99937
       882   0.99937
       883   0.99937
       884   0.99937
       885   0.99937
       886   0.99937
       887   0.99937
       888   0.99937
       889   0.99937
       890   0.99937
       891   0.99937
       892   0.99937
       893   0.99937
       894   0.99937
       895   0.99937
       896   0.99937
       897   0.99937
       898   0.99937
       899   0.99937
       900   0.99937
       901   0.99937
       902   0.99937
       903   0.99937
       904   0.99937
       905   0.99937
       906   0.99937
       907   0.99937
       908   0.99937
       909   0.99937
       910   0.99937
       911   0.99937
       912   0.99937
       913   0.99937
       914   0.99937
       915   0.99937
       916   0.99937
       917   0.99937
       918   0.99937
       919   0.99937
       920   0.99937
       921   0.99937
       922   0.99937
       923   0.99937
       924   0.99937
       925   0.99937
       926   0.99937
       927   0.99937
       928   0.99937
       929   0.99937
       930   0.99937
       931   0.99937
       932   0.99937
       933   0.99937
       934   0.99937
       935   0.99937
       936   0.99937
       937   0.99937
       938   0.99937
       939   0.99937
       940   0.99937
       941   0.99937
       942   0.99937
       943   0.99937
       944   0.99937
       945   0.99937
       946   0.99937
       947   0.99937
       948   0.99937
       949   0.99937
       950   0.99937
       951   0.99937
       952   0.99937
       953   0.99937
       954   0.99937
       955   0.99937
       956   0.99937
       957   0.99937
       958   0.99937
       959   0.99937
       960   0.99937
       961   0.99937
       962   0.99937
       963   0.99937
       964   0.99937
       965   0.99937
       966   0.99937
       967   0.99937
       968   0.99937
       969   0.99937
       970   0.99937
       971   0.99937
       972   0.99937
       973   0.99937
       974   0.99937
       975   0.99937
       976   0.99937
       977   0.99937
       978   0.99937
       979   0.99937
       980   0.99937
       981   0.99937
       982   0.99937
       983   0.99937
       984   0.99937
       985   0.99937
       986   0.99937
       987   0.99937
       988   0.99937
       989   0.99937
       990   0.99937
       991   0.99937
       992   0.99937
       993   0.99937
       994   0.99937
       995   0.99937
       996   0.99937
       997   0.99937
       998   0.99937
       999   0.99937
      1000   0.99937
      1001   0.99937
      1002   0.99937
      1003   0.99937
      1004   0.99937
      1005   0.99937
      1006   0.99937
      1007   0.99937
      1008   0.99937
      1009   0.99937
      1010   0.99937
      1011   0.99937
      1012   0.99937
      1013   0.99937
      1014   0.99937
      1015   0.99937
      1016   0.99937
      1017   0.99937
      1018   0.99937
      1019   0.99937
      1020   0.99937
      1021   0.99937
      1022   0.99937
      1023   0.99937
      1024   0.99937
      1025   0.99937
      1026   0.99937
      1027   0.99937
      1028   0.99937
      1029   0.99937
      1030   0.99937
      1031   0.99937
      1032   0.99937
      1033   0.99937
      1034   0.99937
      1035   0.99937
      1036   0.99937
      1037   0.99937
      1038   0.99937
      1039   0.99937
      1040   0.99937
      1041   0.99937
      1042   0.99937
      1043   0.99937
      1044   0.99937
      1045   0.99937
      1046   0.99937
      1047   0.99937
      1048   0.99937
      1049   0.99937
      1050   0.99937
      1051   0.99937
      1052   0.99937
      1053   0.99937
      1054   0.99937
      1055   0.99937
      1056   0.99937
      1057   0.99937
      1058   0.99937
      1059   0.99937
      1060   0.99937
      1061   0.99937
      1062   0.99937
      1063   0.99937
      1064   0.99937
      1065   0.99937
      1066   0.99937
      1067   0.99937
      1068   0.99937
      1069   0.99937
      1070   0.99937
      1071   0.99937
      1072   0.99937
      1073   0.99937
      1074   0.99937
      1075   0.99937
      1076   0.99937
      1077   0.99937
      1078   0.99937
      1079   0.99937
      1080   0.99937
      1081   0.99937
      1082   0.99937
      1083   0.99937
      1084   0.99937
      1085   0.99937
      1086   0.99937
      1087   0.99937
      1088   0.99937
      1089   0.99937
      1090   0.99937
      1091   0.99937
      1092   0.99937
      1093   0.99937
      1094   0.99937
      1095   0.99937
      1096   0.99937
      1097   0.99937
      1098   0.99937
      1099   0.99937
      1100   0.99937
      1101   0.99937
      1102   0.99937
      1103   0.99937
      1104   0.99937
      1105   0.99937
      1106   0.99937
      1107   0.99937
      1108   0.99937
      1109   0.99937
      1110   0.99937
      1111   0.99937
      1112   0.99937
      1113   0.99937
      1114   0.99937
      1115   0.99937
      1116   0.99937
      1117   0.99937
      1118   0.99937
      1119   0.99937
      1120   0.99937
      1121   0.99937
      1122   0.99937
      1123   0.99937
      1124   0.99937
      1125   0.99937
      1126   0.99937
      1127   0.99937
      1128   0.99937
      1129   0.99937
      1130   0.99937
      1131   0.99937
      1132   0.99937
      1133   0.99937
      1134   0.99937
      1135   0.99937
      1136   0.99937
      1137   0.99937
      1138   0.99937
      1139   0.99937
      1140   0.99937
      1141   0.99937
      1142   0.99937
      1143   0.99937
      1144   0.99937
      1145   0.99937
      1146   0.99937
      1147   0.99937
      1148   0.99937
      1149   0.99937
      1150   0.99937
      1151   0.99937
      1152   0.99937
      1153   0.99937
      1154   0.99937
      1155   0.99937
      1156   0.99937
      1157   0.99937
      1158   0.99937
      1159   0.99937
      1160   0.99937
      1161   0.99937
      1162   0.99937
      1163   0.99937
      1164   0.99937
      1165   0.99937
      1166   0.99937
      1167   0.99937
      1168   0.99937
      1169   0.99937
      1170   0.99937
      1171   0.99937
      1172   0.99937
      1173   0.99937
      1174   0.99937
      1175   0.99937
      1176   0.99937
      1177   0.99937
      1178   0.99937
      1179   0.99937
      1180   0.99937
      1181   0.99937
      1182   0.99937
      1183   0.99937
      1184   0.99937
      1185   0.99937
      1186   0.99937
      1187   0.99937
      1188   0.99937
      1189   0.99937
      1190   0.99937
      1191   0.99937
      1192   0.99937
      1193   0.99937
      1194   0.99937
      1195   0.99937
      1196   0.99937
      1197   0.99937
      1198   0.99937
      1199   0.99937
      1200   0.99937
      1201   0.99937
      1202   0.99937
      1203   0.99937
      1204   0.99937
      1205   0.99937
      1206   0.99937
      1207   0.99937
      1208   0.99937
      1209   0.99937
      1210   0.99937
      1211   0.99937
      1212   0.99937
      1213   0.99937
      1214   0.99937
      1215   0.99937
      1216   0.99937
      1217   0.99937
      1218   0.99937
      1219   0.99937
      1220   0.99937
      1221   0.99937
      1222   0.99937
      1223   0.99937
      1224   0.99937
      1225   0.99937
      1226   0.99937
      1227   0.99937
      1228   0.99937
      1229   0.99937
      1230   0.99937
      1231   0.99937
      1232   0.99937
      1233   0.99937
      1234   0.99937
      1235   0.99937
      1236   0.99937
      1237   0.99937
      1238   0.99937
      1239   0.99937
      1240   0.99937
      1241   0.99937
      1242   0.99937
      1243   0.99937
      1244   0.99937
      1245   0.99937
      1246   0.99937
      1247   0.99937
      1248   0.99937
      1249   0.99937
      1250   0.99937
      1251   0.99937
      1252   0.99937
      1253   0.99937
      1254   0.99937
      1255   0.99937
      1256   0.99937
      1257   0.99937
      1258   0.99937
      1259   0.99937
      1260   0.99937
      1261   0.99937
      1262   0.99937
      1263   0.99937
      1264   0.99937
      1265   0.99937
      1266   0.99937
      1267   0.99937
      1268   0.99937
      1269   0.99937
      1270   0.99937
      1271   0.99937
      1272   0.99937
      1273   0.99937
      1274   0.99937
      1275   0.99937
      1276   0.99937
      1277   0.99937
      1278   0.99937
      1279   0.99937
      1280   0.99937
      1281   0.99937
      1282   0.99937
      1283   0.99937
      1284   0.99937
      1285   0.99937
      1286   0.99937
      1287   0.99937
      1288   0.99937
      1289   0.99937
      1290   0.99937
      1291   0.99937
      1292   0.99937
      1293   0.99937
      1294   0.99937
      1295   0.99937
      1296   0.99937
      1297   0.99937
      1298   0.99937
      1299   0.99937
      1300   0.99937
      1301   0.99937
      1302   0.99937
      1303   0.99937
      1304   0.99937
      1305   0.99937
      1306   0.99937
      1307   0.99937
      1308   0.99937
      1309   0.99937
      1310   0.99937
      1311   0.99937
      1312   0.99937
      1313   0.99937
      1314   0.99937
      1315   0.99937
      1316   0.99937
      1317   0.99937
      1318   0.99937
      1319   0.99937
      1320   0.99937
      1321   0.99937
      1322   0.99937
      1323   0.99937
      1324   0.99937
      1325   0.99937
      1326   0.99937
      1327   0.99937
      1328   0.99937
      1329   0.99937
      1330   0.99937
      1331   0.99937
      1332   0.99937
      1333   0.99937
      1334   0.99937
      1335   0.99937
      1336   0.99937
      1337   0.99937
      1338   0.99937
      1339   0.99937
      1340   0.99937
      1341   0.99937
      1342   0.99937
      1343   0.99937
      1344   0.99937
      1345   0.99937
      1346   0.99937
      1347   0.99937
      1348   0.99937
      1349   0.99937
      1350   0.99937
      1351   0.99937
      1352   0.99937
      1353   0.99937
      1354   0.99937
      1355   0.99937
      1356   0.99937
      1357   0.99937
      1358   0.99937
      1359   0.99937
      1360   0.99937
      1361   0.99937
      1362   0.99937
      1363   0.99937
      1364   0.99937
      1365   0.99937
      1366   0.99937
      1367   0.99937
      1368   0.99937
      1369   0.99937
      1370   0.99937
      1371   0.99937
      1372   0.99937
      1373   0.99937
      1374   0.99937
      1375   0.99937
      1376   0.99937
      1377   0.99937
      1378   0.99937
      1379   0.99937
      1380   0.99937
      1381   0.99937
      1382   0.99937
      1383   0.99937
      1384   0.99937
      1385   0.99937
      1386   0.99937
      1387   0.99937
      1388   0.99937
      1389   0.99937
      1390   0.99937
      1391   0.99937
      1392   0.99937
      1393   0.99937
      1394   0.99937
      1395   0.99937
      1396   0.99937
      1397   0.99937
      1398   0.99937
      1399   0.99937
      1400   0.99937
      1401   0.99937
      1402   0.99937
      1403   0.99937
      1404   0.99937
      1405   0.99937
      1406   0.99937
      1407   0.99937
      1408   0.99937
      1409   0.99937
      1410   0.99937
      1411   0.99937
      1412   0.99937
      1413   0.99937
      1414   0.99937
      1415   0.99937
      1416   0.99937
      1417   0.99937
      1418   0.99937
      1419   0.99937
      1420   0.99937
      1421   0.99937
      1422   0.99937
      1423   0.99937
      1424   0.99937
      1425   0.99937
      1426   0.99937
      1427   0.99937
      1428   0.99937
      1429   0.99937
      1430   0.99937
      1431   0.99937
      1432   0.99937
      1433   0.99937
      1434   0.99937
      1435   0.99937
      1436   0.99937
      1437   0.99937
      1438   0.99937
      1439   0.99937
      1440   0.99937
      1441   0.99937
      1442   0.99937
      1443   0.99937
      1444   0.99937
      1445   0.99937
      1446   0.99937
      1447   0.99937
      1448   0.99937
      1449   0.99937
      1450   0.99937
      1451   0.99937
      1452   0.99937
      1453   0.99937
      1454   0.99937
      1455   0.99937
      1456   0.99937
      1457   0.99937
      1458   0.99937
      1459   0.99937
      1460   0.99937
      1461   0.99937
      1462   0.99937
      1463   0.99937
      1464   0.99937
      1465   0.99937
      1466   0.99937
      1467   0.99937
      1468   0.99937
      1469   0.99937
      1470   0.99937
      1471   0.99937
      1472   0.99937
      1473   0.99937
      1474   0.99937
      1475   0.99937
      1476   0.99937
      1477   0.99937
      1478   0.99937
      1479   0.99937
      1480   0.99937
      1481   0.99937
      1482   0.99937
      1483   0.99937
      1484   0.99937
      1485   0.99937
      1486   0.99937
      1487   0.99937
      1488   0.99937
      1489   0.99937
      1490   0.99937
      1491   0.99937
      1492   0.99937
      1493   0.99937
      1494   0.99937
      1495   0.99937
      1496   0.99937
      1497   0.99937
      1498   0.99937
      1499   0.99937
      1500   0.99937
      1501   0.99937
      1502   0.99937
      1503   0.99937
      1504   0.99937
      1505   0.99937
      1506   0.99937
      1507   0.99937
      1508   0.99937
      1509   0.99937
      1510   0.99937
      1511   0.99937
      1512   0.99937
      1513   0.99937
      1514   0.99937
      1515   0.99937
      1516   0.99937
      1517   0.99937
      1518   0.99937
      1519   0.99937
      1520   0.99937
      1521   0.99937
      1522   0.99937
      1523   0.99937
      1524   0.99937
      1525   0.99937
      1526   0.99937
      1527   0.99937
      1528   0.99937
      1529   0.99937
      1530   0.99937
      1531   0.99937
      1532   0.99937
      1533   0.99937
      1534   0.99937
      1535   0.99937
      1536   0.99937
      1537   0.99937
      1538   0.99937
      1539   0.99937
      1540   0.99937
      1541   0.99937
      1542   0.99937
      1543   0.99937
      1544   0.99937
      1545   0.99684
      1546   0.99242
      1547   0.99179
      1548   0.99052
      1549   0.98989
      1550   0.98926
      1551   0.98863
      1552   0.98737
      1553   0.98673
      1554   0.98610
      1555   0.98484
      1556   0.98421
      1557   0.98358
      1558   0.98231
      1559   0.98168
      1560   0.98105
      1561   0.97979
      1562   0.97915
      1563   0.97852
      1564   0.97726
      1565   0.97663
      1566   0.97599
      1567   0.97473
      1568   0.97410
      1569   0.97347
      1570   0.97220
      1571   0.97157
      1572   0.97094
      1573   0.96968
      1574   0.96905
      1575   0.96841
      1576   0.96715
      1577   0.96652
      1578   0.96589
      1579   0.96462
      1580   0.96399
      1581   0.96336
      1582   0.96210
      1583   0.96147
