         1   0.07707
         2   0.08086
         3   0.08339
         4   0.08591
         5   0.08781
         6   0.08907
         7   0.09097
         8   0.09223
         9   0.09413
        10   0.09539
        11   0.09665
        12   0.09728
        13   0.09855
        14   0.09981
        15   0.10044
        16   0.10171
        17   0.10234
        18   0.10360
        19   0.10423
        20   0.10486
        21   0.10550
        22   0.10613
        23   0.10739
        24   0.10802
        25   0.10865
        26   0.10929
        27   0.10992
        28   0.11055
        29   0.11118
        30   0.11181
        31   0.11181
        32   0.11244
        33   0.11308
        34   0.11371
        35   0.11434
        36   0.11434
        37   0.11497
        38   0.11560
        39   0.11623
        40   0.11623
        41   0.11687
        42   0.11687
        43   0.11750
        44   0.11813
        45   0.11813
        46   0.11876
        47   0.11876
        48   0.11939
        49   0.11939
        50   0.12003
        51   0.12003
        52   0.12066
        53   0.12066
        54   0.12129
        55   0.12129
        56   0.12192
        57   0.12192
        58   0.12192
        59   0.12255
        60   0.12255
        61   0.12255
        62   0.12318
        63   0.12318
        64   0.12318
        65   0.12382
        66   0.12382
        67   0.12382
        68   0.12382
        69   0.12445
        70   0.12445
        71   0.12445
        72   0.12445
        73   0.12508
        74   0.12508
        75   0.12508
        76   0.12508
        77   0.12508
        78   0.12508
        79   0.12508
        80   0.12571
        81   0.12571
        82   0.12571
        83   0.12571
        84   0.12571
        85   0.12571
        86   0.12571
        87   0.12571
        88   0.12571
        89   0.12571
        90   0.12571
        91   0.12571
        92   0.12571
        93   0.12571
        94   0.12571
        95   0.12571
        96   0.12571
        97   0.12571
        98   0.12571
        99   0.12571
       100   0.12571
       101   0.12634
       102   0.12697
       103   0.12761
       104   0.12824
       105   0.12887
       106   0.12950
       107   0.13013
       108   0.13076
       109   0.13140
       110   0.13203
       111   0.13266
       112   0.13329
       113   0.13392
       114   0.13455
       115   0.13519
       116   0.13582
       117   0.13645
       118   0.13708
       119   0.13771
       120   0.13834
       121   0.13898
       122   0.13961
       123   0.14024
       124   0.14024
       125   0.14087
       126   0.14150
       127   0.14214
       128   0.14277
       129   0.14340
       130   0.14340
       131   0.14403
       132   0.14466
       133   0.14529
       134   0.14529
       135   0.14593
       136   0.14656
       137   0.14719
       138   0.14719
       139   0.14782
       140   0.14845
       141   0.14845
       142   0.14908
       143   0.14908
       144   0.14972
       145   0.15035
       146   0.15035
       147   0.15098
       148   0.15098
       149   0.15161
       150   0.15224
       151   0.15224
       152   0.15287
       153   0.15287
       154   0.15351
       155   0.15351
       156   0.15351
       157   0.15414
       158   0.15414
       159   0.15477
       160   0.15477
       161   0.15477
       162   0.15540
       163   0.15540
       164   0.15540
       165   0.15603
       166   0.15603
       167   0.15603
       168   0.15603
       169   0.15603
       170   0.15603
       171   0.15666
       172   0.15666
       173   0.15666
       174   0.15666
       175   0.15666
       176   0.15666
       177   0.15666
       178   0.15666
       179   0.15603
       180   0.15603
       181   0.15603
       182   0.15603
       183   0.15540
       184   0.15540
       185   0.15540
       186   0.15477
       187   0.15414
       188   0.15414
       189   0.15351
       190   0.15287
       191   0.15224
       192   0.15161
       193   0.15098
       194   0.15035
       195   0.14908
       196   0.14782
       197   0.14656
       198   0.14466
       199   0.14277
       200   0.13898
       201   0.12634
       202   0.12634
       203   0.12634
       204   0.12634
       205   0.12634
       206   0.12634
       207   0.12634
       208   0.12634
       209   0.12634
       210   0.12634
       211   0.12634
       212   0.12634
       213   0.12634
       214   0.12634
       215   0.12634
       216   0.12634
       217   0.12634
       218   0.12634
       219   0.12634
       220   0.12634
       221   0.12634
       222   0.12634
       223   0.12634
       224   0.12634
       225   0.12634
       226   0.12634
       227   0.12634
       228   0.12634
       229   0.12634
       230   0.12634
       231   0.12634
       232   0.12634
       233   0.12634
       234   0.12634
       235   0.12634
       236   0.12634
       237   0.12634
       238   0.12634
       239   0.12634
       240   0.12634
       241   0.12634
       242   0.12634
       243   0.12634
       244   0.12634
       245   0.12634
       246   0.12634
       247   0.12634
       248   0.12634
       249   0.12634
       250   0.12634
       251   0.12634
       252   0.12634
       253   0.12634
       254   0.12634
       255   0.12634
       256   0.12634
       257   0.12634
       258   0.12634
       259   0.12634
       260   0.12634
       261   0.12634
       262   0.12634
       263   0.12634
       264   0.12634
       265   0.12634
       266   0.12634
       267   0.12634
       268   0.12634
       269   0.12634
       270   0.12634
       271   0.12634
       272   0.12634
       273   0.12634
       274   0.12634
       275   0.12634
       276   0.12634
       277   0.12634
       278   0.12634
       279   0.12634
       280   0.12634
       281   0.12634
       282   0.12634
       283   0.12634
       284   0.12634
       285   0.12634
       286   0.12634
       287   0.12634
       288   0.12634
       289   0.12634
       290   0.12571
       291   0.12761
       292   0.12887
       293   0.13013
       294   0.13076
       295   0.13203
       296   0.13266
       297   0.13329
       298   0.13455
       299   0.13519
       300   0.13582
       301   0.13582
       302   0.13645
       303   0.13708
       304   0.13771
       305   0.13771
       306   0.13834
       307   0.13898
       308   0.13898
       309   0.13961
       310   0.13961
       311   0.13961
       312   0.14024
       313   0.14024
       314   0.14024
       315   0.14087
       316   0.14087
       317   0.14087
       318   0.14087
       319   0.14150
       320   0.14150
       321   0.14150
       322   0.14150
       323   0.14150
       324   0.14150
       325   0.14150
       326   0.14150
       327   0.14150
       328   0.14150
       329   0.14150
       330   0.14150
       331   0.14150
       332   0.14150
       333   0.14150
       334   0.14150
       335   0.14150
       336   0.14150
       337   0.14150
       338   0.14087
       339   0.14087
       340   0.14087
       341   0.14087
       342   0.14087
       343   0.14024
       344   0.14024
       345   0.14024
       346   0.14024
       347   0.13961
       348   0.13961
       349   0.13961
       350   0.13898
       351   0.13898
       352   0.13898
       353   0.13834
       354   0.13834
       355   0.13834
       356   0.13771
       357   0.13771
       358   0.13708
       359   0.13708
       360   0.13708
       361   0.13645
       362   0.13645
       363   0.13582
       364   0.13582
       365   0.13519
       366   0.13519
       367   0.13455
       368   0.13455
       369   0.13392
       370   0.13392
       371   0.13329
       372   0.13329
       373   0.13266
       374   0.13266
       375   0.13203
       376   0.13140
       377   0.13140
       378   0.13076
       379   0.13076
       380   0.13013
       381   0.12950
       382   0.12950
       383   0.12887
       384   0.12824
       385   0.12824
       386   0.12761
       387   0.12697
       388   0.12697
       389   0.12634
       390   0.12571
       391   0.12634
       392   0.12697
       393   0.12761
       394   0.12761
       395   0.12824
       396   0.12887
       397   0.12887
       398   0.12950
       399   0.13013
       400   0.13013
       401   0.13076
       402   0.13076
       403   0.13140
       404   0.13203
       405   0.13203
       406   0.13266
       407   0.13266
       408   0.13329
       409   0.13329
       410   0.14403
       411   0.14972
       412   0.15414
       413   0.15793
       414   0.16109
       415   0.16425
       416   0.16677
       417   0.16867
       418   0.17119
       419   0.17309
       420   0.17562
       421   0.17751
       422   0.17941
       423   0.18067
       424   0.18193
       425   0.18446
       426   0.18572
       427   0.18762
       428   0.18888
       429   0.19015
       430   0.19204
       431   0.19267
       432   0.19204
       433   0.19204
       434   0.19267
       435   0.19204
       436   0.19204
       437   0.19141
       438   0.19204
       439   0.19204
       440   0.19141
       441   0.19141
       442   0.19078
       443   0.19141
       444   0.19078
       445   0.19015
       446   0.19015
       447   0.18951
       448   0.18951
       449   0.18888
       450   0.18825
       451   0.18825
       452   0.18762
       453   0.18699
       454   0.18636
       455   0.18636
       456   0.18572
       457   0.18509
       458   0.18446
       459   0.18383
       460   0.18383
       461   0.18320
       462   0.18193
       463   0.18130
       464   0.18067
       465   0.18004
       466   0.17877
       467   0.17814
       468   0.17751
       469   0.17625
       470   0.17562
       471   0.17435
       472   0.17372
       473   0.17246
       474   0.17183
       475   0.17056
       476   0.16930
       477   0.16867
       478   0.16740
       479   0.16614
       480   0.16488
       481   0.16298
       482   0.16172
       483   0.16045
       484   0.15919
       485   0.15730
       486   0.15603
       487   0.15351
       488   0.15161
       489   0.14972
       490   0.14845
       491   0.14719
       492   0.14656
       493   0.14593
       494   0.14529
       495   0.14403
       496   0.14340
       497   0.14277
       498   0.14150
       499   0.14087
       500   0.14024
       501   0.13898
       502   0.13834
       503   0.13771
       504   0.13645
       505   0.13582
       506   0.13455
       507   0.13392
       508   0.13329
       509   0.13203
       510   0.13140
       511   0.13013
       512   0.12950
       513   0.12824
       514   0.12761
       515   0.12697
       516   0.12571
       517   0.12508
       518   0.12382
       519   0.12318
       520   0.12192
       521   0.12129
       522   0.12003
       523   0.11939
       524   0.11813
       525   0.11687
       526   0.11623
       527   0.11497
       528   0.11434
       529   0.11308
       530   0.11244
       531   0.11118
       532   0.11308
       533   0.11497
       534   0.11687
       535   0.11876
       536   0.12003
       537   0.12192
       538   0.12318
       539   0.12508
       540   0.12697
       541   0.12887
       542   0.13140
       543   0.13266
       544   0.13455
       545   0.13645
       546   0.13771
       547   0.14024
       548   0.14150
       549   0.14403
       550   0.14593
       551   0.14782
       552   0.15035
       553   0.15224
       554   0.15477
       555   0.15666
       556   0.15856
       557   0.16172
       558   0.17688
       559   0.18825
       560   0.19836
       561   0.20846
       562   0.21920
       563   0.23310
       564   0.25837
       565   0.25900
       566   0.25963
       567   0.26027
       568   0.26090
       569   0.26090
       570   0.26153
       571   0.26153
       572   0.26153
       573   0.26216
       574   0.26216
       575   0.26216
       576   0.26216
       577   0.26216
       578   0.26279
       579   0.26279
       580   0.26279
       581   0.26279
       582   0.26279
       583   0.26216
       584   0.26216
       585   0.26216
       586   0.26216
       587   0.26153
       588   0.26153
       589   0.26153
       590   0.26090
       591   0.26090
       592   0.26090
       593   0.26027
       594   0.26027
       595   0.25900
       596   0.25900
       597   0.25837
       598   0.25837
       599   0.25774
       600   0.25774
       601   0.25711
       602   0.25648
       603   0.25584
       604   0.25584
       605   0.25458
       606   0.25395
       607   0.25332
       608   0.25205
       609   0.25016
       610   0.24763
       611   0.24574
       612   0.24384
       613   0.24131
       614   0.23879
       615   0.23689
       616   0.23373
       617   0.23057
       618   0.22805
       619   0.22489
       620   0.22236
       621   0.21857
       622   0.21541
       623   0.21099
       624   0.20783
       625   0.20278
       626   0.19773
       627   0.19015
       628   0.17688
       629   0.17688
       630   0.17562
       631   0.17562
       632   0.17498
       633   0.17498
       634   0.17435
       635   0.17435
       636   0.17372
       637   0.17372
       638   0.17309
       639   0.17309
       640   0.17246
       641   0.17183
       642   0.17183
       643   0.17119
       644   0.17119
       645   0.17119
       646   0.17056
       647   0.17056
       648   0.16993
       649   0.16993
       650   0.16993
       651   0.16930
       652   0.16930
       653   0.16930
       654   0.16867
       655   0.16867
       656   0.16867
       657   0.16804
       658   0.16804
       659   0.16804
       660   0.16740
       661   0.16677
       662   0.16677
       663   0.16614
       664   0.16677
       665   0.16677
       666   0.16614
       667   0.16614
       668   0.16614
       669   0.16614
       670   0.16551
       671   0.16551
       672   0.16551
       673   0.16551
       674   0.16488
       675   0.16488
       676   0.16488
       677   0.16488
       678   0.16425
       679   0.16425
       680   0.16425
       681   0.16425
       682   0.16930
       683   0.17562
       684   0.17941
       685   0.18256
       686   0.18509
       687   0.18762
       688   0.18825
       689   0.19078
       690   0.19204
       691   0.19457
       692   0.19583
       693   0.19709
       694   0.19899
       695   0.19899
       696   0.20025
       697   0.20152
       698   0.20341
       699   0.20404
       700   0.20531
       701   0.20594
       702   0.20720
       703   0.20846
       704   0.20910
       705   0.20973
       706   0.21099
       707   0.21162
       708   0.21289
       709   0.21415
       710   0.21478
       711   0.21541
       712   0.21668
       713   0.21731
       714   0.21794
       715   0.21857
       716   0.21984
       717   0.22110
       718   0.22173
       719   0.22236
       720   0.22299
       721   0.22363
       722   0.22489
       723   0.22552
       724   0.22615
       725   0.22615
       726   0.22742
       727   0.22805
       728   0.22868
       729   0.22994
       730   0.22994
       731   0.23121
       732   0.23184
       733   0.23247
       734   0.23373
       735   0.23373
       736   0.23373
       737   0.23500
       738   0.23563
       739   0.23689
       740   0.23689
       741   0.23689
       742   0.23816
       743   0.23942
       744   0.24068
       745   0.24005
       746   0.24068
       747   0.24195
       748   0.24195
       749   0.24258
       750   0.24321
       751   0.24384
       752   0.24447
       753   0.24447
       754   0.24574
       755   0.25268
       756   0.25648
       757   0.25711
       758   0.25900
       759   0.25963
       760   0.26090
       761   0.26090
       762   0.26342
       763   0.26342
       764   0.26469
       765   0.26469
       766   0.26532
       767   0.26595
       768   0.26658
       769   0.26658
       770   0.26785
       771   0.26848
       772   0.26911
       773   0.27037
       774   0.26974
       775   0.27037
       776   0.27037
       777   0.27164
       778   0.27164
       779   0.27227
       780   0.27227
       781   0.27290
       782   0.27353
       783   0.27353
       784   0.27416
       785   0.27353
       786   0.27416
       787   0.27479
       788   0.27479
       789   0.27543
       790   0.27479
       791   0.27543
       792   0.27606
       793   0.27606
       794   0.27669
       795   0.27606
       796   0.27669
       797   0.27669
       798   0.27606
       799   0.27606
       800   0.27669
       801   0.27606
       802   0.27669
       803   0.27669
       804   0.27606
       805   0.27669
       806   0.27606
       807   0.27669
       808   0.27606
       809   0.27543
       810   0.27543
       811   0.27543
       812   0.27795
       813   0.28743
       814   0.29311
       815   0.29564
       816   0.29627
       817   0.29627
       818   0.29690
       819   0.29754
       820   0.29564
       821   0.26974
       822   0.25837
       823   0.24700
       824   0.23816
       825   0.22742
       826   0.21605
       827   0.20278
       828   0.20088
       829   0.19836
       830   0.19520
       831   0.19330
       832   0.19204
       833   0.18951
       834   0.18699
       835   0.18572
       836   0.18320
       837   0.18130
       838   0.17941
       839   0.17625
       840   0.17498
       841   0.17246
       842   0.16930
       843   0.16804
       844   0.16551
       845   0.16298
       846   0.16109
       847   0.15793
       848   0.15540
       849   0.15351
       850   0.15035
       851   0.14782
       852   0.14529
       853   0.14214
       854   0.13961
       855   0.13582
       856   0.13329
       857   0.13013
       858   0.12634
       859   0.12255
       860   0.11750
       861   0.10739
       862   0.10044
       863   0.09918
       864   0.09792
       865   0.09728
       866   0.09602
       867   0.09539
       868   0.09349
       869   0.09286
       870   0.09160
       871   0.08970
       872   0.08907
       873   0.08781
       874   0.08654
       875   0.08528
       876   0.08402
       877   0.08402
       878   0.08528
       879   0.08654
       880   0.08844
       881   0.08970
       882   0.09097
       883   0.09223
       884   0.09413
       885   0.09539
       886   0.09665
       887   0.09792
       888   0.09918
       889   0.10044
       890   0.10171
       891   0.10423
       892   0.10550
       893   0.10739
       894   0.10865
       895   0.11055
       896   0.11181
       897   0.11308
       898   0.11497
       899   0.11687
       900   0.11939
       901   0.12129
       902   0.13708
       903   0.14845
       904   0.15730
       905   0.16677
       906   0.17814
       907   0.19267
       908   0.21099
       909   0.21036
       910   0.21099
       911   0.21162
       912   0.21099
       913   0.21162
       914   0.21162
       915   0.21099
       916   0.21162
       917   0.21099
       918   0.21099
       919   0.21036
       920   0.21036
       921   0.20973
       922   0.20973
       923   0.20973
       924   0.20973
       925   0.20910
       926   0.20910
       927   0.20846
       928   0.20783
       929   0.20783
       930   0.20720
       931   0.20657
       932   0.20657
       933   0.20531
       934   0.20467
       935   0.20531
       936   0.20531
       937   0.20594
       938   0.20657
       939   0.20720
       940   0.20720
       941   0.20720
       942   0.20720
       943   0.20720
       944   0.20720
       945   0.20657
       946   0.20657
       947   0.20594
       948   0.20531
       949   0.20278
       950   0.19962
       951   0.19583
       952   0.18825
       953   0.19520
       954   0.20025
       955   0.20341
       956   0.20657
       957   0.20910
       958   0.21162
       959   0.21289
       960   0.21478
       961   0.21605
       962   0.21794
       963   0.21920
       964   0.22047
       965   0.22110
       966   0.22299
       967   0.22363
       968   0.22489
       969   0.22489
       970   0.22615
       971   0.22742
       972   0.22805
       973   0.22805
       974   0.22931
       975   0.22994
       976   0.23057
       977   0.23121
       978   0.23184
       979   0.23184
       980   0.23247
       981   0.23247
       982   0.23310
       983   0.23310
       984   0.23437
       985   0.23437
       986   0.23437
       987   0.23500
       988   0.23500
       989   0.23563
       990   0.23500
       991   0.23563
       992   0.23626
       993   0.23626
       994   0.23626
       995   0.23689
       996   0.23689
       997   0.23689
       998   0.23752
       999   0.23689
      1000   0.23752
      1001   0.23816
      1002   0.23752
      1003   0.23752
      1004   0.23752
      1005   0.23752
      1006   0.23752
      1007   0.23752
      1008   0.23816
      1009   0.23752
      1010   0.23689
      1011   0.23752
      1012   0.23752
      1013   0.23816
      1014   0.23752
      1015   0.23752
      1016   0.23689
      1017   0.23752
      1018   0.23689
      1019   0.23752
      1020   0.23752
      1021   0.23689
      1022   0.23689
      1023   0.23752
      1024   0.23689
      1025   0.23626
      1026   0.23626
      1027   0.23689
      1028   0.23689
      1029   0.23626
      1030   0.23626
      1031   0.23689
      1032   0.23500
      1033   0.23563
      1034   0.23563
      1035   0.23563
      1036   0.23500
      1037   0.23563
      1038   0.23437
      1039   0.23500
      1040   0.23500
      1041   0.23437
      1042   0.23373
      1043   0.23437
      1044   0.23373
      1045   0.23373
      1046   0.23373
      1047   0.23373
      1048   0.23310
      1049   0.23310
      1050   0.23247
      1051   0.23247
      1052   0.23247
      1053   0.23247
      1054   0.23184
      1055   0.23184
      1056   0.23121
      1057   0.23057
      1058   0.23121
      1059   0.23057
      1060   0.22931
      1061   0.23057
      1062   0.22931
      1063   0.22805
      1064   0.22868
      1065   0.22742
      1066   0.22805
      1067   0.22742
      1068   0.22615
      1069   0.22615
      1070   0.22615
      1071   0.22552
      1072   0.22489
      1073   0.22489
      1074   0.22489
      1075   0.22489
      1076   0.22426
      1077   0.22426
      1078   0.22426
      1079   0.22489
      1080   0.22426
      1081   0.22426
      1082   0.22426
      1083   0.22426
      1084   0.22363
      1085   0.22299
      1086   0.22299
      1087   0.22236
      1088   0.22236
      1089   0.22173
      1090   0.22173
      1091   0.22110
      1092   0.22047
      1093   0.23310
      1094   0.24131
      1095   0.24574
      1096   0.25016
      1097   0.25268
      1098   0.25584
      1099   0.25837
      1100   0.26027
      1101   0.26153
      1102   0.26153
      1103   0.26027
      1104   0.25837
      1105   0.25711
      1106   0.25458
      1107   0.25142
      1108   0.24574
      1109   0.23437
      1110   0.23563
      1111   0.23689
      1112   0.23816
      1113   0.23879
      1114   0.24005
      1115   0.24068
      1116   0.24953
      1117   0.25584
      1118   0.26090
      1119   0.26469
      1120   0.26785
      1121   0.27100
      1122   0.27416
      1123   0.27669
      1124   0.27922
      1125   0.28111
      1126   0.28364
      1127   0.28490
      1128   0.28743
      1129   0.28932
      1130   0.28996
      1131   0.29248
      1132   0.29375
      1133   0.29501
      1134   0.29627
      1135   0.29817
      1136   0.29880
      1137   0.29943
      1138   0.30006
      1139   0.30196
      1140   0.30196
      1141   0.30259
      1142   0.30322
      1143   0.30259
      1144   0.30385
      1145   0.30385
      1146   0.30385
      1147   0.30449
      1148   0.27858
      1149   0.26595
      1150   0.25584
      1151   0.24637
      1152   0.23689
      1153   0.22363
      1154   0.21478
      1155   0.21226
      1156   0.20973
      1157   0.20783
      1158   0.20657
      1159   0.20467
      1160   0.20278
      1161   0.20025
      1162   0.19836
      1163   0.19646
      1164   0.19457
      1165   0.19267
      1166   0.19078
      1167   0.18762
      1168   0.18572
      1169   0.18383
      1170   0.18193
      1171   0.18004
      1172   0.17814
      1173   0.17625
      1174   0.17246
      1175   0.17056
      1176   0.17246
      1177   0.17498
      1178   0.17688
      1179   0.17751
      1180   0.18004
      1181   0.18193
      1182   0.18383
      1183   0.18572
      1184   0.18762
      1185   0.18951
      1186   0.19078
      1187   0.19267
      1188   0.19520
      1189   0.19646
      1190   0.19836
      1191   0.19962
      1192   0.20215
      1193   0.20341
      1194   0.20531
      1195   0.20657
      1196   0.20910
      1197   0.21036
      1198   0.21289
      1199   0.21415
      1200   0.21605
      1201   0.21794
      1202   0.22047
      1203   0.22173
      1204   0.22299
      1205   0.22615
      1206   0.22742
      1207   0.22868
      1208   0.23057
      1209   0.23247
      1210   0.23373
      1211   0.23626
      1212   0.23752
      1213   0.23879
      1214   0.24131
      1215   0.24258
      1216   0.24447
      1217   0.24574
      1218   0.24763
      1219   0.24953
      1220   0.25079
      1221   0.25205
      1222   0.25395
      1223   0.25521
      1224   0.25648
      1225   0.25774
      1226   0.25900
      1227   0.26027
      1228   0.26216
      1229   0.26279
      1230   0.26406
      1231   0.26469
      1232   0.26595
      1233   0.26658
      1234   0.26785
      1235   0.26911
      1236   0.26911
      1237   0.26974
      1238   0.27100
      1239   0.27100
      1240   0.27164
      1241   0.27227
      1242   0.27290
      1243   0.27353
      1244   0.27290
      1245   0.27353
      1246   0.27353
      1247   0.27416
      1248   0.27416
      1249   0.27416
      1250   0.27416
      1251   0.27353
      1252   0.27353
      1253   0.27416
      1254   0.27416
      1255   0.27416
      1256   0.27416
      1257   0.27353
      1258   0.27290
      1259   0.27164
      1260   0.27164
      1261   0.27100
      1262   0.27037
      1263   0.27037
      1264   0.26911
      1265   0.26911
      1266   0.26848
      1267   0.26721
      1268   0.26721
      1269   0.26469
      1270   0.26342
      1271   0.26153
      1272   0.26090
      1273   0.25711
      1274   0.25648
      1275   0.25395
      1276   0.25079
      1277   0.24953
      1278   0.24637
      1279   0.24447
      1280   0.24131
      1281   0.23942
      1282   0.23626
      1283   0.23310
      1284   0.22994
      1285   0.22678
      1286   0.22363
      1287   0.21984
      1288   0.21541
      1289   0.21099
      1290   0.20594
      1291   0.19962
      1292   0.19204
      1293   0.17814
      1294   0.17625
      1295   0.17435
      1296   0.17056
      1297   0.16740
      1298   0.16109
      1299   0.16172
      1300   0.16109
      1301   0.16172
      1302   0.16109
      1303   0.16172
      1304   0.16109
      1305   0.16109
      1306   0.16109
      1307   0.16109
      1308   0.16109
      1309   0.16109
      1310   0.16109
      1311   0.16109
      1312   0.16045
      1313   0.16109
      1314   0.16109
      1315   0.16109
      1316   0.16109
      1317   0.16109
      1318   0.16109
      1319   0.16045
      1320   0.16109
      1321   0.16045
      1322   0.16109
      1323   0.16109
      1324   0.16045
      1325   0.16109
      1326   0.16045
      1327   0.16109
      1328   0.16045
      1329   0.16109
      1330   0.16109
      1331   0.16045
      1332   0.16109
      1333   0.16045
      1334   0.16109
      1335   0.16045
      1336   0.16045
      1337   0.16109
      1338   0.16045
      1339   0.16109
      1340   0.16045
      1341   0.16109
      1342   0.16045
      1343   0.16045
      1344   0.16109
      1345   0.16045
      1346   0.16109
      1347   0.16045
      1348   0.16109
      1349   0.16045
      1350   0.16109
      1351   0.16109
      1352   0.16045
      1353   0.16109
      1354   0.16045
      1355   0.16109
      1356   0.16109
      1357   0.16109
      1358   0.16109
      1359   0.16109
      1360   0.16109
      1361   0.16109
      1362   0.16109
      1363   0.16172
      1364   0.16109
      1365   0.16109
      1366   0.16109
      1367   0.16109
      1368   0.16109
      1369   0.16109
      1370   0.16172
      1371   0.16109
      1372   0.16172
      1373   0.16109
      1374   0.16172
      1375   0.16109
      1376   0.16172
      1377   0.16109
      1378   0.16172
      1379   0.16109
      1380   0.16172
      1381   0.16109
      1382   0.16172
      1383   0.16109
      1384   0.16172
      1385   0.16109
      1386   0.16172
      1387   0.16109
      1388   0.16172
      1389   0.16172
      1390   0.16172
      1391   0.16172
      1392   0.16172
      1393   0.16172
      1394   0.16109
      1395   0.16172
      1396   0.16109
      1397   0.16172
      1398   0.16109
      1399   0.16109
      1400   0.16172
      1401   0.16109
      1402   0.16109
      1403   0.16109
      1404   0.16109
      1405   0.16045
      1406   0.16045
      1407   0.16045
      1408   0.16045
      1409   0.16045
      1410   0.15982
      1411   0.15982
      1412   0.15982
      1413   0.15982
      1414   0.15982
      1415   0.16740
      1416   0.17246
      1417   0.17498
      1418   0.17751
      1419   0.18004
      1420   0.18193
      1421   0.18446
      1422   0.18572
      1423   0.18762
      1424   0.18951
      1425   0.19015
      1426   0.19267
      1427   0.19330
      1428   0.19457
      1429   0.19583
      1430   0.19709
      1431   0.19836
      1432   0.19899
      1433   0.20025
      1434   0.20088
      1435   0.20215
      1436   0.20215
      1437   0.20341
      1438   0.20341
      1439   0.20467
      1440   0.20531
      1441   0.20531
      1442   0.20657
      1443   0.20720
      1444   0.20657
      1445   0.20657
      1446   0.20720
      1447   0.20720
      1448   0.20720
      1449   0.20783
      1450   0.20657
      1451   0.20720
      1452   0.20783
      1453   0.20657
      1454   0.20720
      1455   0.20720
      1456   0.20594
      1457   0.20657
      1458   0.20594
      1459   0.20594
      1460   0.20594
      1461   0.20531
      1462   0.20467
      1463   0.20341
      1464   0.20404
      1465   0.20404
      1466   0.20278
      1467   0.20278
      1468   0.20215
      1469   0.20215
      1470   0.20088
      1471   0.20088
      1472   0.20025
      1473   0.19962
      1474   0.20594
      1475   0.20910
      1476   0.21226
      1477   0.21415
      1478   0.21605
      1479   0.21857
      1480   0.21920
      1481   0.21794
      1482   0.21731
      1483   0.21668
      1484   0.21478
      1485   0.21415
      1486   0.21289
      1487   0.21162
      1488   0.21099
      1489   0.20973
      1490   0.20846
      1491   0.20657
      1492   0.20594
      1493   0.20404
      1494   0.20404
      1495   0.20215
      1496   0.20088
      1497   0.19962
      1498   0.19773
      1499   0.19709
      1500   0.19520
      1501   0.19394
      1502   0.19330
      1503   0.19141
      1504   0.18951
      1505   0.18825
      1506   0.18699
      1507   0.18509
      1508   0.18383
      1509   0.18193
      1510   0.18004
      1511   0.17877
      1512   0.17688
      1513   0.17562
      1514   0.17309
      1515   0.17183
      1516   0.16993
      1517   0.16740
      1518   0.16614
      1519   0.16425
      1520   0.16235
      1521   0.15982
      1522   0.15793
      1523   0.15540
      1524   0.15351
      1525   0.15098
      1526   0.14908
      1527   0.14593
      1528   0.14403
      1529   0.14087
      1530   0.13834
      1531   0.13582
      1532   0.13266
      1533   0.12950
      1534   0.12571
      1535   0.12255
      1536   0.11876
      1537   0.11497
      1538   0.11118
      1539   0.10613
      1540   0.10171
      1541   0.09539
      1542   0.08844
      1543   0.07896
      1544   0.06633
      1545   0.06570
      1546   0.06507
      1547   0.06507
      1548   0.06507
      1549   0.08086
      1550   0.08718
      1551   0.09286
      1552   0.09728
      1553   0.10107
      1554   0.10423
      1555   0.10739
      1556   0.10992
      1557   0.11371
      1558   0.11560
      1559   0.11813
      1560   0.12003
      1561   0.12255
      1562   0.12508
      1563   0.12697
      1564   0.12887
      1565   0.13076
      1566   0.13266
      1567   0.13455
      1568   0.13645
      1569   0.13771
      1570   0.13898
      1571   0.14024
      1572   0.14214
      1573   0.14340
      1574   0.14593
      1575   0.14656
      1576   0.14782
      1577   0.14908
      1578   0.15035
      1579   0.15161
      1580   0.15224
      1581   0.15351
      1582   0.15477
      1583   0.15540
