         1   0.03802
         2   0.03897
         3   0.03992
         4   0.04087
         5   0.04183
         6   0.04278
         7   0.04373
         8   0.04468
         9   0.04563
        10   0.04658
        11   0.04753
        12   0.04848
        13   0.04943
        14   0.05038
        15   0.05133
        16   0.05228
        17   0.05323
        18   0.05418
        19   0.05513
        20   0.05608
        21   0.05703
        22   0.05798
        23   0.05894
        24   0.05989
        25   0.06084
        26   0.06179
        27   0.06274
        28   0.06369
        29   0.06464
        30   0.06559
        31   0.06654
        32   0.06749
        33   0.06844
        34   0.06939
        35   0.07034
        36   0.07129
        37   0.07224
        38   0.07319
        39   0.07414
        40   0.07510
        41   0.07605
        42   0.07605
        43   0.07605
        44   0.07605
        45   0.07605
        46   0.07605
        47   0.07605
        48   0.07605
        49   0.07605
        50   0.07605
        51   0.07605
        52   0.07605
        53   0.07605
        54   0.07605
        55   0.07605
        56   0.07605
        57   0.07605
        58   0.07605
        59   0.07605
        60   0.07605
        61   0.07605
        62   0.07605
        63   0.07605
        64   0.07605
        65   0.07605
        66   0.07605
        67   0.07605
        68   0.07605
        69   0.07605
        70   0.07605
        71   0.07605
        72   0.07605
        73   0.07605
        74   0.07605
        75   0.07605
        76   0.07605
        77   0.07605
        78   0.07605
        79   0.07605
        80   0.07605
        81   0.07605
        82   0.07605
        83   0.07605
        84   0.07605
        85   0.07605
        86   0.07605
        87   0.07605
        88   0.07605
        89   0.07605
        90   0.07605
        91   0.07605
        92   0.07605
        93   0.07605
        94   0.07605
        95   0.07605
        96   0.07605
        97   0.07605
        98   0.07605
        99   0.07605
       100   0.07605
       101   0.07605
       102   0.07605
       103   0.07605
       104   0.07605
       105   0.07605
       106   0.07605
       107   0.07605
       108   0.07605
       109   0.07605
       110   0.07605
       111   0.07605
       112   0.07605
       113   0.07605
       114   0.07605
       115   0.07605
       116   0.07605
       117   0.07605
       118   0.07605
       119   0.07605
       120   0.07605
       121   0.07605
       122   0.07605
       123   0.07605
       124   0.07605
       125   0.07605
       126   0.07605
       127   0.07605
       128   0.07605
       129   0.07605
       130   0.07605
       131   0.07605
       132   0.07605
       133   0.07605
       134   0.07605
       135   0.07605
       136   0.07605
       137   0.07605
       138   0.07605
       139   0.07605
       140   0.07605
       141   0.07605
       142   0.07605
       143   0.07605
       144   0.07605
       145   0.07605
       146   0.07605
       147   0.07605
       148   0.07605
       149   0.07605
       150   0.07605
       151   0.07605
       152   0.07605
       153   0.07605
       154   0.07605
       155   0.07605
       156   0.07605
       157   0.07605
       158   0.07605
       159   0.07605
       160   0.07605
       161   0.07605
       162   0.07605
       163   0.07605
       164   0.07605
       165   0.07605
       166   0.07605
       167   0.07605
       168   0.07605
       169   0.07605
       170   0.07605
       171   0.07605
       172   0.07605
       173   0.07605
       174   0.07605
       175   0.07605
       176   0.07605
       177   0.07605
       178   0.07605
       179   0.07605
       180   0.07605
       181   0.07605
       182   0.07605
       183   0.07605
       184   0.07605
       185   0.07605
       186   0.07605
       187   0.07605
       188   0.07605
       189   0.07605
       190   0.07605
       191   0.07605
       192   0.07605
       193   0.07605
       194   0.07605
       195   0.07605
       196   0.07605
       197   0.07605
       198   0.07605
       199   0.07605
       200   0.07605
       201   0.07605
       202   0.07605
       203   0.07605
       204   0.07605
       205   0.07605
       206   0.07605
       207   0.07605
       208   0.07605
       209   0.07605
       210   0.07605
       211   0.07605
       212   0.07890
       213   0.08650
       214   0.09030
       215   0.09221
       216   0.09506
       217   0.09696
       218   0.09886
       219   0.10076
       220   0.10266
       221   0.10361
       222   0.10456
       223   0.10646
       224   0.10646
       225   0.10741
       226   0.10837
       227   0.10932
       228   0.11122
       229   0.11122
       230   0.11217
       231   0.11312
       232   0.11312
       233   0.11407
       234   0.11502
       235   0.11502
       236   0.11597
       237   0.11692
       238   0.11597
       239   0.11692
       240   0.11692
       241   0.11787
       242   0.11787
       243   0.11882
       244   0.11977
       245   0.11882
       246   0.11977
       247   0.11977
       248   0.12072
       249   0.11977
       250   0.12072
       251   0.12072
       252   0.12167
       253   0.12072
       254   0.12167
       255   0.12167
       256   0.12262
       257   0.12167
       258   0.12262
       259   0.12167
       260   0.11977
       261   0.11882
       262   0.11692
       263   0.11597
       264   0.11407
       265   0.11312
       266   0.11122
       267   0.11027
       268   0.10837
       269   0.10741
       270   0.10551
       271   0.10361
       272   0.10266
       273   0.10076
       274   0.09981
       275   0.09791
       276   0.09696
       277   0.09506
       278   0.09316
       279   0.09221
       280   0.09030
       281   0.08935
       282   0.08745
       283   0.08555
       284   0.08460
       285   0.08270
       286   0.08175
       287   0.07985
       288   0.07890
       289   0.07700
       290   0.07510
       291   0.07414
       292   0.07224
       293   0.07129
       294   0.06939
       295   0.06749
       296   0.06654
       297   0.06464
       298   0.06369
       299   0.06179
       300   0.06369
       301   0.06654
       302   0.06844
       303   0.07129
       304   0.07414
       305   0.07605
       306   0.07795
       307   0.08080
       308   0.08365
       309   0.08555
       310   0.08840
       311   0.09030
       312   0.09221
       313   0.09506
       314   0.09696
       315   0.09886
       316   0.10171
       317   0.10361
       318   0.10646
       319   0.10837
       320   0.11027
       321   0.11217
       322   0.11502
       323   0.11692
       324   0.11882
       325   0.11977
       326   0.11882
       327   0.11787
       328   0.11787
       329   0.11787
       330   0.11787
       331   0.11787
       332   0.11597
       333   0.11502
       334   0.11502
       335   0.11597
       336   0.11407
       337   0.11407
       338   0.11407
       339   0.11217
       340   0.11217
       341   0.11122
       342   0.11122
       343   0.11027
       344   0.10932
       345   0.10741
       346   0.10741
       347   0.10646
       348   0.10646
       349   0.10551
       350   0.10361
       351   0.10171
       352   0.10171
       353   0.10076
       354   0.09981
       355   0.09791
       356   0.09411
       357   0.09411
       358   0.09221
       359   0.08935
       360   0.08650
       361   0.08175
       362   0.07605
       363   0.07129
       364   0.07224
       365   0.07224
       366   0.07319
       367   0.07414
       368   0.07510
       369   0.07510
       370   0.07605
       371   0.07700
       372   0.07795
       373   0.07795
       374   0.07890
       375   0.07985
       376   0.08080
       377   0.08080
       378   0.08175
       379   0.08270
       380   0.08365
       381   0.08365
       382   0.08460
       383   0.08555
       384   0.08650
       385   0.08650
       386   0.08745
       387   0.08840
       388   0.08935
       389   0.08935
       390   0.08935
       391   0.09125
       392   0.09125
       393   0.09221
       394   0.09316
       395   0.09411
       396   0.09411
       397   0.09411
       398   0.09601
       399   0.09601
       400   0.09601
       401   0.09696
       402   0.09791
       403   0.09791
       404   0.09791
       405   0.09886
       406   0.09981
       407   0.09981
       408   0.10076
       409   0.10076
       410   0.10076
       411   0.10171
       412   0.10171
       413   0.10171
       414   0.10266
       415   0.10266
       416   0.10266
       417   0.10361
       418   0.10361
       419   0.10361
       420   0.10456
       421   0.10456
       422   0.10456
       423   0.10551
       424   0.10456
       425   0.10456
       426   0.10551
       427   0.10551
       428   0.10551
       429   0.10646
       430   0.10551
       431   0.10551
       432   0.10646
       433   0.10646
       434   0.10551
       435   0.10646
       436   0.10646
       437   0.10646
       438   0.10646
       439   0.10646
       440   0.10646
       441   0.10741
       442   0.10646
       443   0.10646
       444   0.10741
       445   0.10646
       446   0.10646
       447   0.10646
       448   0.10646
       449   0.10646
       450   0.10646
       451   0.10741
       452   0.10646
       453   0.10646
       454   0.10741
       455   0.10646
       456   0.10646
       457   0.10646
       458   0.10646
       459   0.10646
       460   0.10646
       461   0.10551
       462   0.10551
       463   0.10646
       464   0.10551
       465   0.10551
       466   0.10456
       467   0.10456
       468   0.10551
       469   0.10456
       470   0.10456
       471   0.10456
       472   0.10361
       473   0.10361
       474   0.10361
       475   0.10361
       476   0.10266
       477   0.10266
       478   0.10266
       479   0.10171
       480   0.10171
       481   0.10171
       482   0.10076
       483   0.10076
       484   0.10076
       485   0.09981
       486   0.09886
       487   0.09886
       488   0.09791
       489   0.09791
       490   0.09791
       491   0.09601
       492   0.09601
       493   0.09601
       494   0.09506
       495   0.09411
       496   0.09411
       497   0.09316
       498   0.09221
       499   0.09221
       500   0.09125
       501   0.09125
       502   0.08935
       503   0.08935
       504   0.08840
       505   0.08840
       506   0.08745
       507   0.08650
       508   0.08650
       509   0.08460
       510   0.08460
       511   0.08365
       512   0.08365
       513   0.08175
       514   0.08175
       515   0.08080
       516   0.07985
       517   0.07890
       518   0.07795
       519   0.07795
       520   0.07700
       521   0.07700
       522   0.07605
       523   0.07510
       524   0.07510
       525   0.07414
       526   0.07319
       527   0.07319
       528   0.07319
       529   0.07224
       530   0.07319
       531   0.07224
       532   0.07224
       533   0.07129
       534   0.07129
       535   0.07129
       536   0.07034
       537   0.07034
       538   0.06844
       539   0.06844
       540   0.06844
       541   0.06749
       542   0.06749
       543   0.06654
       544   0.06559
       545   0.06559
       546   0.06369
       547   0.06369
       548   0.06369
       549   0.06179
       550   0.06179
       551   0.06179
       552   0.05989
       553   0.05989
       554   0.05894
       555   0.05894
       556   0.05703
       557   0.05703
       558   0.05608
       559   0.05513
       560   0.05608
       561   0.05608
       562   0.05608
       563   0.05703
       564   0.05798
       565   0.05798
       566   0.05798
       567   0.05798
       568   0.05894
       569   0.05894
       570   0.05894
       571   0.05894
       572   0.05798
       573   0.05894
       574   0.05894
       575   0.05894
       576   0.05798
       577   0.05798
       578   0.05798
       579   0.05798
       580   0.05703
       581   0.05703
       582   0.05703
       583   0.05608
       584   0.05513
       585   0.05418
       586   0.05513
       587   0.05513
       588   0.05513
       589   0.05513
       590   0.05703
       591   0.05703
       592   0.05703
       593   0.05703
       594   0.05798
       595   0.05798
       596   0.05894
       597   0.05989
       598   0.05989
       599   0.05989
       600   0.05989
       601   0.06084
       602   0.06179
       603   0.06179
       604   0.06274
       605   0.06274
       606   0.06274
       607   0.06369
       608   0.06464
       609   0.06559
       610   0.06559
       611   0.06559
       612   0.06654
       613   0.06749
       614   0.06749
       615   0.06844
       616   0.06844
       617   0.06939
       618   0.07034
       619   0.07034
       620   0.07129
       621   0.07129
       622   0.07224
       623   0.07319
       624   0.07414
       625   0.07414
       626   0.07510
       627   0.07510
       628   0.07700
       629   0.07700
       630   0.07700
       631   0.07795
       632   0.07985
       633   0.07985
       634   0.08080
       635   0.08080
       636   0.08175
       637   0.08270
       638   0.08365
       639   0.08365
       640   0.08460
       641   0.08555
       642   0.08650
       643   0.08650
       644   0.08745
       645   0.08840
       646   0.08935
       647   0.08935
       648   0.09125
       649   0.09125
       650   0.09221
       651   0.09221
       652   0.09411
       653   0.09411
       654   0.09506
       655   0.09506
       656   0.09696
       657   0.09696
       658   0.09791
       659   0.09886
       660   0.09886
       661   0.09981
       662   0.09981
       663   0.10171
       664   0.10171
       665   0.10171
       666   0.10266
       667   0.10361
       668   0.10361
       669   0.10456
       670   0.10456
       671   0.10456
       672   0.10646
       673   0.10646
       674   0.10646
       675   0.10741
       676   0.10741
       677   0.10741
       678   0.10741
       679   0.10837
       680   0.10837
       681   0.10932
       682   0.10932
       683   0.10932
       684   0.11027
       685   0.11027
       686   0.10932
       687   0.11027
       688   0.11027
       689   0.11027
       690   0.11122
       691   0.11122
       692   0.11122
       693   0.11122
       694   0.11122
       695   0.11122
       696   0.11217
       697   0.11122
       698   0.11122
       699   0.11217
       700   0.11217
       701   0.11122
       702   0.11217
       703   0.11217
       704   0.11217
       705   0.11217
       706   0.11217
       707   0.11217
       708   0.11217
       709   0.11217
       710   0.11217
       711   0.11217
       712   0.11217
       713   0.11217
       714   0.11217
       715   0.11217
       716   0.11217
       717   0.11217
       718   0.11217
       719   0.11217
       720   0.11217
       721   0.11217
       722   0.11217
       723   0.11122
       724   0.11217
       725   0.11217
       726   0.11122
       727   0.11217
       728   0.11217
       729   0.11122
       730   0.11122
       731   0.11122
       732   0.11122
       733   0.11122
       734   0.11027
       735   0.11027
       736   0.11027
       737   0.10932
       738   0.11027
       739   0.11027
       740   0.10932
       741   0.10932
       742   0.10932
       743   0.10837
       744   0.10837
       745   0.10837
       746   0.10741
       747   0.10741
       748   0.10741
       749   0.10646
       750   0.10646
       751   0.10646
       752   0.10456
       753   0.10456
       754   0.10456
       755   0.10361
       756   0.10361
       757   0.10361
       758   0.10266
       759   0.10171
       760   0.10171
       761   0.10076
       762   0.09981
       763   0.09981
       764   0.09886
       765   0.09791
       766   0.09791
       767   0.09696
       768   0.09696
       769   0.09506
       770   0.09506
       771   0.09411
       772   0.09316
       773   0.09221
       774   0.09221
       775   0.09125
       776   0.09030
       777   0.08935
       778   0.08935
       779   0.08840
       780   0.08745
       781   0.08650
       782   0.08650
       783   0.08555
       784   0.08460
       785   0.08365
       786   0.08270
       787   0.08270
       788   0.08080
       789   0.08080
       790   0.07985
       791   0.07985
       792   0.07795
       793   0.07795
       794   0.07700
       795   0.07700
       796   0.07605
       797   0.07510
       798   0.07414
       799   0.07414
       800   0.07319
       801   0.07224
       802   0.07224
       803   0.07129
       804   0.07129
       805   0.07034
       806   0.06939
       807   0.06844
       808   0.06844
       809   0.06844
       810   0.06749
       811   0.06654
       812   0.06559
       813   0.06559
       814   0.06559
       815   0.06464
       816   0.06464
       817   0.06369
       818   0.06274
       819   0.06274
       820   0.06274
       821   0.06179
       822   0.06084
       823   0.06084
       824   0.05989
       825   0.05989
       826   0.05989
       827   0.05894
       828   0.05798
       829   0.06274
       830   0.06464
       831   0.06464
       832   0.06559
       833   0.06654
       834   0.06654
       835   0.06654
       836   0.06749
       837   0.06749
       838   0.06654
       839   0.06654
       840   0.06654
       841   0.06654
       842   0.06559
       843   0.06559
       844   0.06559
       845   0.06559
       846   0.06464
       847   0.06369
       848   0.06369
       849   0.06274
       850   0.06274
       851   0.06084
       852   0.06084
       853   0.05989
       854   0.05894
       855   0.05798
       856   0.05703
       857   0.05798
       858   0.05894
       859   0.05989
       860   0.06179
       861   0.06274
       862   0.06274
       863   0.06464
       864   0.06559
       865   0.06559
       866   0.06749
       867   0.06749
       868   0.06844
       869   0.06844
       870   0.07034
       871   0.07034
       872   0.07129
       873   0.07224
       874   0.07224
       875   0.07319
       876   0.07414
       877   0.07414
       878   0.07510
       879   0.07510
       880   0.07510
       881   0.07605
       882   0.07605
       883   0.07605
       884   0.07700
       885   0.07605
       886   0.07605
       887   0.07605
       888   0.07510
       889   0.07224
       890   0.07319
       891   0.07319
       892   0.07414
       893   0.07414
       894   0.07510
       895   0.07605
       896   0.07605
       897   0.07605
       898   0.07795
       899   0.07795
       900   0.07795
       901   0.07795
       902   0.07985
       903   0.07985
       904   0.07985
       905   0.08080
       906   0.08080
       907   0.08175
       908   0.08175
       909   0.08270
       910   0.08270
       911   0.08365
       912   0.08365
       913   0.08365
       914   0.08365
       915   0.08555
       916   0.08555
       917   0.08555
       918   0.08650
       919   0.08650
       920   0.08650
       921   0.08650
       922   0.08745
       923   0.08745
       924   0.08745
       925   0.08745
       926   0.08840
       927   0.08840
       928   0.08840
       929   0.08840
       930   0.08935
       931   0.08935
       932   0.08935
       933   0.08935
       934   0.09030
       935   0.09030
       936   0.09030
       937   0.09125
       938   0.09125
       939   0.09125
       940   0.09125
       941   0.09125
       942   0.09125
       943   0.09125
       944   0.09125
       945   0.09221
       946   0.09221
       947   0.09125
       948   0.09125
       949   0.09125
       950   0.09221
       951   0.09221
       952   0.09125
       953   0.09125
       954   0.09221
       955   0.09221
       956   0.09125
       957   0.09125
       958   0.09125
       959   0.09221
       960   0.09221
       961   0.09125
       962   0.09125
       963   0.09125
       964   0.09125
       965   0.09030
       966   0.09125
       967   0.09125
       968   0.09125
       969   0.09030
       970   0.09030
       971   0.09030
       972   0.09030
       973   0.08935
       974   0.08935
       975   0.08935
       976   0.08840
       977   0.08840
       978   0.08840
       979   0.08840
       980   0.08745
       981   0.08745
       982   0.08745
       983   0.08745
       984   0.08650
       985   0.08650
       986   0.08650
       987   0.08650
       988   0.08555
       989   0.08555
       990   0.08555
       991   0.08555
       992   0.08365
       993   0.08365
       994   0.08365
       995   0.08365
       996   0.08270
       997   0.08175
       998   0.08175
       999   0.08175
      1000   0.08080
      1001   0.07985
      1002   0.07985
      1003   0.07985
      1004   0.07795
      1005   0.07795
      1006   0.07795
      1007   0.07795
      1008   0.07605
      1009   0.07605
      1010   0.07605
      1011   0.07510
      1012   0.07414
      1013   0.07414
      1014   0.07319
      1015   0.07319
      1016   0.07319
      1017   0.07129
      1018   0.07129
      1019   0.07034
      1020   0.07034
      1021   0.06939
      1022   0.06749
      1023   0.06654
      1024   0.06559
      1025   0.06369
      1026   0.06274
      1027   0.06179
      1028   0.05989
      1029   0.05894
      1030   0.05798
      1031   0.05608
      1032   0.05513
      1033   0.05418
      1034   0.05228
      1035   0.05133
      1036   0.05038
      1037   0.04848
      1038   0.04753
      1039   0.04658
      1040   0.04468
      1041   0.04373
      1042   0.04278
      1043   0.04087
      1044   0.03992
      1045   0.03897
      1046   0.03707
      1047   0.03612
      1048   0.03517
      1049   0.03422
      1050   0.03232
      1051   0.03137
      1052   0.03042
