         1   0.10456
         2   0.10551
         3   0.10646
         4   0.10741
         5   0.10837
         6   0.10932
         7   0.11027
         8   0.11122
         9   0.11217
        10   0.11312
        11   0.11407
        12   0.11502
        13   0.11597
        14   0.11692
        15   0.11787
        16   0.11882
        17   0.11977
        18   0.12072
        19   0.12167
        20   0.12262
        21   0.12357
        22   0.12452
        23   0.12548
        24   0.12643
        25   0.12738
        26   0.12833
        27   0.12928
        28   0.13023
        29   0.13118
        30   0.13213
        31   0.13308
        32   0.13403
        33   0.13498
        34   0.13593
        35   0.13688
        36   0.13783
        37   0.13878
        38   0.13973
        39   0.14068
        40   0.14163
        41   0.14259
        42   0.14354
        43   0.14449
        44   0.14544
        45   0.14639
        46   0.14734
        47   0.14829
        48   0.14924
        49   0.15019
        50   0.15114
        51   0.15209
        52   0.15304
        53   0.15399
        54   0.15494
        55   0.15589
        56   0.15684
        57   0.15779
        58   0.15875
        59   0.15970
        60   0.16065
        61   0.16160
        62   0.16255
        63   0.16350
        64   0.16445
        65   0.16540
        66   0.16635
        67   0.16730
        68   0.16825
        69   0.16920
        70   0.17015
        71   0.17110
        72   0.17586
        73   0.19867
        74   0.20913
        75   0.21863
        76   0.22624
        77   0.23289
        78   0.23954
        79   0.24525
        80   0.25000
        81   0.25570
        82   0.26141
        83   0.26616
        84   0.26996
        85   0.27567
        86   0.27947
        87   0.28327
        88   0.28802
        89   0.29183
        90   0.29563
        91   0.29943
        92   0.30228
        93   0.30608
        94   0.30989
        95   0.31369
        96   0.31654
        97   0.32034
        98   0.32414
        99   0.32700
       100   0.32985
       101   0.33270
       102   0.33650
       103   0.33935
       104   0.34316
       105   0.34506
       106   0.34886
       107   0.35171
       108   0.35456
       109   0.35741
       110   0.36027
       111   0.36312
       112   0.36502
       113   0.36597
       114   0.36882
       115   0.37072
       116   0.37167
       117   0.37357
       118   0.37548
       119   0.37738
       120   0.37833
       121   0.38023
       122   0.38118
       123   0.38308
       124   0.38498
       125   0.38593
       126   0.38783
       127   0.38878
       128   0.39068
       129   0.39163
       130   0.39259
       131   0.39449
       132   0.39544
       133   0.39639
       134   0.39829
       135   0.39924
       136   0.40019
       137   0.40209
       138   0.40304
       139   0.40399
       140   0.40589
       141   0.40684
       142   0.40779
       143   0.40875
       144   0.41065
       145   0.41160
       146   0.41255
       147   0.41350
       148   0.41445
       149   0.41635
       150   0.41730
       151   0.41825
       152   0.41825
       153   0.41920
       154   0.42110
       155   0.42205
       156   0.42300
       157   0.42395
       158   0.42490
       159   0.42490
       160   0.42586
       161   0.42681
       162   0.42776
       163   0.42871
       164   0.42966
       165   0.43061
       166   0.43156
       167   0.43251
       168   0.43346
       169   0.43346
       170   0.43441
       171   0.43536
       172   0.43631
       173   0.43631
       174   0.43726
       175   0.43726
       176   0.43821
       177   0.43821
       178   0.43916
       179   0.44011
       180   0.44106
       181   0.44106
       182   0.44202
       183   0.44297
       184   0.44202
       185   0.44297
       186   0.44392
       187   0.44392
       188   0.44487
       189   0.44392
       190   0.44297
       191   0.44202
       192   0.44011
       193   0.43916
       194   0.43821
       195   0.43631
       196   0.43536
       197   0.43441
       198   0.43251
       199   0.44011
       200   0.44297
       201   0.44392
       202   0.44487
       203   0.44677
       204   0.44677
       205   0.44772
       206   0.44772
       207   0.44772
       208   0.44772
       209   0.44772
       210   0.44772
       211   0.44677
       212   0.44772
       213   0.44677
       214   0.44677
       215   0.44487
       216   0.44487
       217   0.44392
       218   0.44106
       219   0.44106
       220   0.44011
       221   0.43916
       222   0.43726
       223   0.43631
       224   0.43441
       225   0.43251
       226   0.42966
       227   0.42966
       228   0.42681
       229   0.42395
       230   0.42205
       231   0.42015
       232   0.41730
       233   0.41445
       234   0.41065
       235   0.40779
       236   0.40399
       237   0.40114
       238   0.39829
       239   0.39449
       240   0.39259
       241   0.38878
       242   0.38403
       243   0.38118
       244   0.37738
       245   0.37452
       246   0.37072
       247   0.36787
       248   0.36407
       249   0.36122
       250   0.35741
       251   0.35361
       252   0.35076
       253   0.34696
       254   0.34316
       255   0.34030
       256   0.33650
       257   0.33270
       258   0.32890
       259   0.32510
       260   0.32129
       261   0.31749
       262   0.31274
       263   0.30894
       264   0.30513
       265   0.30038
       266   0.29563
       267   0.28992
       268   0.28517
       269   0.27947
       270   0.27376
       271   0.26616
       272   0.25760
       273   0.24049
       274   0.23669
       275   0.23479
       276   0.23194
       277   0.23004
       278   0.22814
       279   0.22624
       280   0.22338
       281   0.22148
       282   0.21958
       283   0.21768
       284   0.21578
       285   0.21293
       286   0.21103
       287   0.20913
       288   0.20722
       289   0.20532
       290   0.20342
       291   0.20152
       292   0.19962
       293   0.19677
       294   0.19487
       295   0.19297
       296   0.19106
       297   0.18916
       298   0.18726
       299   0.18536
       300   0.18821
       301   0.19202
       302   0.19487
       303   0.19867
       304   0.20152
       305   0.20532
       306   0.20817
       307   0.21103
       308   0.21483
       309   0.21863
       310   0.22148
       311   0.22529
       312   0.22814
       313   0.23194
       314   0.23574
       315   0.23859
       316   0.24240
       317   0.24525
       318   0.25000
       319   0.25380
       320   0.25665
       321   0.26046
       322   0.26521
       323   0.26901
       324   0.27281
       325   0.27662
       326   0.28042
       327   0.28422
       328   0.28897
       329   0.29373
       330   0.29753
       331   0.30133
       332   0.30608
       333   0.30989
       334   0.31464
       335   0.31844
       336   0.32319
       337   0.32700
       338   0.33175
       339   0.33555
       340   0.33935
       341   0.34316
       342   0.34696
       343   0.34981
       344   0.35361
       345   0.35646
       346   0.35932
       347   0.36217
       348   0.36502
       349   0.36787
       350   0.37072
       351   0.37357
       352   0.37548
       353   0.37833
       354   0.38023
       355   0.38213
       356   0.38403
       357   0.38593
       358   0.38783
       359   0.38973
       360   0.39163
       361   0.39354
       362   0.39544
       363   0.39639
       364   0.39734
       365   0.39924
       366   0.40114
       367   0.40304
       368   0.40399
       369   0.40494
       370   0.40684
       371   0.40779
       372   0.40875
       373   0.41065
       374   0.41160
       375   0.41350
       376   0.41350
       377   0.41540
       378   0.41635
       379   0.41730
       380   0.41825
       381   0.42015
       382   0.42015
       383   0.42205
       384   0.42300
       385   0.42205
       386   0.42300
       387   0.42205
       388   0.42205
       389   0.42110
       390   0.42110
       391   0.42015
       392   0.42110
       393   0.41920
       394   0.42015
       395   0.41920
       396   0.41825
       397   0.41825
       398   0.41730
       399   0.41635
       400   0.41635
       401   0.41635
       402   0.41635
       403   0.41540
       404   0.41540
       405   0.41445
       406   0.41445
       407   0.41445
       408   0.41350
       409   0.41255
       410   0.41255
       411   0.41160
       412   0.41160
       413   0.41160
       414   0.41160
       415   0.40970
       416   0.40970
       417   0.40970
       418   0.40875
       419   0.40875
       420   0.40970
       421   0.41160
       422   0.41255
       423   0.41255
       424   0.41255
       425   0.41350
       426   0.41350
       427   0.41350
       428   0.41445
       429   0.41445
       430   0.41350
       431   0.41445
       432   0.41350
       433   0.41445
       434   0.41445
       435   0.41255
       436   0.41445
       437   0.41350
       438   0.41350
       439   0.41350
       440   0.41445
       441   0.41350
       442   0.41350
       443   0.41445
       444   0.41350
       445   0.41350
       446   0.41350
       447   0.41255
       448   0.41350
       449   0.41350
       450   0.41255
       451   0.41255
       452   0.41255
       453   0.41160
       454   0.41255
       455   0.41160
       456   0.41160
       457   0.41160
       458   0.41160
       459   0.41160
       460   0.41065
       461   0.41065
       462   0.41065
       463   0.40970
       464   0.41065
       465   0.41065
       466   0.41065
       467   0.41065
       468   0.41065
       469   0.40970
       470   0.40875
       471   0.40875
       472   0.40970
       473   0.40779
       474   0.40875
       475   0.40875
       476   0.40875
       477   0.40779
       478   0.40875
       479   0.40779
       480   0.40684
       481   0.40779
       482   0.40684
       483   0.40779
       484   0.40589
       485   0.40589
       486   0.40589
       487   0.40494
       488   0.40494
       489   0.40494
       490   0.40399
       491   0.40399
       492   0.40399
       493   0.40304
       494   0.40304
       495   0.40209
       496   0.40209
       497   0.40019
       498   0.40114
       499   0.40019
       500   0.39924
       501   0.39924
       502   0.39829
       503   0.39734
       504   0.39734
       505   0.39544
       506   0.39639
       507   0.39449
       508   0.39354
       509   0.39354
       510   0.39163
       511   0.39068
       512   0.38973
       513   0.38878
       514   0.38783
       515   0.38688
       516   0.38498
       517   0.38403
       518   0.38213
       519   0.38118
       520   0.38023
       521   0.37833
       522   0.37738
       523   0.37548
       524   0.37357
       525   0.37167
       526   0.36977
       527   0.36692
       528   0.36597
       529   0.36312
       530   0.36122
       531   0.35837
       532   0.35646
       533   0.35361
       534   0.34981
       535   0.34791
       536   0.34316
       537   0.33935
       538   0.33650
       539   0.33270
       540   0.32700
       541   0.32224
       542   0.31749
       543   0.31179
       544   0.30513
       545   0.29848
       546   0.29087
       547   0.28137
       548   0.26996
       549   0.25095
       550   0.23764
       551   0.23574
       552   0.23384
       553   0.23099
       554   0.22909
       555   0.22719
       556   0.22338
       557   0.22148
       558   0.21863
       559   0.21673
       560   0.21768
       561   0.21863
       562   0.22053
       563   0.22148
       564   0.22338
       565   0.22433
       566   0.22624
       567   0.22719
       568   0.22814
       569   0.22909
       570   0.23004
       571   0.23004
       572   0.23194
       573   0.23194
       574   0.23384
       575   0.23384
       576   0.23384
       577   0.23479
       578   0.23669
       579   0.23669
       580   0.23764
       581   0.23859
       582   0.23954
       583   0.24049
       584   0.24049
       585   0.24144
       586   0.24240
       587   0.24335
       588   0.24430
       589   0.24620
       590   0.25856
       591   0.26426
       592   0.27091
       593   0.27471
       594   0.27947
       595   0.28422
       596   0.28802
       597   0.29183
       598   0.29468
       599   0.29848
       600   0.30133
       601   0.30323
       602   0.30608
       603   0.30703
       604   0.31084
       605   0.31274
       606   0.31274
       607   0.31559
       608   0.31654
       609   0.31749
       610   0.31749
       611   0.31844
       612   0.31844
       613   0.31844
       614   0.31939
       615   0.31939
       616   0.32034
       617   0.32034
       618   0.31939
       619   0.32034
       620   0.31939
       621   0.31844
       622   0.31844
       623   0.31844
       624   0.31844
       625   0.31749
       626   0.31654
       627   0.31654
       628   0.31464
       629   0.31464
       630   0.31369
       631   0.31274
       632   0.31179
       633   0.31084
       634   0.30989
       635   0.30798
       636   0.30703
       637   0.30703
       638   0.30513
       639   0.30323
       640   0.30323
       641   0.30133
       642   0.29943
       643   0.29753
       644   0.29753
       645   0.29563
       646   0.29278
       647   0.29183
       648   0.29087
       649   0.28992
       650   0.28802
       651   0.28707
       652   0.28707
       653   0.28707
       654   0.28422
       655   0.28422
       656   0.28232
       657   0.28137
       658   0.28042
       659   0.27947
       660   0.27757
       661   0.27662
       662   0.27662
       663   0.27471
       664   0.27281
       665   0.27091
       666   0.26901
       667   0.26711
       668   0.26521
       669   0.26331
       670   0.26046
       671   0.25760
       672   0.25570
       673   0.24905
       674   0.24240
       675   0.24240
       676   0.24240
       677   0.24240
       678   0.24144
       679   0.24144
       680   0.24240
       681   0.24144
       682   0.24144
       683   0.24049
       684   0.24144
       685   0.24049
       686   0.24049
       687   0.24144
       688   0.24049
       689   0.24049
       690   0.24049
       691   0.24049
       692   0.24049
       693   0.23954
       694   0.23954
       695   0.24049
       696   0.23954
       697   0.23954
       698   0.24049
       699   0.23954
       700   0.23954
       701   0.23954
       702   0.23954
       703   0.23954
       704   0.23954
       705   0.23954
       706   0.23954
       707   0.23954
       708   0.23859
       709   0.23954
       710   0.23954
       711   0.23859
       712   0.23954
       713   0.23954
       714   0.23859
       715   0.23954
       716   0.23954
       717   0.23859
       718   0.23954
       719   0.23954
       720   0.23859
       721   0.23954
       722   0.23954
       723   0.23954
       724   0.23954
       725   0.23954
       726   0.23954
       727   0.23954
       728   0.23954
       729   0.23954
       730   0.24049
       731   0.23954
       732   0.24049
       733   0.24049
       734   0.24049
       735   0.24049
       736   0.24049
       737   0.24049
       738   0.24049
       739   0.24049
       740   0.24144
       741   0.24144
       742   0.24049
       743   0.24144
       744   0.24144
       745   0.24240
       746   0.24144
       747   0.24240
       748   0.24240
       749   0.24240
       750   0.24240
       751   0.24240
       752   0.24335
       753   0.24335
       754   0.24335
       755   0.24335
       756   0.24430
       757   0.24335
       758   0.24335
       759   0.24620
       760   0.24905
       761   0.25000
       762   0.25285
       763   0.25475
       764   0.25570
       765   0.25760
       766   0.25856
       767   0.25951
       768   0.26141
       769   0.26236
       770   0.26331
       771   0.26521
       772   0.26616
       773   0.26711
       774   0.26806
       775   0.26996
       776   0.26996
       777   0.27186
       778   0.27281
       779   0.27376
       780   0.27471
       781   0.27471
       782   0.27662
       783   0.27757
       784   0.27852
       785   0.27947
       786   0.27947
       787   0.28137
       788   0.28137
       789   0.28327
       790   0.28327
       791   0.28327
       792   0.28517
       793   0.28517
       794   0.28517
       795   0.28707
       796   0.28707
       797   0.28802
       798   0.28897
       799   0.28897
       800   0.28992
       801   0.28992
       802   0.28992
       803   0.29087
       804   0.29087
       805   0.29087
       806   0.29183
       807   0.29183
       808   0.29183
       809   0.29183
       810   0.29183
       811   0.29087
       812   0.29183
       813   0.29087
       814   0.28992
       815   0.28992
       816   0.28897
       817   0.28802
       818   0.28707
       819   0.28612
       820   0.28517
       821   0.28327
       822   0.28232
       823   0.28042
       824   0.27757
       825   0.27567
       826   0.27376
       827   0.27186
       828   0.26901
       829   0.26616
       830   0.26331
       831   0.26141
       832   0.25951
       833   0.25665
       834   0.25475
       835   0.25190
       836   0.25000
       837   0.24715
       838   0.24525
       839   0.24335
       840   0.24144
       841   0.23954
       842   0.23764
       843   0.23574
       844   0.23384
       845   0.23289
       846   0.23004
       847   0.22814
       848   0.22719
       849   0.22529
       850   0.22338
       851   0.22243
       852   0.22053
       853   0.21863
       854   0.21768
       855   0.21578
       856   0.21388
       857   0.21578
       858   0.21768
       859   0.21863
       860   0.22053
       861   0.22243
       862   0.22338
       863   0.22529
       864   0.22624
       865   0.22814
       866   0.23004
       867   0.23004
       868   0.23194
       869   0.23289
       870   0.23384
       871   0.23384
       872   0.23574
       873   0.23574
       874   0.23669
       875   0.23764
       876   0.23764
       877   0.23859
       878   0.23859
       879   0.23859
       880   0.23954
       881   0.23954
       882   0.24049
       883   0.24049
       884   0.24049
       885   0.24144
       886   0.24144
       887   0.24144
       888   0.24240
       889   0.24240
       890   0.24144
       891   0.24240
       892   0.24240
       893   0.24240
       894   0.24240
       895   0.24240
       896   0.24240
       897   0.24144
       898   0.24240
       899   0.24144
       900   0.24144
       901   0.24240
       902   0.24144
       903   0.24144
       904   0.24049
       905   0.24144
       906   0.24049
       907   0.24049
       908   0.24144
       909   0.24049
       910   0.24049
       911   0.23954
       912   0.24049
       913   0.23954
       914   0.23859
       915   0.23859
       916   0.23859
       917   0.23859
       918   0.23764
       919   0.23859
       920   0.23764
       921   0.23764
       922   0.23669
       923   0.23764
       924   0.23669
       925   0.23574
       926   0.23574
       927   0.23574
       928   0.23574
       929   0.23479
       930   0.23384
       931   0.23384
       932   0.23289
       933   0.23194
       934   0.23099
       935   0.23099
       936   0.23004
       937   0.22909
       938   0.22814
       939   0.22814
       940   0.22719
       941   0.22624
       942   0.22529
       943   0.22529
       944   0.22433
       945   0.22338
       946   0.22243
       947   0.22148
       948   0.22148
       949   0.22053
       950   0.21958
       951   0.21863
       952   0.21863
       953   0.21768
       954   0.21673
       955   0.21578
       956   0.21483
       957   0.21483
       958   0.21388
       959   0.21293
       960   0.21198
       961   0.21103
       962   0.21008
       963   0.20913
       964   0.20913
       965   0.20817
       966   0.20722
       967   0.20627
       968   0.20532
       969   0.20437
       970   0.20342
       971   0.20247
       972   0.20152
       973   0.20057
       974   0.19962
       975   0.19867
       976   0.19772
       977   0.19677
       978   0.19487
       979   0.19392
       980   0.19297
       981   0.19106
       982   0.19011
       983   0.18821
       984   0.18631
       985   0.18536
       986   0.18536
       987   0.18441
       988   0.18441
       989   0.18346
       990   0.18346
       991   0.18251
       992   0.18251
       993   0.18156
       994   0.18156
       995   0.18061
       996   0.18061
       997   0.17966
       998   0.17966
       999   0.17871
      1000   0.17871
      1001   0.17776
      1002   0.17776
      1003   0.17681
      1004   0.17681
      1005   0.17586
      1006   0.17490
      1007   0.17490
      1008   0.17395
      1009   0.17395
      1010   0.17300
      1011   0.17205
      1012   0.17110
      1013   0.17110
      1014   0.17015
      1015   0.16920
      1016   0.16920
      1017   0.16825
      1018   0.16730
      1019   0.16635
      1020   0.16540
      1021   0.16445
      1022   0.16350
      1023   0.16255
      1024   0.16160
      1025   0.16065
      1026   0.15970
      1027   0.15875
      1028   0.15779
      1029   0.15684
      1030   0.15589
      1031   0.15494
      1032   0.15304
      1033   0.15209
      1034   0.15114
      1035   0.14924
      1036   0.14829
      1037   0.14639
      1038   0.14449
      1039   0.14354
      1040   0.14163
      1041   0.13973
      1042   0.13783
      1043   0.13688
      1044   0.13498
      1045   0.13308
      1046   0.13023
      1047   0.12833
      1048   0.12643
      1049   0.12452
      1050   0.12262
      1051   0.11977
      1052   0.11787
