         1   0.38593
         2   0.39163
         3   0.39544
         4   0.40114
         5   0.40589
         6   0.41065
         7   0.41540
         8   0.42015
         9   0.42490
        10   0.42966
        11   0.43346
        12   0.43821
        13   0.44297
        14   0.44867
        15   0.45247
        16   0.45722
        17   0.46198
        18   0.46673
        19   0.47148
        20   0.47529
        21   0.48004
        22   0.48574
        23   0.49049
        24   0.49525
        25   0.49905
        26   0.50285
        27   0.50856
        28   0.51331
        29   0.51806
        30   0.52186
        31   0.52567
        32   0.53042
        33   0.53517
        34   0.53992
        35   0.54468
        36   0.54848
        37   0.55323
        38   0.55798
        39   0.56179
        40   0.56559
        41   0.57129
        42   0.57510
        43   0.57985
        44   0.58460
        45   0.58840
        46   0.59316
        47   0.59696
        48   0.60171
        49   0.60551
        50   0.61122
        51   0.61502
        52   0.61977
        53   0.62452
        54   0.62928
        55   0.63308
        56   0.63783
        57   0.64354
        58   0.64734
        59   0.65209
        60   0.65684
        61   0.66065
        62   0.66445
        63   0.67015
        64   0.67490
        65   0.67966
        66   0.68441
        67   0.68916
        68   0.69297
        69   0.69867
        70   0.70342
        71   0.70913
        72   0.71388
        73   0.71768
        74   0.72433
        75   0.72909
        76   0.73384
        77   0.73859
        78   0.74430
        79   0.75000
        80   0.75570
        81   0.76046
        82   0.76616
        83   0.77281
        84   0.77757
        85   0.78422
        86   0.78992
        87   0.79848
        88   0.80418
        89   0.81084
        90   0.81939
        91   0.82700
        92   0.83650
        93   0.84601
        94   0.85837
        95   0.87548
        96   0.89449
        97   0.89639
        98   0.89734
        99   0.89829
       100   0.89829
       101   0.89829
       102   0.89924
       103   0.89924
       104   0.89924
       105   0.89924
       106   0.89924
       107   0.89924
       108   0.89924
       109   0.89924
       110   0.89924
       111   0.90019
       112   0.90019
       113   0.90019
       114   0.90019
       115   0.90019
       116   0.90019
       117   0.90019
       118   0.90019
       119   0.90019
       120   0.90019
       121   0.90019
       122   0.90019
       123   0.90019
       124   0.90019
       125   0.90019
       126   0.90019
       127   0.90019
       128   0.90019
       129   0.90019
       130   0.90019
       131   0.90019
       132   0.89924
       133   0.89924
       134   0.89924
       135   0.89924
       136   0.89924
       137   0.89924
       138   0.89924
       139   0.89924
       140   0.89924
       141   0.89829
       142   0.89829
       143   0.89829
       144   0.89829
       145   0.89829
       146   0.89829
       147   0.89734
       148   0.89734
       149   0.89734
       150   0.89734
       151   0.89734
       152   0.89639
       153   0.89639
       154   0.89639
       155   0.89639
       156   0.89544
       157   0.89544
       158   0.89544
       159   0.89544
       160   0.89449
       161   0.89449
       162   0.89449
       163   0.89449
       164   0.89354
       165   0.89354
       166   0.89354
       167   0.89259
       168   0.89259
       169   0.89259
       170   0.89163
       171   0.89163
       172   0.89163
       173   0.89068
       174   0.89068
       175   0.89068
       176   0.88973
       177   0.88973
       178   0.88973
       179   0.88878
       180   0.88878
       181   0.88783
       182   0.88783
       183   0.88783
       184   0.88688
       185   0.88688
       186   0.88593
       187   0.88593
       188   0.88498
       189   0.88498
       190   0.88498
       191   0.88403
       192   0.88403
       193   0.88308
       194   0.88308
       195   0.88213
       196   0.88213
       197   0.88118
       198   0.88118
       199   0.88023
       200   0.88023
       201   0.88023
       202   0.87833
       203   0.87738
       204   0.87548
       205   0.87452
       206   0.87262
       207   0.87072
       208   0.86977
       209   0.86787
       210   0.86692
       211   0.86502
       212   0.86407
       213   0.86217
       214   0.86122
       215   0.85932
       216   0.85837
       217   0.85646
       218   0.85551
       219   0.85361
       220   0.85171
       221   0.85076
       222   0.84886
       223   0.84791
       224   0.84601
       225   0.84506
       226   0.84316
       227   0.84125
       228   0.84030
       229   0.83840
       230   0.83745
       231   0.83555
       232   0.83460
       233   0.83270
       234   0.83080
       235   0.82985
       236   0.82795
       237   0.82605
       238   0.82510
       239   0.82319
       240   0.82224
       241   0.82034
       242   0.81844
       243   0.81749
       244   0.81559
       245   0.81369
       246   0.81274
       247   0.81084
       248   0.80989
       249   0.80798
       250   0.80608
       251   0.80513
       252   0.80323
       253   0.80133
       254   0.80038
       255   0.79848
       256   0.79658
       257   0.79563
       258   0.79373
       259   0.79183
       260   0.79087
       261   0.78897
       262   0.78707
       263   0.78612
       264   0.78422
       265   0.78232
       266   0.78137
       267   0.77947
       268   0.77757
       269   0.77662
       270   0.77471
       271   0.77281
       272   0.77091
       273   0.76996
       274   0.76806
       275   0.76616
       276   0.76521
       277   0.76331
       278   0.76141
       279   0.75951
       280   0.75856
       281   0.75665
       282   0.75475
       283   0.75380
       284   0.75190
       285   0.75000
       286   0.74810
       287   0.74715
       288   0.74525
       289   0.74335
       290   0.74144
       291   0.74049
       292   0.73859
       293   0.73669
       294   0.73479
       295   0.73384
       296   0.73194
       297   0.73004
       298   0.72814
       299   0.72719
       300   0.72909
       301   0.73099
       302   0.73289
       303   0.73479
       304   0.73669
       305   0.73859
       306   0.74049
       307   0.74240
       308   0.74430
       309   0.74525
       310   0.74810
       311   0.74905
       312   0.75095
       313   0.75285
       314   0.75380
       315   0.75665
       316   0.75760
       317   0.75856
       318   0.76046
       319   0.76236
       320   0.76331
       321   0.76521
       322   0.76616
       323   0.76806
       324   0.76996
       325   0.77091
       326   0.77186
       327   0.77376
       328   0.77567
       329   0.77662
       330   0.77757
       331   0.77852
       332   0.78042
       333   0.78232
       334   0.78327
       335   0.78422
       336   0.78517
       337   0.78707
       338   0.78802
       339   0.78897
       340   0.78992
       341   0.79183
       342   0.79278
       343   0.79373
       344   0.79468
       345   0.79658
       346   0.79753
       347   0.79848
       348   0.79943
       349   0.80038
       350   0.80133
       351   0.80228
       352   0.80323
       353   0.80418
       354   0.80513
       355   0.80608
       356   0.80703
       357   0.80798
       358   0.80894
       359   0.80989
       360   0.81084
       361   0.81179
       362   0.81274
       363   0.81369
       364   0.81464
       365   0.81559
       366   0.81654
       367   0.81749
       368   0.81844
       369   0.81844
       370   0.81939
       371   0.82034
       372   0.82129
       373   0.82224
       374   0.82319
       375   0.82319
       376   0.82414
       377   0.82510
       378   0.82605
       379   0.82700
       380   0.82700
       381   0.82700
       382   0.82795
       383   0.82890
       384   0.82890
       385   0.82985
       386   0.83080
       387   0.83175
       388   0.83175
       389   0.83270
       390   0.83365
       391   0.83365
       392   0.83460
       393   0.83460
       394   0.83460
       395   0.83460
       396   0.83460
       397   0.83460
       398   0.83460
       399   0.83460
       400   0.83460
       401   0.83460
       402   0.83460
       403   0.83460
       404   0.83460
       405   0.83460
       406   0.83460
       407   0.83460
       408   0.83460
       409   0.83460
       410   0.83460
       411   0.83460
       412   0.83460
       413   0.83460
       414   0.83460
       415   0.83365
       416   0.83365
       417   0.83365
       418   0.83365
       419   0.83365
       420   0.83365
       421   0.83365
       422   0.83365
       423   0.83365
       424   0.83365
       425   0.83365
       426   0.83365
       427   0.83365
       428   0.83365
       429   0.83365
       430   0.83365
       431   0.83365
       432   0.83365
       433   0.83365
       434   0.83365
       435   0.83365
       436   0.83365
       437   0.83365
       438   0.83365
       439   0.83365
       440   0.83365
       441   0.83365
       442   0.83365
       443   0.83365
       444   0.83460
       445   0.83460
       446   0.83460
       447   0.83460
       448   0.83460
       449   0.83460
       450   0.83460
       451   0.83460
       452   0.83460
       453   0.83460
       454   0.83460
       455   0.83460
       456   0.83460
       457   0.83460
       458   0.83460
       459   0.83460
       460   0.83460
       461   0.83460
       462   0.83460
       463   0.83460
       464   0.83555
       465   0.83555
       466   0.83555
       467   0.83555
       468   0.83555
       469   0.83555
       470   0.83555
       471   0.83555
       472   0.83555
       473   0.83555
       474   0.83555
       475   0.83555
       476   0.83650
       477   0.83650
       478   0.83650
       479   0.83650
       480   0.83650
       481   0.83650
       482   0.83650
       483   0.83650
       484   0.83650
       485   0.83650
       486   0.83745
       487   0.83745
       488   0.83745
       489   0.83745
       490   0.83745
       491   0.83745
       492   0.83745
       493   0.83745
       494   0.83745
       495   0.83840
       496   0.83840
       497   0.83840
       498   0.83840
       499   0.83840
       500   0.83840
       501   0.83840
       502   0.83840
       503   0.83935
       504   0.83935
       505   0.83935
       506   0.83935
       507   0.83935
       508   0.83935
       509   0.83935
       510   0.83935
       511   0.84030
       512   0.84030
       513   0.84030
       514   0.84030
       515   0.84030
       516   0.84030
       517   0.84030
       518   0.84030
       519   0.84125
       520   0.84125
       521   0.84125
       522   0.84125
       523   0.84125
       524   0.84125
       525   0.84125
       526   0.84125
       527   0.84125
       528   0.84125
       529   0.84221
       530   0.84221
       531   0.84221
       532   0.84221
       533   0.84221
       534   0.84221
       535   0.84221
       536   0.84221
       537   0.84221
       538   0.84221
       539   0.84221
       540   0.84221
       541   0.84221
       542   0.84221
       543   0.84221
       544   0.84221
       545   0.84221
       546   0.84221
       547   0.84221
       548   0.84221
       549   0.84125
       550   0.84030
       551   0.83935
       552   0.83840
       553   0.83745
       554   0.83650
       555   0.83555
       556   0.83460
       557   0.83270
       558   0.83175
       559   0.82985
       560   0.82985
       561   0.82985
       562   0.82985
       563   0.82985
       564   0.82985
       565   0.82985
       566   0.82985
       567   0.82890
       568   0.82890
       569   0.82985
       570   0.82985
       571   0.82985
       572   0.82890
       573   0.82890
       574   0.82890
       575   0.82890
       576   0.82795
       577   0.82795
       578   0.82795
       579   0.82700
       580   0.82700
       581   0.82795
       582   0.82700
       583   0.82700
       584   0.82605
       585   0.82605
       586   0.82605
       587   0.82510
       588   0.82510
       589   0.82414
       590   0.82510
       591   0.82510
       592   0.82414
       593   0.82414
       594   0.82319
       595   0.82319
       596   0.82319
       597   0.82319
       598   0.82224
       599   0.82224
       600   0.82129
       601   0.82224
       602   0.82129
       603   0.82129
       604   0.82034
       605   0.82034
       606   0.82034
       607   0.82034
       608   0.81939
       609   0.81939
       610   0.81939
       611   0.81939
       612   0.81844
       613   0.81844
       614   0.81844
       615   0.81749
       616   0.81749
       617   0.81654
       618   0.81749
       619   0.81654
       620   0.81654
       621   0.81654
       622   0.81654
       623   0.81559
       624   0.81559
       625   0.81559
       626   0.81464
       627   0.81559
       628   0.81464
       629   0.81369
       630   0.81464
       631   0.81369
       632   0.81464
       633   0.81369
       634   0.81369
       635   0.81369
       636   0.81274
       637   0.81369
       638   0.81274
       639   0.81274
       640   0.81274
       641   0.81274
       642   0.81274
       643   0.81179
       644   0.81274
       645   0.81179
       646   0.81274
       647   0.81179
       648   0.81274
       649   0.81179
       650   0.81274
       651   0.81179
       652   0.81179
       653   0.81179
       654   0.81179
       655   0.81179
       656   0.81179
       657   0.81274
       658   0.81179
       659   0.81274
       660   0.81179
       661   0.81274
       662   0.81274
       663   0.81274
       664   0.81274
       665   0.81369
       666   0.81274
       667   0.81369
       668   0.81274
       669   0.81369
       670   0.81369
       671   0.81464
       672   0.81464
       673   0.81464
       674   0.81559
       675   0.81464
       676   0.81559
       677   0.81559
       678   0.81654
       679   0.81654
       680   0.81654
       681   0.81749
       682   0.81749
       683   0.81749
       684   0.81844
       685   0.81844
       686   0.81939
       687   0.82034
       688   0.82034
       689   0.82034
       690   0.82129
       691   0.82224
       692   0.82224
       693   0.82319
       694   0.82414
       695   0.82510
       696   0.82510
       697   0.82510
       698   0.82605
       699   0.82700
       700   0.82700
       701   0.82795
       702   0.82890
       703   0.82985
       704   0.83080
       705   0.83175
       706   0.83270
       707   0.83270
       708   0.83365
       709   0.83460
       710   0.83555
       711   0.83650
       712   0.83745
       713   0.83840
       714   0.84030
       715   0.84125
       716   0.84221
       717   0.84316
       718   0.84411
       719   0.84506
       720   0.84601
       721   0.84696
       722   0.84791
       723   0.84981
       724   0.85076
       725   0.85171
       726   0.85266
       727   0.85361
       728   0.85646
       729   0.85741
       730   0.85837
       731   0.85932
       732   0.86122
       733   0.86217
       734   0.86312
       735   0.86502
       736   0.86692
       737   0.86787
       738   0.86882
       739   0.87072
       740   0.87262
       741   0.87357
       742   0.87548
       743   0.87643
       744   0.87738
       745   0.88023
       746   0.88118
       747   0.88308
       748   0.88403
       749   0.88498
       750   0.88783
       751   0.88878
       752   0.89068
       753   0.89163
       754   0.89354
       755   0.89544
       756   0.89734
       757   0.89829
       758   0.90019
       759   0.90114
       760   0.90399
       761   0.90494
       762   0.90684
       763   0.90875
       764   0.90970
       765   0.91160
       766   0.91350
       767   0.91540
       768   0.91730
       769   0.91825
       770   0.92015
       771   0.92205
       772   0.92300
       773   0.92490
       774   0.92681
       775   0.92776
       776   0.92966
       777   0.93251
       778   0.93346
       779   0.93441
       780   0.93536
       781   0.93631
       782   0.93631
       783   0.93726
       784   0.93821
       785   0.93916
       786   0.94011
       787   0.94011
       788   0.94106
       789   0.94202
       790   0.94297
       791   0.94392
       792   0.94487
       793   0.94582
       794   0.94677
       795   0.94677
       796   0.94772
       797   0.94867
       798   0.94962
       799   0.95057
       800   0.95152
       801   0.95247
       802   0.95342
       803   0.95437
       804   0.95532
       805   0.95627
       806   0.95722
       807   0.95817
       808   0.95913
       809   0.96008
       810   0.96103
       811   0.96293
       812   0.96388
       813   0.96483
       814   0.96578
       815   0.96673
       816   0.96768
       817   0.96863
       818   0.96958
       819   0.97148
       820   0.97243
       821   0.97338
       822   0.97433
       823   0.97529
       824   0.97719
       825   0.97814
       826   0.97909
       827   0.98004
       828   0.98099
       829   0.98289
       830   0.98384
       831   0.98479
       832   0.98669
       833   0.98764
       834   0.98859
       835   0.99049
       836   0.99144
       837   0.99240
       838   0.99430
       839   0.99525
       840   0.99620
       841   0.99810
       842   0.99905
       843   0.99905
       844   0.99905
       845   0.99905
       846   0.99905
       847   0.99905
       848   0.99905
       849   0.99905
       850   0.99905
       851   0.99905
       852   0.99905
       853   0.99905
       854   0.99905
       855   0.99905
       856   0.99905
       857   0.99905
       858   0.99905
       859   0.99905
       860   0.99905
       861   0.99905
       862   0.99905
       863   0.99905
       864   0.99905
       865   0.99620
       866   0.99335
       867   0.99144
       868   0.98764
       869   0.98479
       870   0.98194
       871   0.97719
       872   0.97433
       873   0.97053
       874   0.96578
       875   0.96198
       876   0.95722
       877   0.95152
       878   0.94582
       879   0.90875
       880   0.84221
       881   0.80989
       882   0.79848
       883   0.78897
       884   0.77947
       885   0.77091
       886   0.76236
       887   0.75000
       888   0.71958
       889   0.71673
       890   0.71483
       891   0.71103
       892   0.70817
       893   0.70437
       894   0.70057
       895   0.69677
       896   0.69392
       897   0.69011
       898   0.68631
       899   0.68251
       900   0.67966
       901   0.67490
       902   0.67110
       903   0.66730
       904   0.66350
       905   0.65970
       906   0.65494
       907   0.65114
       908   0.64734
       909   0.64163
       910   0.63878
       911   0.63403
       912   0.62928
       913   0.62452
       914   0.61977
       915   0.61502
       916   0.61027
       917   0.60456
       918   0.60076
       919   0.59506
       920   0.59030
       921   0.58460
       922   0.57890
       923   0.57319
       924   0.56844
       925   0.56369
       926   0.55798
       927   0.55228
       928   0.54468
       929   0.53897
       930   0.53327
       931   0.52757
       932   0.52186
       933   0.51521
       934   0.50856
       935   0.50190
       936   0.49525
       937   0.48954
       938   0.48099
       939   0.47433
       940   0.46673
       941   0.45913
       942   0.45152
       943   0.44297
       944   0.43346
       945   0.42395
       946   0.41255
       947   0.39924
       948   0.38118
       949   0.35932
       950   0.35741
       951   0.35551
       952   0.35456
       953   0.35266
       954   0.35076
       955   0.34981
       956   0.34791
       957   0.34696
       958   0.34506
       959   0.34411
       960   0.34316
       961   0.34125
       962   0.34030
       963   0.33935
       964   0.33745
       965   0.33650
       966   0.33555
       967   0.33365
       968   0.33270
       969   0.33175
       970   0.33080
       971   0.32985
       972   0.32890
       973   0.32700
       974   0.32605
       975   0.32510
       976   0.32414
       977   0.32319
       978   0.32224
       979   0.32129
       980   0.32034
       981   0.31939
       982   0.31844
       983   0.31749
       984   0.31654
       985   0.31559
       986   0.31464
       987   0.31369
       988   0.31274
       989   0.31179
       990   0.31084
       991   0.30989
       992   0.30894
       993   0.30798
       994   0.30798
       995   0.30703
       996   0.30608
       997   0.30513
       998   0.30418
       999   0.30323
      1000   0.30228
      1001   0.30133
      1002   0.30133
      1003   0.30038
      1004   0.29943
      1005   0.29848
      1006   0.29753
      1007   0.29658
      1008   0.29658
      1009   0.29563
      1010   0.29468
      1011   0.29373
      1012   0.29278
      1013   0.29183
      1014   0.29183
      1015   0.29087
      1016   0.28992
      1017   0.28897
      1018   0.28802
      1019   0.28707
      1020   0.28707
      1021   0.28612
      1022   0.28517
      1023   0.28422
      1024   0.28327
      1025   0.28232
      1026   0.28232
      1027   0.28137
      1028   0.28042
      1029   0.27947
      1030   0.27852
      1031   0.27757
      1032   0.27757
      1033   0.27662
      1034   0.27567
      1035   0.27471
      1036   0.27376
      1037   0.27281
      1038   0.27186
      1039   0.27186
      1040   0.27091
      1041   0.26996
      1042   0.26901
      1043   0.26806
      1044   0.26711
      1045   0.26616
      1046   0.26521
      1047   0.26426
      1048   0.26331
      1049   0.26236
      1050   0.26141
      1051   0.26141
      1052   0.26046
