         1   0.09506
         2   0.09601
         3   0.09696
         4   0.09791
         5   0.09886
         6   0.09981
         7   0.10076
         8   0.10171
         9   0.10266
        10   0.10361
        11   0.10456
        12   0.10551
        13   0.10646
        14   0.10741
        15   0.10837
        16   0.10932
        17   0.11027
        18   0.11122
        19   0.11217
        20   0.11312
        21   0.11407
        22   0.11502
        23   0.11597
        24   0.11692
        25   0.11787
        26   0.11882
        27   0.11977
        28   0.12072
        29   0.12167
        30   0.12262
        31   0.12357
        32   0.12452
        33   0.12548
        34   0.12643
        35   0.12738
        36   0.12833
        37   0.12928
        38   0.13023
        39   0.13118
        40   0.13213
        41   0.13308
        42   0.13403
        43   0.13498
        44   0.13593
        45   0.13688
        46   0.13783
        47   0.13878
        48   0.13973
        49   0.14068
        50   0.14163
        51   0.14259
        52   0.14354
        53   0.14449
        54   0.14544
        55   0.14639
        56   0.14734
        57   0.14829
        58   0.14924
        59   0.15019
        60   0.15114
        61   0.15209
        62   0.15304
        63   0.15399
        64   0.15494
        65   0.15589
        66   0.15684
        67   0.15779
        68   0.15875
        69   0.15970
        70   0.16065
        71   0.16160
        72   0.16255
        73   0.16350
        74   0.16445
        75   0.16540
        76   0.16635
        77   0.16730
        78   0.16825
        79   0.16920
        80   0.17015
        81   0.17110
        82   0.17205
        83   0.17300
        84   0.17395
        85   0.17490
        86   0.19867
        87   0.21008
        88   0.21958
        89   0.22719
        90   0.23479
        91   0.24049
        92   0.24620
        93   0.25190
        94   0.25665
        95   0.26236
        96   0.26616
        97   0.27186
        98   0.27567
        99   0.28042
       100   0.28422
       101   0.28802
       102   0.29087
       103   0.29373
       104   0.29658
       105   0.29943
       106   0.30228
       107   0.30513
       108   0.30703
       109   0.30989
       110   0.31274
       111   0.31464
       112   0.31654
       113   0.31844
       114   0.32129
       115   0.32414
       116   0.32510
       117   0.32795
       118   0.32985
       119   0.33080
       120   0.33365
       121   0.33460
       122   0.33745
       123   0.33935
       124   0.34030
       125   0.34316
       126   0.34411
       127   0.34601
       128   0.34696
       129   0.34886
       130   0.35076
       131   0.35171
       132   0.35361
       133   0.35551
       134   0.35741
       135   0.35837
       136   0.35932
       137   0.36122
       138   0.36217
       139   0.36312
       140   0.36597
       141   0.36692
       142   0.36787
       143   0.36882
       144   0.37072
       145   0.37167
       146   0.37262
       147   0.37357
       148   0.37548
       149   0.37643
       150   0.37738
       151   0.37833
       152   0.37928
       153   0.38023
       154   0.38213
       155   0.38308
       156   0.38403
       157   0.38498
       158   0.38593
       159   0.38688
       160   0.38688
       161   0.38783
       162   0.38878
       163   0.38973
       164   0.39068
       165   0.39163
       166   0.39259
       167   0.39354
       168   0.39354
       169   0.39449
       170   0.39544
       171   0.39639
       172   0.39734
       173   0.39829
       174   0.39734
       175   0.39829
       176   0.39924
       177   0.40019
       178   0.40114
       179   0.40114
       180   0.40114
       181   0.40209
       182   0.40304
       183   0.40209
       184   0.40304
       185   0.40399
       186   0.40399
       187   0.40399
       188   0.40494
       189   0.40494
       190   0.40494
       191   0.40494
       192   0.40589
       193   0.40589
       194   0.40589
       195   0.40589
       196   0.40589
       197   0.40589
       198   0.40589
       199   0.40494
       200   0.40304
       201   0.40209
       202   0.40019
       203   0.39829
       204   0.39639
       205   0.39449
       206   0.39259
       207   0.38973
       208   0.38783
       209   0.38593
       210   0.38403
       211   0.38118
       212   0.37928
       213   0.37643
       214   0.37357
       215   0.37167
       216   0.36882
       217   0.36597
       218   0.36312
       219   0.36027
       220   0.35646
       221   0.35361
       222   0.35076
       223   0.34696
       224   0.34411
       225   0.34030
       226   0.33745
       227   0.33365
       228   0.33080
       229   0.32700
       230   0.32414
       231   0.32034
       232   0.31749
       233   0.31464
       234   0.31084
       235   0.30798
       236   0.30513
       237   0.30228
       238   0.29943
       239   0.29563
       240   0.29278
       241   0.28992
       242   0.28707
       243   0.28517
       244   0.28232
       245   0.27947
       246   0.27662
       247   0.27376
       248   0.27186
       249   0.26901
       250   0.26616
       251   0.26426
       252   0.26141
       253   0.25951
       254   0.25665
       255   0.25475
       256   0.25190
       257   0.25000
       258   0.24810
       259   0.24525
       260   0.24335
       261   0.24049
       262   0.23859
       263   0.23669
       264   0.23479
       265   0.23194
       266   0.23004
       267   0.22814
       268   0.22624
       269   0.22338
       270   0.22148
       271   0.21958
       272   0.21768
       273   0.21578
       274   0.21388
       275   0.21103
       276   0.20913
       277   0.20722
       278   0.20532
       279   0.20342
       280   0.20152
       281   0.19962
       282   0.19772
       283   0.19582
       284   0.19392
       285   0.19202
       286   0.19011
       287   0.18821
       288   0.18631
       289   0.18441
       290   0.18251
       291   0.18061
       292   0.17871
       293   0.17681
       294   0.17490
       295   0.17300
       296   0.17110
       297   0.16920
       298   0.16730
       299   0.16635
       300   0.16825
       301   0.17205
       302   0.17490
       303   0.17871
       304   0.18061
       305   0.18346
       306   0.18726
       307   0.19011
       308   0.19392
       309   0.19677
       310   0.19962
       311   0.20247
       312   0.20532
       313   0.20817
       314   0.21198
       315   0.21578
       316   0.21863
       317   0.22148
       318   0.22529
       319   0.22814
       320   0.23099
       321   0.23479
       322   0.23764
       323   0.24144
       324   0.24525
       325   0.24810
       326   0.25095
       327   0.25475
       328   0.25856
       329   0.26141
       330   0.26616
       331   0.26996
       332   0.27281
       333   0.27662
       334   0.28042
       335   0.28422
       336   0.28802
       337   0.29183
       338   0.29563
       339   0.29943
       340   0.30323
       341   0.30703
       342   0.31084
       343   0.31464
       344   0.31844
       345   0.32224
       346   0.32605
       347   0.32890
       348   0.33270
       349   0.33650
       350   0.33840
       351   0.34125
       352   0.34506
       353   0.34791
       354   0.35076
       355   0.35361
       356   0.35551
       357   0.35837
       358   0.36027
       359   0.36217
       360   0.36502
       361   0.36692
       362   0.36882
       363   0.37072
       364   0.37262
       365   0.37452
       366   0.37643
       367   0.37833
       368   0.37928
       369   0.38118
       370   0.38308
       371   0.38498
       372   0.38593
       373   0.38783
       374   0.38878
       375   0.38783
       376   0.38783
       377   0.38878
       378   0.38783
       379   0.38783
       380   0.38783
       381   0.38783
       382   0.38688
       383   0.38593
       384   0.38593
       385   0.38498
       386   0.38593
       387   0.38403
       388   0.38498
       389   0.38403
       390   0.38403
       391   0.38308
       392   0.38308
       393   0.38213
       394   0.38308
       395   0.38118
       396   0.38118
       397   0.38023
       398   0.37928
       399   0.38023
       400   0.37928
       401   0.37928
       402   0.37833
       403   0.37738
       404   0.37833
       405   0.37643
       406   0.37738
       407   0.37643
       408   0.37643
       409   0.37452
       410   0.37548
       411   0.37452
       412   0.37548
       413   0.37357
       414   0.37357
       415   0.37262
       416   0.37262
       417   0.37262
       418   0.37167
       419   0.37262
       420   0.37072
       421   0.37072
       422   0.36977
       423   0.36977
       424   0.37072
       425   0.36882
       426   0.36882
       427   0.36882
       428   0.36787
       429   0.36692
       430   0.36692
       431   0.36692
       432   0.36597
       433   0.36597
       434   0.36692
       435   0.36502
       436   0.36407
       437   0.36502
       438   0.36407
       439   0.36502
       440   0.36312
       441   0.36407
       442   0.36407
       443   0.36312
       444   0.36217
       445   0.36122
       446   0.36312
       447   0.36407
       448   0.36407
       449   0.36407
       450   0.36502
       451   0.36407
       452   0.36597
       453   0.36692
       454   0.36502
       455   0.36597
       456   0.36597
       457   0.36597
       458   0.36502
       459   0.36597
       460   0.36502
       461   0.36597
       462   0.36502
       463   0.36502
       464   0.36597
       465   0.36502
       466   0.36502
       467   0.36502
       468   0.36502
       469   0.36407
       470   0.36502
       471   0.36502
       472   0.36407
       473   0.36407
       474   0.36407
       475   0.36407
       476   0.36312
       477   0.36312
       478   0.36217
       479   0.36217
       480   0.36312
       481   0.36122
       482   0.36122
       483   0.36217
       484   0.36027
       485   0.36027
       486   0.36027
       487   0.35932
       488   0.35932
       489   0.35741
       490   0.35837
       491   0.35741
       492   0.35646
       493   0.35646
       494   0.35551
       495   0.35456
       496   0.35361
       497   0.35266
       498   0.35361
       499   0.35076
       500   0.35171
       501   0.35076
       502   0.34886
       503   0.34886
       504   0.34696
       505   0.34601
       506   0.34601
       507   0.34411
       508   0.34221
       509   0.34125
       510   0.33935
       511   0.33840
       512   0.33745
       513   0.33460
       514   0.33365
       515   0.33175
       516   0.32985
       517   0.32795
       518   0.32510
       519   0.32414
       520   0.32224
       521   0.31939
       522   0.31654
       523   0.31464
       524   0.31084
       525   0.30703
       526   0.30513
       527   0.30133
       528   0.29753
       529   0.29373
       530   0.28802
       531   0.28422
       532   0.27947
       533   0.27186
       534   0.26521
       535   0.25760
       536   0.24430
       537   0.22433
       538   0.22338
       539   0.22148
       540   0.22053
       541   0.21958
       542   0.21768
       543   0.21578
       544   0.21483
       545   0.21198
       546   0.21008
       547   0.20817
       548   0.20627
       549   0.20437
       550   0.20247
       551   0.19962
       552   0.19772
       553   0.19582
       554   0.19202
       555   0.19011
       556   0.18726
       557   0.18631
       558   0.18441
       559   0.18156
       560   0.18251
       561   0.18346
       562   0.18536
       563   0.18536
       564   0.18631
       565   0.18726
       566   0.18821
       567   0.18916
       568   0.19011
       569   0.19011
       570   0.19011
       571   0.19106
       572   0.19106
       573   0.19202
       574   0.19297
       575   0.19392
       576   0.19487
       577   0.19487
       578   0.19582
       579   0.19582
       580   0.19677
       581   0.19772
       582   0.19772
       583   0.19867
       584   0.19962
       585   0.19962
       586   0.20152
       587   0.20152
       588   0.20342
       589   0.20342
       590   0.20437
       591   0.20627
       592   0.20722
       593   0.20817
       594   0.20913
       595   0.21008
       596   0.21198
       597   0.21388
       598   0.21483
       599   0.21673
       600   0.21768
       601   0.21863
       602   0.22148
       603   0.22243
       604   0.22433
       605   0.22529
       606   0.22719
       607   0.22814
       608   0.22909
       609   0.23099
       610   0.23194
       611   0.23289
       612   0.23384
       613   0.23479
       614   0.23479
       615   0.23669
       616   0.23574
       617   0.23669
       618   0.23669
       619   0.23764
       620   0.23669
       621   0.23764
       622   0.23669
       623   0.23764
       624   0.23669
       625   0.23669
       626   0.23574
       627   0.23669
       628   0.23574
       629   0.23574
       630   0.23479
       631   0.23384
       632   0.23289
       633   0.23289
       634   0.23194
       635   0.23099
       636   0.23099
       637   0.22909
       638   0.23004
       639   0.23004
       640   0.23004
       641   0.23004
       642   0.23099
       643   0.23004
       644   0.23004
       645   0.23004
       646   0.23004
       647   0.23004
       648   0.23004
       649   0.23004
       650   0.23004
       651   0.23004
       652   0.23004
       653   0.23004
       654   0.23004
       655   0.23004
       656   0.22909
       657   0.22909
       658   0.22909
       659   0.22909
       660   0.22909
       661   0.22814
       662   0.22909
       663   0.22814
       664   0.22909
       665   0.22814
       666   0.22814
       667   0.22909
       668   0.22814
       669   0.22814
       670   0.22814
       671   0.22814
       672   0.22719
       673   0.22814
       674   0.22719
       675   0.22719
       676   0.22719
       677   0.22719
       678   0.22624
       679   0.22624
       680   0.22719
       681   0.22624
       682   0.22624
       683   0.22624
       684   0.22624
       685   0.22529
       686   0.22624
       687   0.22624
       688   0.22529
       689   0.22624
       690   0.22529
       691   0.22529
       692   0.22529
       693   0.22529
       694   0.22529
       695   0.22433
       696   0.22529
       697   0.22529
       698   0.22433
       699   0.22529
       700   0.22433
       701   0.22433
       702   0.22529
       703   0.22433
       704   0.22433
       705   0.22529
       706   0.22433
       707   0.22433
       708   0.22529
       709   0.22433
       710   0.22433
       711   0.22529
       712   0.22433
       713   0.22433
       714   0.22433
       715   0.22433
       716   0.22433
       717   0.22433
       718   0.22433
       719   0.22433
       720   0.22529
       721   0.22433
       722   0.22529
       723   0.22529
       724   0.22433
       725   0.22529
       726   0.22529
       727   0.22433
       728   0.22529
       729   0.22529
       730   0.22529
       731   0.22529
       732   0.22529
       733   0.22529
       734   0.22529
       735   0.22624
       736   0.22529
       737   0.22529
       738   0.22624
       739   0.22624
       740   0.22624
       741   0.22624
       742   0.22624
       743   0.22624
       744   0.22624
       745   0.22719
       746   0.22624
       747   0.22719
       748   0.22719
       749   0.22719
       750   0.22719
       751   0.22719
       752   0.22719
       753   0.22719
       754   0.22814
       755   0.22719
       756   0.22814
       757   0.22814
       758   0.22814
       759   0.22814
       760   0.22909
       761   0.22814
       762   0.22909
       763   0.22909
       764   0.22909
       765   0.22909
       766   0.22909
       767   0.22909
       768   0.23004
       769   0.22909
       770   0.23004
       771   0.22909
       772   0.23289
       773   0.23479
       774   0.23669
       775   0.23954
       776   0.24049
       777   0.24144
       778   0.24335
       779   0.24430
       780   0.24620
       781   0.24715
       782   0.24810
       783   0.24905
       784   0.25000
       785   0.25095
       786   0.25190
       787   0.25190
       788   0.25380
       789   0.25380
       790   0.25475
       791   0.25475
       792   0.25570
       793   0.25665
       794   0.25760
       795   0.25760
       796   0.25856
       797   0.25760
       798   0.25760
       799   0.25856
       800   0.25856
       801   0.25951
       802   0.25856
       803   0.25856
       804   0.25856
       805   0.25856
       806   0.25760
       807   0.25760
       808   0.25665
       809   0.25570
       810   0.25475
       811   0.25475
       812   0.25285
       813   0.25190
       814   0.25095
       815   0.25000
       816   0.24810
       817   0.24620
       818   0.24525
       819   0.24335
       820   0.24049
       821   0.23859
       822   0.23669
       823   0.23574
       824   0.23289
       825   0.23099
       826   0.22909
       827   0.22719
       828   0.22529
       829   0.22433
       830   0.22243
       831   0.22053
       832   0.21863
       833   0.21673
       834   0.21578
       835   0.21388
       836   0.21198
       837   0.21103
       838   0.20913
       839   0.20817
       840   0.20627
       841   0.20532
       842   0.20247
       843   0.20152
       844   0.20057
       845   0.19962
       846   0.19772
       847   0.19582
       848   0.19487
       849   0.19392
       850   0.19202
       851   0.19106
       852   0.19011
       853   0.18821
       854   0.18726
       855   0.18536
       856   0.18346
       857   0.18631
       858   0.18821
       859   0.19011
       860   0.19106
       861   0.19297
       862   0.19487
       863   0.19582
       864   0.19772
       865   0.19867
       866   0.20057
       867   0.20247
       868   0.20342
       869   0.20532
       870   0.20627
       871   0.20722
       872   0.20817
       873   0.21008
       874   0.21008
       875   0.21198
       876   0.21198
       877   0.21293
       878   0.21388
       879   0.21483
       880   0.21483
       881   0.21578
       882   0.21673
       883   0.21673
       884   0.21768
       885   0.21768
       886   0.21768
       887   0.21863
       888   0.21863
       889   0.21863
       890   0.21958
       891   0.21958
       892   0.21958
       893   0.22053
       894   0.22053
       895   0.22053
       896   0.22148
       897   0.22053
       898   0.22053
       899   0.22148
       900   0.22148
       901   0.22053
       902   0.22148
       903   0.22148
       904   0.22053
       905   0.22053
       906   0.22148
       907   0.22053
       908   0.22053
       909   0.22053
       910   0.22053
       911   0.22053
       912   0.21958
       913   0.22053
       914   0.21958
       915   0.21958
       916   0.21863
       917   0.21958
       918   0.21863
       919   0.21863
       920   0.21768
       921   0.21768
       922   0.21863
       923   0.21768
       924   0.21673
       925   0.21673
       926   0.21673
       927   0.21673
       928   0.21578
       929   0.21578
       930   0.21483
       931   0.21578
       932   0.21483
       933   0.21483
       934   0.21388
       935   0.21388
       936   0.21293
       937   0.21388
       938   0.21293
       939   0.21293
       940   0.21198
       941   0.21103
       942   0.21103
       943   0.21008
       944   0.21103
       945   0.21008
       946   0.21008
       947   0.20913
       948   0.20817
       949   0.20722
       950   0.20627
       951   0.20532
       952   0.20437
       953   0.20342
       954   0.20247
       955   0.20152
       956   0.20057
       957   0.19867
       958   0.19772
       959   0.19677
       960   0.19582
       961   0.19392
       962   0.19297
       963   0.19106
       964   0.19011
       965   0.18821
       966   0.18536
       967   0.18536
       968   0.18536
       969   0.18441
       970   0.18441
       971   0.18346
       972   0.18346
       973   0.18251
       974   0.18251
       975   0.18156
       976   0.18156
       977   0.18061
       978   0.18061
       979   0.17966
       980   0.17966
       981   0.17871
       982   0.17871
       983   0.17776
       984   0.17776
       985   0.17681
       986   0.17681
       987   0.17586
       988   0.17586
       989   0.17490
       990   0.17490
       991   0.17395
       992   0.17395
       993   0.17300
       994   0.17300
       995   0.17205
       996   0.17110
       997   0.17110
       998   0.17015
       999   0.17015
      1000   0.16920
      1001   0.16825
      1002   0.16825
      1003   0.16730
      1004   0.16635
      1005   0.16540
      1006   0.16540
      1007   0.16445
      1008   0.16350
      1009   0.16255
      1010   0.16255
      1011   0.16160
      1012   0.16065
      1013   0.15970
      1014   0.15875
      1015   0.15779
      1016   0.15684
      1017   0.15589
      1018   0.15494
      1019   0.15399
      1020   0.15304
      1021   0.15209
      1022   0.15114
      1023   0.15019
      1024   0.14924
      1025   0.14829
      1026   0.14639
      1027   0.14544
      1028   0.14449
      1029   0.14259
      1030   0.14163
      1031   0.13973
      1032   0.13878
      1033   0.13688
      1034   0.13498
      1035   0.13403
      1036   0.13213
      1037   0.13023
      1038   0.12833
      1039   0.12643
      1040   0.12452
      1041   0.12357
      1042   0.12072
      1043   0.11882
      1044   0.11692
      1045   0.11502
      1046   0.11312
      1047   0.11122
      1048   0.10932
      1049   0.10741
      1050   0.10456
      1051   0.10266
      1052   0.10076
