         1   0.82129
         2   0.82795
         3   0.83365
         4   0.84125
         5   0.84791
         6   0.85456
         7   0.86312
         8   0.86882
         9   0.87738
        10   0.88688
        11   0.89449
        12   0.90494
        13   0.91730
        14   0.93251
        15   0.95817
        16   0.96103
        17   0.96388
        18   0.96673
        19   0.96768
        20   0.97053
        21   0.97338
        22   0.97433
        23   0.97719
        24   0.98004
        25   0.98099
        26   0.98384
        27   0.98669
        28   0.98764
        29   0.98954
        30   0.99049
        31   0.99049
        32   0.99144
        33   0.99144
        34   0.99240
        35   0.99335
        36   0.99335
        37   0.99430
        38   0.99430
        39   0.99525
        40   0.99620
        41   0.99620
        42   0.99715
        43   0.99715
        44   0.99810
        45   0.99810
        46   0.99905
        47   0.99905
        48   0.99905
        49   0.99905
        50   0.99905
        51   0.99905
        52   0.99905
        53   0.99905
        54   0.99905
        55   0.99905
        56   0.99905
        57   0.99905
        58   0.99905
        59   0.99905
        60   0.99905
        61   0.99905
        62   0.99905
        63   0.99905
        64   0.99905
        65   0.99905
        66   0.99905
        67   0.99905
        68   0.99905
        69   0.99905
        70   0.99905
        71   0.99905
        72   0.99905
        73   0.99905
        74   0.99905
        75   0.99905
        76   0.99905
        77   0.99905
        78   0.99905
        79   0.99905
        80   0.99905
        81   0.99905
        82   0.99905
        83   0.99905
        84   0.99905
        85   0.99905
        86   0.99905
        87   0.99905
        88   0.99905
        89   0.99905
        90   0.99905
        91   0.99905
        92   0.99905
        93   0.99905
        94   0.99905
        95   0.99905
        96   0.99905
        97   0.99905
        98   0.99905
        99   0.99905
       100   0.99905
       101   0.99905
       102   0.99905
       103   0.99905
       104   0.99905
       105   0.99905
       106   0.99905
       107   0.99905
       108   0.99905
       109   0.99905
       110   0.99905
       111   0.99905
       112   0.99905
       113   0.99905
       114   0.99905
       115   0.99905
       116   0.99905
       117   0.99905
       118   0.99905
       119   0.99905
       120   0.99905
       121   0.99905
       122   0.99905
       123   0.99905
       124   0.99905
       125   0.99905
       126   0.99905
       127   0.99905
       128   0.99905
       129   0.99905
       130   0.99905
       131   0.99905
       132   0.99905
       133   0.99905
       134   0.99905
       135   0.99905
       136   0.99905
       137   0.99905
       138   0.99905
       139   0.99905
       140   0.99905
       141   0.99905
       142   0.99905
       143   0.99905
       144   0.99905
       145   0.99905
       146   0.99905
       147   0.99905
       148   0.99905
       149   0.99905
       150   0.99905
       151   0.99905
       152   0.99905
       153   0.99905
       154   0.99905
       155   0.99905
       156   0.99905
       157   0.99905
       158   0.99905
       159   0.99905
       160   0.99905
       161   0.99905
       162   0.99905
       163   0.99905
       164   0.99905
       165   0.99905
       166   0.99905
       167   0.99905
       168   0.99905
       169   0.99905
       170   0.99905
       171   0.99905
       172   0.99905
       173   0.99905
       174   0.99905
       175   0.99905
       176   0.99905
       177   0.99905
       178   0.99905
       179   0.99905
       180   0.99905
       181   0.99905
       182   0.99905
       183   0.99905
       184   0.99905
       185   0.99905
       186   0.99905
       187   0.99905
       188   0.99905
       189   0.99905
       190   0.99905
       191   0.99905
       192   0.99905
       193   0.99905
       194   0.99905
       195   0.99905
       196   0.99905
       197   0.99905
       198   0.99905
       199   0.99905
       200   0.99905
       201   0.99905
       202   0.99905
       203   0.99905
       204   0.99905
       205   0.99905
       206   0.99905
       207   0.99905
       208   0.99905
       209   0.99905
       210   0.99905
       211   0.99905
       212   0.99905
       213   0.99905
       214   0.99905
       215   0.99905
       216   0.99905
       217   0.99905
       218   0.99905
       219   0.99905
       220   0.99905
       221   0.99810
       222   0.99715
       223   0.99715
       224   0.99620
       225   0.99525
       226   0.99430
       227   0.99335
       228   0.99240
       229   0.99144
       230   0.99144
       231   0.99049
       232   0.98954
       233   0.98859
       234   0.98764
       235   0.98669
       236   0.98479
       237   0.98384
       238   0.98289
       239   0.98194
       240   0.98099
       241   0.98004
       242   0.97909
       243   0.97719
       244   0.97624
       245   0.97529
       246   0.97433
       247   0.97243
       248   0.97148
       249   0.97053
       250   0.96863
       251   0.96768
       252   0.96673
       253   0.96483
       254   0.96388
       255   0.96198
       256   0.96103
       257   0.96008
       258   0.95817
       259   0.95722
       260   0.95532
       261   0.95437
       262   0.95247
       263   0.95152
       264   0.94962
       265   0.94867
       266   0.94772
       267   0.94582
       268   0.94487
       269   0.94297
       270   0.94202
       271   0.94011
       272   0.93821
       273   0.93536
       274   0.93346
       275   0.93156
       276   0.92871
       277   0.92681
       278   0.92395
       279   0.92205
       280   0.91920
       281   0.91730
       282   0.91540
       283   0.91255
       284   0.91065
       285   0.90875
       286   0.90589
       287   0.90399
       288   0.90209
       289   0.89924
       290   0.89734
       291   0.89544
       292   0.89259
       293   0.89068
       294   0.88878
       295   0.88688
       296   0.88403
       297   0.88213
       298   0.88023
       299   0.87833
       300   0.88023
       301   0.88213
       302   0.88403
       303   0.88593
       304   0.88878
       305   0.88973
       306   0.89259
       307   0.89354
       308   0.89544
       309   0.89734
       310   0.89924
       311   0.90019
       312   0.90304
       313   0.90399
       314   0.90589
       315   0.90779
       316   0.90875
       317   0.90970
       318   0.91255
       319   0.91350
       320   0.91350
       321   0.91445
       322   0.91445
       323   0.91445
       324   0.91445
       325   0.91540
       326   0.91540
       327   0.91540
       328   0.91540
       329   0.91540
       330   0.91635
       331   0.91635
       332   0.91635
       333   0.91635
       334   0.91635
       335   0.91635
       336   0.91635
       337   0.91635
       338   0.91635
       339   0.91635
       340   0.91635
       341   0.91730
       342   0.91730
       343   0.91730
       344   0.91730
       345   0.91730
       346   0.91730
       347   0.91730
       348   0.91730
       349   0.91730
       350   0.91730
       351   0.91635
       352   0.91635
       353   0.91635
       354   0.91635
       355   0.91635
       356   0.91635
       357   0.91635
       358   0.91635
       359   0.91635
       360   0.91635
       361   0.91635
       362   0.91635
       363   0.91635
       364   0.91635
       365   0.91635
       366   0.91540
       367   0.91540
       368   0.91540
       369   0.91540
       370   0.91540
       371   0.91540
       372   0.91540
       373   0.91540
       374   0.91540
       375   0.91540
       376   0.91445
       377   0.91445
       378   0.91445
       379   0.91445
       380   0.91445
       381   0.91445
       382   0.91445
       383   0.91445
       384   0.91445
       385   0.91350
       386   0.91350
       387   0.91350
       388   0.91350
       389   0.91350
       390   0.91350
       391   0.91350
       392   0.91350
       393   0.91350
       394   0.91255
       395   0.91255
       396   0.91255
       397   0.91255
       398   0.91255
       399   0.91255
       400   0.91255
       401   0.91255
       402   0.91255
       403   0.91255
       404   0.91255
       405   0.91255
       406   0.91160
       407   0.91160
       408   0.91160
       409   0.91160
       410   0.91160
       411   0.91160
       412   0.91160
       413   0.91160
       414   0.91160
       415   0.91160
       416   0.91160
       417   0.91160
       418   0.91160
       419   0.91160
       420   0.91160
       421   0.91160
       422   0.91160
       423   0.91160
       424   0.91160
       425   0.91160
       426   0.91160
       427   0.91160
       428   0.91160
       429   0.91160
       430   0.91160
       431   0.91160
       432   0.91160
       433   0.91160
       434   0.91160
       435   0.91160
       436   0.91160
       437   0.91160
       438   0.91160
       439   0.91160
       440   0.91160
       441   0.91160
       442   0.91160
       443   0.91160
       444   0.91160
       445   0.91160
       446   0.91160
       447   0.91160
       448   0.91160
       449   0.91160
       450   0.91255
       451   0.91255
       452   0.91255
       453   0.91255
       454   0.91255
       455   0.91255
       456   0.91255
       457   0.91255
       458   0.91255
       459   0.91255
       460   0.91350
       461   0.91350
       462   0.91350
       463   0.91350
       464   0.91350
       465   0.91350
       466   0.91350
       467   0.91350
       468   0.91445
       469   0.91445
       470   0.91445
       471   0.91445
       472   0.91445
       473   0.91445
       474   0.91445
       475   0.91540
       476   0.91540
       477   0.91540
       478   0.91540
       479   0.91540
       480   0.91540
       481   0.91635
       482   0.91635
       483   0.91635
       484   0.91635
       485   0.91635
       486   0.91730
       487   0.91730
       488   0.91730
       489   0.91730
       490   0.91730
       491   0.91825
       492   0.91825
       493   0.91825
       494   0.91825
       495   0.91825
       496   0.91920
       497   0.91920
       498   0.91920
       499   0.91920
       500   0.91920
       501   0.92015
       502   0.92015
       503   0.92015
       504   0.92015
       505   0.92015
       506   0.92110
       507   0.92110
       508   0.92110
       509   0.92110
       510   0.92110
       511   0.92205
       512   0.92205
       513   0.92205
       514   0.92205
       515   0.92205
       516   0.92300
       517   0.92300
       518   0.92300
       519   0.92300
       520   0.92300
       521   0.92395
       522   0.92395
       523   0.92395
       524   0.92395
       525   0.92395
       526   0.92395
       527   0.92490
       528   0.92490
       529   0.92490
       530   0.92490
       531   0.92490
       532   0.92490
       533   0.92586
       534   0.92586
       535   0.92586
       536   0.92586
       537   0.92586
       538   0.92586
       539   0.92681
       540   0.92681
       541   0.92681
       542   0.92681
       543   0.92681
       544   0.92681
       545   0.92681
       546   0.92681
       547   0.92681
       548   0.92776
       549   0.92776
       550   0.92776
       551   0.92776
       552   0.92776
       553   0.92776
       554   0.92776
       555   0.92776
       556   0.92776
       557   0.92776
       558   0.92776
       559   0.92776
       560   0.92871
       561   0.92966
       562   0.93061
       563   0.93156
       564   0.93251
       565   0.93346
       566   0.93441
       567   0.93536
       568   0.93631
       569   0.93726
       570   0.93821
       571   0.93916
       572   0.93916
       573   0.94011
       574   0.94106
       575   0.94202
       576   0.94297
       577   0.94392
       578   0.94487
       579   0.94582
       580   0.94582
       581   0.94677
       582   0.94772
       583   0.94867
       584   0.94962
       585   0.94962
       586   0.95057
       587   0.95152
       588   0.95247
       589   0.95342
       590   0.95342
       591   0.95437
       592   0.95532
       593   0.95627
       594   0.95627
       595   0.95722
       596   0.95817
       597   0.95913
       598   0.95913
       599   0.96008
       600   0.96103
       601   0.96198
       602   0.96198
       603   0.96293
       604   0.96388
       605   0.96388
       606   0.96483
       607   0.96578
       608   0.96673
       609   0.96673
       610   0.96768
       611   0.96863
       612   0.96863
       613   0.96958
       614   0.97053
       615   0.97053
       616   0.97148
       617   0.97243
       618   0.97243
       619   0.97338
       620   0.97433
       621   0.97433
       622   0.97529
       623   0.97624
       624   0.97624
       625   0.97719
       626   0.97719
       627   0.97814
       628   0.97909
       629   0.97909
       630   0.98004
       631   0.98099
       632   0.98099
       633   0.98194
       634   0.98289
       635   0.98289
       636   0.98384
       637   0.98384
       638   0.98479
       639   0.98574
       640   0.98574
       641   0.98669
       642   0.98764
       643   0.98764
       644   0.98859
       645   0.98859
       646   0.98954
       647   0.99049
       648   0.98954
       649   0.99049
       650   0.98954
       651   0.99049
       652   0.99049
       653   0.99049
       654   0.99049
       655   0.99144
       656   0.99049
       657   0.99144
       658   0.99144
       659   0.99144
       660   0.99240
       661   0.99240
       662   0.99240
       663   0.99240
       664   0.99144
       665   0.99144
       666   0.99144
       667   0.99049
       668   0.99049
       669   0.99049
       670   0.99049
       671   0.98954
       672   0.98954
       673   0.98954
       674   0.98859
       675   0.98859
       676   0.98859
       677   0.98859
       678   0.98764
       679   0.98764
       680   0.98764
       681   0.98764
       682   0.98764
       683   0.98669
       684   0.98669
       685   0.98669
       686   0.98669
       687   0.98669
       688   0.98669
       689   0.98669
       690   0.98574
       691   0.98574
       692   0.98574
       693   0.98574
       694   0.98574
       695   0.98574
       696   0.98574
       697   0.98574
       698   0.98574
       699   0.98574
       700   0.98574
       701   0.98574
       702   0.98574
       703   0.98574
       704   0.98574
       705   0.98574
       706   0.98574
       707   0.98574
       708   0.98574
       709   0.98574
       710   0.98574
       711   0.98574
       712   0.98574
       713   0.98574
       714   0.98574
       715   0.98574
       716   0.98669
       717   0.98669
       718   0.98669
       719   0.98669
       720   0.98669
       721   0.98669
       722   0.98764
       723   0.98764
       724   0.98764
       725   0.98764
       726   0.98764
       727   0.98859
       728   0.98859
       729   0.98859
       730   0.98859
       731   0.98954
       732   0.98954
       733   0.98954
       734   0.98954
       735   0.99049
       736   0.99049
       737   0.99049
       738   0.99144
       739   0.99144
       740   0.99144
       741   0.99240
       742   0.99240
       743   0.99335
       744   0.99335
       745   0.99335
       746   0.99430
       747   0.99430
       748   0.99525
       749   0.99525
       750   0.99620
       751   0.99620
       752   0.99620
       753   0.99715
       754   0.99715
       755   0.99810
       756   0.99810
       757   0.99905
       758   0.99905
       759   0.99905
       760   0.99905
       761   0.99905
       762   0.99905
       763   0.99905
       764   0.99905
       765   0.99905
       766   0.99905
       767   0.99905
       768   0.99905
       769   0.99905
       770   0.99905
       771   0.99905
       772   0.99905
       773   0.99905
       774   0.99905
       775   0.99905
       776   0.99905
       777   0.99905
       778   0.99905
       779   0.99905
       780   0.99905
       781   0.99905
       782   0.99905
       783   0.99905
       784   0.99905
       785   0.99905
       786   0.99905
       787   0.99905
       788   0.99905
       789   0.99905
       790   0.99905
       791   0.99905
       792   0.99905
       793   0.99905
       794   0.99905
       795   0.99905
       796   0.99905
       797   0.99905
       798   0.99905
       799   0.99905
       800   0.99905
       801   0.99905
       802   0.99905
       803   0.99905
       804   0.99905
       805   0.99905
       806   0.99905
       807   0.99905
       808   0.99905
       809   0.99905
       810   0.99905
       811   0.99905
       812   0.99905
       813   0.99905
       814   0.99905
       815   0.99905
       816   0.99905
       817   0.99905
       818   0.99905
       819   0.99905
       820   0.99905
       821   0.99905
       822   0.99905
       823   0.99905
       824   0.99905
       825   0.99905
       826   0.99905
       827   0.99905
       828   0.99905
       829   0.99905
       830   0.99905
       831   0.99905
       832   0.99905
       833   0.99905
       834   0.99905
       835   0.99905
       836   0.99905
       837   0.99905
       838   0.99905
       839   0.99905
       840   0.99905
       841   0.99905
       842   0.99905
       843   0.99905
       844   0.99905
       845   0.99905
       846   0.99905
       847   0.99905
       848   0.99905
       849   0.99905
       850   0.99905
       851   0.99905
       852   0.99905
       853   0.99905
       854   0.99905
       855   0.99905
       856   0.99905
       857   0.99905
       858   0.99905
       859   0.99905
       860   0.99905
       861   0.99905
       862   0.99905
       863   0.99905
       864   0.99905
       865   0.99905
       866   0.99905
       867   0.99905
       868   0.99905
       869   0.99905
       870   0.99905
       871   0.99905
       872   0.99905
       873   0.99905
       874   0.99905
       875   0.99905
       876   0.99905
       877   0.99905
       878   0.99905
       879   0.99905
       880   0.99905
       881   0.99905
       882   0.99905
       883   0.99905
       884   0.99905
       885   0.99905
       886   0.99905
       887   0.99905
       888   0.99905
       889   0.99905
       890   0.99905
       891   0.99905
       892   0.99905
       893   0.99905
       894   0.99905
       895   0.99905
       896   0.99905
       897   0.99905
       898   0.99905
       899   0.99905
       900   0.99905
       901   0.99905
       902   0.99905
       903   0.99905
       904   0.99905
       905   0.99905
       906   0.99905
       907   0.99905
       908   0.99905
       909   0.99905
       910   0.99905
       911   0.99905
       912   0.99905
       913   0.99905
       914   0.99905
       915   0.99905
       916   0.99905
       917   0.99905
       918   0.99905
       919   0.99905
       920   0.99905
       921   0.99905
       922   0.99905
       923   0.99905
       924   0.99905
       925   0.99905
       926   0.99905
       927   0.99905
       928   0.99905
       929   0.99905
       930   0.99905
       931   0.99905
       932   0.99905
       933   0.99905
       934   0.99905
       935   0.99905
       936   0.99905
       937   0.99905
       938   0.99905
       939   0.99905
       940   0.99905
       941   0.99905
       942   0.99905
       943   0.99905
       944   0.99905
       945   0.99905
       946   0.99905
       947   0.99905
       948   0.99905
       949   0.99905
       950   0.99905
       951   0.99905
       952   0.99905
       953   0.99905
       954   0.99715
       955   0.99430
       956   0.99240
       957   0.98954
       958   0.98764
       959   0.98479
       960   0.98194
       961   0.93631
       962   0.91160
       963   0.89259
       964   0.87262
       965   0.85171
       966   0.82129
       967   0.80703
       968   0.80133
       969   0.79563
       970   0.78992
       971   0.78517
       972   0.77947
       973   0.77376
       974   0.76711
       975   0.76141
       976   0.75475
       977   0.74525
       978   0.73289
       979   0.73194
       980   0.73004
       981   0.72814
       982   0.72719
       983   0.72529
       984   0.72338
       985   0.72243
       986   0.72053
       987   0.71863
       988   0.71673
       989   0.71578
       990   0.71293
       991   0.71103
       992   0.71008
       993   0.70817
       994   0.70627
       995   0.70532
       996   0.70342
       997   0.70057
       998   0.69962
       999   0.69772
      1000   0.69582
      1001   0.69297
      1002   0.69202
      1003   0.69011
      1004   0.68821
      1005   0.68631
      1006   0.68441
      1007   0.68251
      1008   0.68061
      1009   0.67871
      1010   0.67681
      1011   0.67490
      1012   0.67300
      1013   0.67110
      1014   0.66825
      1015   0.66730
      1016   0.66445
      1017   0.66255
      1018   0.66160
      1019   0.65875
      1020   0.65684
      1021   0.65399
      1022   0.65209
      1023   0.64829
      1024   0.64544
      1025   0.64163
      1026   0.63878
      1027   0.63498
      1028   0.63213
      1029   0.62833
      1030   0.62357
      1031   0.62167
      1032   0.61787
      1033   0.61407
      1034   0.61027
      1035   0.60741
      1036   0.60266
      1037   0.59886
      1038   0.59506
      1039   0.59221
      1040   0.58840
      1041   0.58460
      1042   0.57985
      1043   0.57700
      1044   0.57224
      1045   0.56654
      1046   0.56369
      1047   0.55894
      1048   0.55513
      1049   0.55133
      1050   0.54658
      1051   0.54183
      1052   0.53707
