         1   0.91160
         2   0.92395
         3   0.94011
         4   0.96673
         5   0.96768
         6   0.97053
         7   0.97338
         8   0.97624
         9   0.97719
        10   0.98004
        11   0.98289
        12   0.98384
        13   0.98669
        14   0.98954
        15   0.99049
        16   0.99335
        17   0.99620
        18   0.99715
        19   0.99905
        20   0.99905
        21   0.99905
        22   0.99905
        23   0.99905
        24   0.99905
        25   0.99905
        26   0.99905
        27   0.99905
        28   0.99905
        29   0.99905
        30   0.99905
        31   0.99905
        32   0.99905
        33   0.99905
        34   0.99905
        35   0.99905
        36   0.99905
        37   0.99905
        38   0.99905
        39   0.99905
        40   0.99905
        41   0.99905
        42   0.99905
        43   0.99905
        44   0.99905
        45   0.99905
        46   0.99905
        47   0.99905
        48   0.99905
        49   0.99905
        50   0.99905
        51   0.99905
        52   0.99905
        53   0.99905
        54   0.99905
        55   0.99905
        56   0.99905
        57   0.99905
        58   0.99905
        59   0.99905
        60   0.99905
        61   0.99905
        62   0.99905
        63   0.99905
        64   0.99905
        65   0.99905
        66   0.99905
        67   0.99905
        68   0.99905
        69   0.99905
        70   0.99905
        71   0.99905
        72   0.99905
        73   0.99905
        74   0.99905
        75   0.99905
        76   0.99905
        77   0.99905
        78   0.99905
        79   0.99905
        80   0.99905
        81   0.99905
        82   0.99905
        83   0.99905
        84   0.99905
        85   0.99905
        86   0.99905
        87   0.99905
        88   0.99905
        89   0.99905
        90   0.99905
        91   0.99905
        92   0.99905
        93   0.99905
        94   0.99905
        95   0.99905
        96   0.99905
        97   0.99905
        98   0.99905
        99   0.99905
       100   0.99905
       101   0.99905
       102   0.99905
       103   0.99905
       104   0.99905
       105   0.99905
       106   0.99905
       107   0.99905
       108   0.99905
       109   0.99905
       110   0.99905
       111   0.99905
       112   0.99905
       113   0.99905
       114   0.99905
       115   0.99905
       116   0.99905
       117   0.99905
       118   0.99905
       119   0.99905
       120   0.99905
       121   0.99905
       122   0.99905
       123   0.99905
       124   0.99905
       125   0.99905
       126   0.99905
       127   0.99905
       128   0.99905
       129   0.99905
       130   0.99905
       131   0.99905
       132   0.99905
       133   0.99905
       134   0.99905
       135   0.99905
       136   0.99905
       137   0.99905
       138   0.99905
       139   0.99905
       140   0.99905
       141   0.99905
       142   0.99905
       143   0.99905
       144   0.99905
       145   0.99905
       146   0.99905
       147   0.99905
       148   0.99905
       149   0.99905
       150   0.99905
       151   0.99905
       152   0.99905
       153   0.99905
       154   0.99905
       155   0.99905
       156   0.99905
       157   0.99905
       158   0.99905
       159   0.99905
       160   0.99905
       161   0.99905
       162   0.99905
       163   0.99905
       164   0.99905
       165   0.99905
       166   0.99905
       167   0.99905
       168   0.99905
       169   0.99905
       170   0.99905
       171   0.99905
       172   0.99905
       173   0.99905
       174   0.99905
       175   0.99905
       176   0.99905
       177   0.99905
       178   0.99905
       179   0.99905
       180   0.99905
       181   0.99905
       182   0.99905
       183   0.99905
       184   0.99905
       185   0.99905
       186   0.99905
       187   0.99905
       188   0.99905
       189   0.99905
       190   0.99905
       191   0.99905
       192   0.99905
       193   0.99905
       194   0.99905
       195   0.99905
       196   0.99905
       197   0.99905
       198   0.99905
       199   0.99905
       200   0.99905
       201   0.99905
       202   0.99905
       203   0.99905
       204   0.99905
       205   0.99905
       206   0.99905
       207   0.99905
       208   0.99905
       209   0.99905
       210   0.99905
       211   0.99905
       212   0.99905
       213   0.99905
       214   0.99905
       215   0.99905
       216   0.99905
       217   0.99905
       218   0.99905
       219   0.99905
       220   0.99905
       221   0.99905
       222   0.99905
       223   0.99905
       224   0.99905
       225   0.99905
       226   0.99905
       227   0.99905
       228   0.99905
       229   0.99905
       230   0.99905
       231   0.99905
       232   0.99905
       233   0.99905
       234   0.99905
       235   0.99905
       236   0.99905
       237   0.99905
       238   0.99905
       239   0.99905
       240   0.99905
       241   0.99905
       242   0.99905
       243   0.99905
       244   0.99905
       245   0.99905
       246   0.99905
       247   0.99905
       248   0.99810
       249   0.99715
       250   0.99620
       251   0.99525
       252   0.99430
       253   0.99335
       254   0.99144
       255   0.99049
       256   0.98954
       257   0.98859
       258   0.98669
       259   0.98574
       260   0.98479
       261   0.98289
       262   0.98194
       263   0.98004
       264   0.97909
       265   0.97719
       266   0.97624
       267   0.97433
       268   0.97243
       269   0.97148
       270   0.96958
       271   0.96863
       272   0.96673
       273   0.96483
       274   0.96388
       275   0.96198
       276   0.96008
       277   0.95817
       278   0.95722
       279   0.95532
       280   0.95342
       281   0.95247
       282   0.94962
       283   0.94677
       284   0.94487
       285   0.94202
       286   0.93916
       287   0.93726
       288   0.93441
       289   0.93156
       290   0.92966
       291   0.92681
       292   0.92395
       293   0.92205
       294   0.91920
       295   0.91730
       296   0.91445
       297   0.91255
       298   0.90970
       299   0.90779
       300   0.90970
       301   0.91160
       302   0.91445
       303   0.91540
       304   0.91825
       305   0.92015
       306   0.92205
       307   0.92395
       308   0.92490
       309   0.92776
       310   0.92871
       311   0.93061
       312   0.93156
       313   0.93251
       314   0.93251
       315   0.93346
       316   0.93346
       317   0.93346
       318   0.93441
       319   0.93441
       320   0.93441
       321   0.93441
       322   0.93536
       323   0.93536
       324   0.93536
       325   0.93536
       326   0.93536
       327   0.93631
       328   0.93631
       329   0.93631
       330   0.93631
       331   0.93631
       332   0.93631
       333   0.93631
       334   0.93631
       335   0.93631
       336   0.93631
       337   0.93631
       338   0.93631
       339   0.93631
       340   0.93631
       341   0.93631
       342   0.93631
       343   0.93631
       344   0.93631
       345   0.93631
       346   0.93631
       347   0.93631
       348   0.93631
       349   0.93631
       350   0.93631
       351   0.93631
       352   0.93631
       353   0.93631
       354   0.93536
       355   0.93536
       356   0.93536
       357   0.93536
       358   0.93536
       359   0.93536
       360   0.93536
       361   0.93536
       362   0.93441
       363   0.93441
       364   0.93441
       365   0.93441
       366   0.93441
       367   0.93441
       368   0.93346
       369   0.93346
       370   0.93346
       371   0.93346
       372   0.93346
       373   0.93346
       374   0.93251
       375   0.93251
       376   0.93251
       377   0.93251
       378   0.93251
       379   0.93251
       380   0.93156
       381   0.93156
       382   0.93156
       383   0.93156
       384   0.93156
       385   0.93156
       386   0.93061
       387   0.93061
       388   0.93061
       389   0.93061
       390   0.93061
       391   0.93061
       392   0.92966
       393   0.92966
       394   0.92966
       395   0.92966
       396   0.92966
       397   0.92966
       398   0.92966
       399   0.92871
       400   0.92871
       401   0.92871
       402   0.92871
       403   0.92871
       404   0.92871
       405   0.92871
       406   0.92871
       407   0.92871
       408   0.92776
       409   0.92776
       410   0.92776
       411   0.92776
       412   0.92776
       413   0.92776
       414   0.92776
       415   0.92776
       416   0.92776
       417   0.92776
       418   0.92776
       419   0.92681
       420   0.92681
       421   0.92681
       422   0.92681
       423   0.92681
       424   0.92681
       425   0.92681
       426   0.92681
       427   0.92681
       428   0.92681
       429   0.92681
       430   0.92681
       431   0.92681
       432   0.92681
       433   0.92681
       434   0.92681
       435   0.92681
       436   0.92681
       437   0.92681
       438   0.92681
       439   0.92681
       440   0.92681
       441   0.92681
       442   0.92681
       443   0.92681
       444   0.92681
       445   0.92681
       446   0.92681
       447   0.92681
       448   0.92681
       449   0.92681
       450   0.92681
       451   0.92776
       452   0.92776
       453   0.92776
       454   0.92776
       455   0.92776
       456   0.92776
       457   0.92776
       458   0.92776
       459   0.92776
       460   0.92776
       461   0.92776
       462   0.92776
       463   0.92871
       464   0.92871
       465   0.92871
       466   0.92871
       467   0.92871
       468   0.92871
       469   0.92871
       470   0.92871
       471   0.92966
       472   0.92966
       473   0.92966
       474   0.92966
       475   0.92966
       476   0.92966
       477   0.92966
       478   0.93061
       479   0.93061
       480   0.93061
       481   0.93061
       482   0.93061
       483   0.93061
       484   0.93061
       485   0.93156
       486   0.93156
       487   0.93156
       488   0.93156
       489   0.93156
       490   0.93156
       491   0.93251
       492   0.93251
       493   0.93251
       494   0.93251
       495   0.93251
       496   0.93346
       497   0.93346
       498   0.93346
       499   0.93346
       500   0.93346
       501   0.93346
       502   0.93441
       503   0.93441
       504   0.93441
       505   0.93441
       506   0.93441
       507   0.93536
       508   0.93536
       509   0.93536
       510   0.93536
       511   0.93536
       512   0.93536
       513   0.93631
       514   0.93631
       515   0.93631
       516   0.93631
       517   0.93631
       518   0.93726
       519   0.93726
       520   0.93726
       521   0.93726
       522   0.93726
       523   0.93726
       524   0.93821
       525   0.93821
       526   0.93821
       527   0.93821
       528   0.93821
       529   0.93821
       530   0.93821
       531   0.93916
       532   0.93916
       533   0.93916
       534   0.93916
       535   0.93916
       536   0.93916
       537   0.93916
       538   0.93916
       539   0.94011
       540   0.94011
       541   0.94011
       542   0.94011
       543   0.94011
       544   0.94011
       545   0.94011
       546   0.94011
       547   0.94011
       548   0.94011
       549   0.94011
       550   0.94011
       551   0.94011
       552   0.94011
       553   0.94011
       554   0.94106
       555   0.94106
       556   0.94106
       557   0.94106
       558   0.94106
       559   0.94106
       560   0.94202
       561   0.94297
       562   0.94392
       563   0.94487
       564   0.94582
       565   0.94677
       566   0.94677
       567   0.94772
       568   0.94867
       569   0.94962
       570   0.95057
       571   0.95152
       572   0.95247
       573   0.95342
       574   0.95437
       575   0.95532
       576   0.95627
       577   0.95627
       578   0.95722
       579   0.95817
       580   0.95913
       581   0.96008
       582   0.96103
       583   0.96198
       584   0.96198
       585   0.96293
       586   0.96388
       587   0.96483
       588   0.96578
       589   0.96578
       590   0.96673
       591   0.96768
       592   0.96863
       593   0.96863
       594   0.96958
       595   0.97053
       596   0.97148
       597   0.97148
       598   0.97243
       599   0.97338
       600   0.97433
       601   0.97433
       602   0.97529
       603   0.97624
       604   0.97624
       605   0.97719
       606   0.97814
       607   0.97814
       608   0.97909
       609   0.98004
       610   0.98099
       611   0.98099
       612   0.98194
       613   0.98289
       614   0.98289
       615   0.98384
       616   0.98384
       617   0.98479
       618   0.98574
       619   0.98574
       620   0.98669
       621   0.98764
       622   0.98764
       623   0.98859
       624   0.98954
       625   0.98954
       626   0.99049
       627   0.99049
       628   0.99144
       629   0.99240
       630   0.99240
       631   0.99335
       632   0.99430
       633   0.99430
       634   0.99525
       635   0.99525
       636   0.99620
       637   0.99715
       638   0.99715
       639   0.99810
       640   0.99810
       641   0.99905
       642   0.99905
       643   0.99905
       644   0.99905
       645   0.99905
       646   0.99905
       647   0.99905
       648   0.99905
       649   0.99905
       650   0.99905
       651   0.99905
       652   0.99905
       653   0.99905
       654   0.99905
       655   0.99905
       656   0.99905
       657   0.99905
       658   0.99905
       659   0.99905
       660   0.99905
       661   0.99905
       662   0.99905
       663   0.99905
       664   0.99905
       665   0.99905
       666   0.99905
       667   0.99905
       668   0.99905
       669   0.99905
       670   0.99905
       671   0.99905
       672   0.99905
       673   0.99905
       674   0.99905
       675   0.99905
       676   0.99905
       677   0.99905
       678   0.99810
       679   0.99810
       680   0.99810
       681   0.99810
       682   0.99810
       683   0.99715
       684   0.99715
       685   0.99715
       686   0.99715
       687   0.99715
       688   0.99715
       689   0.99715
       690   0.99620
       691   0.99620
       692   0.99620
       693   0.99620
       694   0.99620
       695   0.99620
       696   0.99620
       697   0.99620
       698   0.99620
       699   0.99620
       700   0.99620
       701   0.99620
       702   0.99620
       703   0.99620
       704   0.99620
       705   0.99620
       706   0.99620
       707   0.99620
       708   0.99620
       709   0.99620
       710   0.99620
       711   0.99620
       712   0.99620
       713   0.99620
       714   0.99620
       715   0.99715
       716   0.99715
       717   0.99715
       718   0.99715
       719   0.99715
       720   0.99715
       721   0.99715
       722   0.99810
       723   0.99810
       724   0.99810
       725   0.99810
       726   0.99810
       727   0.99905
       728   0.99905
       729   0.99905
       730   0.99905
       731   0.99905
       732   0.99905
       733   0.99905
       734   0.99905
       735   0.99905
       736   0.99905
       737   0.99905
       738   0.99905
       739   0.99905
       740   0.99905
       741   0.99905
       742   0.99905
       743   0.99905
       744   0.99905
       745   0.99905
       746   0.99905
       747   0.99905
       748   0.99905
       749   0.99905
       750   0.99905
       751   0.99905
       752   0.99905
       753   0.99905
       754   0.99905
       755   0.99905
       756   0.99905
       757   0.99905
       758   0.99905
       759   0.99905
       760   0.99905
       761   0.99905
       762   0.99905
       763   0.99905
       764   0.99905
       765   0.99905
       766   0.99905
       767   0.99905
       768   0.99905
       769   0.99905
       770   0.99905
       771   0.99905
       772   0.99905
       773   0.99905
       774   0.99905
       775   0.99905
       776   0.99905
       777   0.99905
       778   0.99905
       779   0.99905
       780   0.99905
       781   0.99905
       782   0.99905
       783   0.99905
       784   0.99905
       785   0.99905
       786   0.99905
       787   0.99905
       788   0.99905
       789   0.99905
       790   0.99905
       791   0.99905
       792   0.99905
       793   0.99905
       794   0.99905
       795   0.99905
       796   0.99905
       797   0.99905
       798   0.99905
       799   0.99905
       800   0.99905
       801   0.99905
       802   0.99905
       803   0.99905
       804   0.99905
       805   0.99905
       806   0.99905
       807   0.99905
       808   0.99905
       809   0.99905
       810   0.99905
       811   0.99905
       812   0.99905
       813   0.99905
       814   0.99905
       815   0.99905
       816   0.99905
       817   0.99905
       818   0.99905
       819   0.99905
       820   0.99905
       821   0.99905
       822   0.99905
       823   0.99905
       824   0.99905
       825   0.99905
       826   0.99905
       827   0.99905
       828   0.99905
       829   0.99905
       830   0.99905
       831   0.99905
       832   0.99905
       833   0.99905
       834   0.99905
       835   0.99905
       836   0.99905
       837   0.99905
       838   0.99905
       839   0.99905
       840   0.99905
       841   0.99905
       842   0.99905
       843   0.99905
       844   0.99905
       845   0.99905
       846   0.99905
       847   0.99905
       848   0.99905
       849   0.99905
       850   0.99905
       851   0.99905
       852   0.99905
       853   0.99905
       854   0.99905
       855   0.99905
       856   0.99905
       857   0.99905
       858   0.99905
       859   0.99905
       860   0.99905
       861   0.99905
       862   0.99905
       863   0.99905
       864   0.99905
       865   0.99905
       866   0.99905
       867   0.99905
       868   0.99905
       869   0.99905
       870   0.99905
       871   0.99905
       872   0.99905
       873   0.99905
       874   0.99905
       875   0.99905
       876   0.99905
       877   0.99905
       878   0.99905
       879   0.99905
       880   0.99905
       881   0.99905
       882   0.99905
       883   0.99905
       884   0.99905
       885   0.99905
       886   0.99905
       887   0.99905
       888   0.99905
       889   0.99905
       890   0.99905
       891   0.99905
       892   0.99905
       893   0.99905
       894   0.99905
       895   0.99905
       896   0.99905
       897   0.99905
       898   0.99905
       899   0.99905
       900   0.99905
       901   0.99905
       902   0.99905
       903   0.99905
       904   0.99905
       905   0.99905
       906   0.99905
       907   0.99905
       908   0.99905
       909   0.99905
       910   0.99905
       911   0.99905
       912   0.99905
       913   0.99905
       914   0.99905
       915   0.99905
       916   0.99905
       917   0.99905
       918   0.99905
       919   0.99905
       920   0.99905
       921   0.99905
       922   0.99905
       923   0.99905
       924   0.99905
       925   0.99905
       926   0.99905
       927   0.99905
       928   0.99905
       929   0.99905
       930   0.99905
       931   0.99905
       932   0.99905
       933   0.99905
       934   0.99905
       935   0.99905
       936   0.99905
       937   0.99905
       938   0.99905
       939   0.99905
       940   0.99905
       941   0.99905
       942   0.99905
       943   0.99905
       944   0.99905
       945   0.99905
       946   0.99905
       947   0.99905
       948   0.99905
       949   0.99905
       950   0.99905
       951   0.99905
       952   0.99905
       953   0.99905
       954   0.99905
       955   0.99905
       956   0.99905
       957   0.99905
       958   0.99905
       959   0.99905
       960   0.99905
       961   0.99905
       962   0.99905
       963   0.99905
       964   0.99905
       965   0.99905
       966   0.99905
       967   0.99905
       968   0.99905
       969   0.99905
       970   0.99905
       971   0.99905
       972   0.99905
       973   0.99905
       974   0.99905
       975   0.99715
       976   0.99525
       977   0.96293
       978   0.93916
       979   0.92015
       980   0.90494
       981   0.88973
       982   0.87548
       983   0.86312
       984   0.84791
       985   0.83270
       986   0.81464
       987   0.78327
       988   0.77757
       989   0.76996
       990   0.76141
       991   0.74715
       992   0.74049
       993   0.73954
       994   0.73764
       995   0.73574
       996   0.73479
       997   0.73289
       998   0.73099
       999   0.72909
      1000   0.72719
      1001   0.72624
      1002   0.72433
      1003   0.72338
      1004   0.72148
      1005   0.71958
      1006   0.71863
      1007   0.71673
      1008   0.71483
      1009   0.71293
      1010   0.71103
      1011   0.71008
      1012   0.70817
      1013   0.70722
      1014   0.70437
      1015   0.70342
      1016   0.70152
      1017   0.69962
      1018   0.69772
      1019   0.69582
      1020   0.69487
      1021   0.69202
      1022   0.69011
      1023   0.68916
      1024   0.68631
      1025   0.68441
      1026   0.68346
      1027   0.68061
      1028   0.67966
      1029   0.67681
      1030   0.67490
      1031   0.67300
      1032   0.67110
      1033   0.66920
      1034   0.66730
      1035   0.66540
      1036   0.66255
      1037   0.66065
      1038   0.65875
      1039   0.65589
      1040   0.65304
      1041   0.65019
      1042   0.64734
      1043   0.64259
      1044   0.63878
      1045   0.63593
      1046   0.63213
      1047   0.62928
      1048   0.62452
      1049   0.62072
      1050   0.61692
      1051   0.61312
      1052   0.60837
