         1   0.74905
         2   0.75475
         3   0.76046
         4   0.76521
         5   0.77186
         6   0.77757
         7   0.78327
         8   0.78992
         9   0.79563
        10   0.80038
        11   0.80703
        12   0.81369
        13   0.81939
        14   0.82605
        15   0.83270
        16   0.83935
        17   0.84601
        18   0.85361
        19   0.86122
        20   0.86977
        21   0.87738
        22   0.88593
        23   0.89639
        24   0.90875
        25   0.92205
        26   0.95057
        27   0.95342
        28   0.95437
        29   0.95722
        30   0.96008
        31   0.96293
        32   0.96388
        33   0.96673
        34   0.96958
        35   0.97053
        36   0.97338
        37   0.97529
        38   0.97719
        39   0.97909
        40   0.97909
        41   0.98004
        42   0.98004
        43   0.98099
        44   0.98194
        45   0.98194
        46   0.98289
        47   0.98289
        48   0.98384
        49   0.98384
        50   0.98479
        51   0.98574
        52   0.98574
        53   0.98669
        54   0.98669
        55   0.98764
        56   0.98764
        57   0.98859
        58   0.98859
        59   0.98954
        60   0.98954
        61   0.98954
        62   0.99049
        63   0.99049
        64   0.99144
        65   0.99144
        66   0.99240
        67   0.99240
        68   0.99240
        69   0.99335
        70   0.99335
        71   0.99430
        72   0.99430
        73   0.99430
        74   0.99525
        75   0.99525
        76   0.99620
        77   0.99620
        78   0.99620
        79   0.99715
        80   0.99715
        81   0.99715
        82   0.99810
        83   0.99810
        84   0.99810
        85   0.99905
        86   0.99905
        87   0.99905
        88   0.99905
        89   0.99905
        90   0.99905
        91   0.99905
        92   0.99905
        93   0.99905
        94   0.99905
        95   0.99905
        96   0.99905
        97   0.99905
        98   0.99905
        99   0.99905
       100   0.99905
       101   0.99905
       102   0.99905
       103   0.99905
       104   0.99905
       105   0.99905
       106   0.99905
       107   0.99905
       108   0.99905
       109   0.99905
       110   0.99905
       111   0.99905
       112   0.99905
       113   0.99905
       114   0.99905
       115   0.99905
       116   0.99905
       117   0.99905
       118   0.99905
       119   0.99905
       120   0.99905
       121   0.99905
       122   0.99905
       123   0.99905
       124   0.99905
       125   0.99905
       126   0.99905
       127   0.99905
       128   0.99905
       129   0.99905
       130   0.99905
       131   0.99905
       132   0.99905
       133   0.99905
       134   0.99905
       135   0.99905
       136   0.99905
       137   0.99905
       138   0.99905
       139   0.99905
       140   0.99905
       141   0.99905
       142   0.99905
       143   0.99905
       144   0.99905
       145   0.99905
       146   0.99905
       147   0.99905
       148   0.99905
       149   0.99905
       150   0.99905
       151   0.99905
       152   0.99905
       153   0.99905
       154   0.99905
       155   0.99905
       156   0.99905
       157   0.99905
       158   0.99905
       159   0.99905
       160   0.99905
       161   0.99905
       162   0.99905
       163   0.99905
       164   0.99905
       165   0.99905
       166   0.99905
       167   0.99905
       168   0.99905
       169   0.99905
       170   0.99905
       171   0.99905
       172   0.99905
       173   0.99905
       174   0.99905
       175   0.99905
       176   0.99905
       177   0.99905
       178   0.99905
       179   0.99905
       180   0.99905
       181   0.99905
       182   0.99810
       183   0.99810
       184   0.99715
       185   0.99715
       186   0.99715
       187   0.99620
       188   0.99620
       189   0.99525
       190   0.99525
       191   0.99430
       192   0.99430
       193   0.99335
       194   0.99335
       195   0.99240
       196   0.99240
       197   0.99144
       198   0.99049
       199   0.99049
       200   0.98954
       201   0.98954
       202   0.98859
       203   0.98764
       204   0.98764
       205   0.98669
       206   0.98574
       207   0.98574
       208   0.98479
       209   0.98384
       210   0.98289
       211   0.98289
       212   0.98194
       213   0.98099
       214   0.98004
       215   0.97909
       216   0.97814
       217   0.97719
       218   0.97719
       219   0.97624
       220   0.97529
       221   0.97433
       222   0.97338
       223   0.97243
       224   0.97148
       225   0.97053
       226   0.96958
       227   0.96863
       228   0.96768
       229   0.96673
       230   0.96578
       231   0.96388
       232   0.96293
       233   0.96198
       234   0.96103
       235   0.96008
       236   0.95913
       237   0.95817
       238   0.95627
       239   0.95532
       240   0.95437
       241   0.95342
       242   0.95247
       243   0.95057
       244   0.94962
       245   0.94867
       246   0.94772
       247   0.94677
       248   0.94487
       249   0.94392
       250   0.94297
       251   0.94202
       252   0.94011
       253   0.93916
       254   0.93821
       255   0.93726
       256   0.93536
       257   0.93441
       258   0.93346
       259   0.93251
       260   0.93061
       261   0.92966
       262   0.92776
       263   0.92586
       264   0.92300
       265   0.92110
       266   0.91920
       267   0.91730
       268   0.91540
       269   0.91255
       270   0.91065
       271   0.90875
       272   0.90684
       273   0.90494
       274   0.90209
       275   0.90019
       276   0.89829
       277   0.89639
       278   0.89449
       279   0.89259
       280   0.88973
       281   0.88783
       282   0.88593
       283   0.88403
       284   0.88213
       285   0.88023
       286   0.87833
       287   0.87548
       288   0.87357
       289   0.87167
       290   0.86977
       291   0.86787
       292   0.86597
       293   0.86407
       294   0.86217
       295   0.86027
       296   0.85741
       297   0.85551
       298   0.85361
       299   0.85171
       300   0.85456
       301   0.85551
       302   0.85837
       303   0.86027
       304   0.86217
       305   0.86407
       306   0.86502
       307   0.86787
       308   0.86882
       309   0.87167
       310   0.87262
       311   0.87452
       312   0.87643
       313   0.87738
       314   0.87928
       315   0.88118
       316   0.88213
       317   0.88403
       318   0.88593
       319   0.88688
       320   0.88878
       321   0.89068
       322   0.89163
       323   0.89259
       324   0.89449
       325   0.89639
       326   0.89734
       327   0.89829
       328   0.89924
       329   0.89924
       330   0.89924
       331   0.89924
       332   0.89924
       333   0.89924
       334   0.90019
       335   0.90019
       336   0.90019
       337   0.90019
       338   0.90019
       339   0.90019
       340   0.90019
       341   0.90019
       342   0.90019
       343   0.90019
       344   0.90019
       345   0.90019
       346   0.90019
       347   0.90019
       348   0.90019
       349   0.90019
       350   0.90019
       351   0.90019
       352   0.90019
       353   0.90019
       354   0.90019
       355   0.90019
       356   0.90019
       357   0.90019
       358   0.90019
       359   0.90019
       360   0.90019
       361   0.90019
       362   0.90019
       363   0.90019
       364   0.90019
       365   0.90019
       366   0.90019
       367   0.90019
       368   0.90019
       369   0.90019
       370   0.90019
       371   0.90019
       372   0.90019
       373   0.90019
       374   0.89924
       375   0.89924
       376   0.89924
       377   0.89924
       378   0.89924
       379   0.89924
       380   0.89924
       381   0.89924
       382   0.89924
       383   0.89924
       384   0.89924
       385   0.89924
       386   0.89924
       387   0.89924
       388   0.89829
       389   0.89829
       390   0.89829
       391   0.89829
       392   0.89829
       393   0.89829
       394   0.89829
       395   0.89829
       396   0.89829
       397   0.89829
       398   0.89829
       399   0.89829
       400   0.89829
       401   0.89829
       402   0.89829
       403   0.89829
       404   0.89734
       405   0.89734
       406   0.89734
       407   0.89734
       408   0.89734
       409   0.89734
       410   0.89734
       411   0.89734
       412   0.89734
       413   0.89734
       414   0.89734
       415   0.89734
       416   0.89734
       417   0.89734
       418   0.89734
       419   0.89734
       420   0.89734
       421   0.89734
       422   0.89734
       423   0.89734
       424   0.89734
       425   0.89734
       426   0.89734
       427   0.89734
       428   0.89734
       429   0.89734
       430   0.89734
       431   0.89734
       432   0.89734
       433   0.89734
       434   0.89734
       435   0.89734
       436   0.89734
       437   0.89734
       438   0.89734
       439   0.89734
       440   0.89734
       441   0.89734
       442   0.89829
       443   0.89829
       444   0.89829
       445   0.89829
       446   0.89829
       447   0.89829
       448   0.89829
       449   0.89829
       450   0.89829
       451   0.89829
       452   0.89829
       453   0.89829
       454   0.89829
       455   0.89924
       456   0.89924
       457   0.89924
       458   0.89924
       459   0.89924
       460   0.89924
       461   0.89924
       462   0.89924
       463   0.90019
       464   0.90019
       465   0.90019
       466   0.90019
       467   0.90019
       468   0.90019
       469   0.90019
       470   0.90114
       471   0.90114
       472   0.90114
       473   0.90114
       474   0.90114
       475   0.90114
       476   0.90209
       477   0.90209
       478   0.90209
       479   0.90209
       480   0.90209
       481   0.90209
       482   0.90304
       483   0.90304
       484   0.90304
       485   0.90304
       486   0.90304
       487   0.90399
       488   0.90399
       489   0.90399
       490   0.90399
       491   0.90399
       492   0.90494
       493   0.90494
       494   0.90494
       495   0.90494
       496   0.90494
       497   0.90589
       498   0.90589
       499   0.90589
       500   0.90589
       501   0.90589
       502   0.90684
       503   0.90684
       504   0.90684
       505   0.90684
       506   0.90684
       507   0.90779
       508   0.90779
       509   0.90779
       510   0.90779
       511   0.90875
       512   0.90875
       513   0.90875
       514   0.90875
       515   0.90875
       516   0.90970
       517   0.90970
       518   0.90970
       519   0.90970
       520   0.90970
       521   0.91065
       522   0.91065
       523   0.91065
       524   0.91065
       525   0.91065
       526   0.91160
       527   0.91160
       528   0.91160
       529   0.91160
       530   0.91160
       531   0.91255
       532   0.91255
       533   0.91255
       534   0.91255
       535   0.91255
       536   0.91255
       537   0.91350
       538   0.91350
       539   0.91350
       540   0.91350
       541   0.91350
       542   0.91350
       543   0.91350
       544   0.91350
       545   0.91445
       546   0.91445
       547   0.91445
       548   0.91445
       549   0.91445
       550   0.91445
       551   0.91445
       552   0.91445
       553   0.91445
       554   0.91445
       555   0.91540
       556   0.91540
       557   0.91540
       558   0.91540
       559   0.91540
       560   0.91635
       561   0.91730
       562   0.91825
       563   0.91920
       564   0.91920
       565   0.92015
       566   0.92110
       567   0.92205
       568   0.92300
       569   0.92395
       570   0.92490
       571   0.92586
       572   0.92681
       573   0.92776
       574   0.92776
       575   0.92871
       576   0.92966
       577   0.93061
       578   0.93156
       579   0.93251
       580   0.93346
       581   0.93346
       582   0.93441
       583   0.93536
       584   0.93631
       585   0.93726
       586   0.93726
       587   0.93821
       588   0.93916
       589   0.94011
       590   0.94011
       591   0.94106
       592   0.94202
       593   0.94297
       594   0.94297
       595   0.94392
       596   0.94487
       597   0.94582
       598   0.94582
       599   0.94677
       600   0.94772
       601   0.94772
       602   0.94867
       603   0.94962
       604   0.95057
       605   0.95057
       606   0.95152
       607   0.95247
       608   0.95247
       609   0.95342
       610   0.95437
       611   0.95437
       612   0.95532
       613   0.95627
       614   0.95627
       615   0.95722
       616   0.95817
       617   0.95817
       618   0.95913
       619   0.96008
       620   0.96008
       621   0.96103
       622   0.96198
       623   0.96198
       624   0.96293
       625   0.96388
       626   0.96388
       627   0.96483
       628   0.96388
       629   0.96483
       630   0.96483
       631   0.96388
       632   0.96483
       633   0.96483
       634   0.96483
       635   0.96483
       636   0.96483
       637   0.96483
       638   0.96483
       639   0.96578
       640   0.96483
       641   0.96578
       642   0.96483
       643   0.96578
       644   0.96578
       645   0.96578
       646   0.96578
       647   0.96673
       648   0.96578
       649   0.96673
       650   0.96673
       651   0.96673
       652   0.96673
       653   0.96768
       654   0.96673
       655   0.96768
       656   0.96768
       657   0.96768
       658   0.96863
       659   0.96768
       660   0.96863
       661   0.96958
       662   0.96863
       663   0.96958
       664   0.96958
       665   0.96958
       666   0.97053
       667   0.97053
       668   0.97053
       669   0.97148
       670   0.97243
       671   0.97148
       672   0.97243
       673   0.97338
       674   0.97243
       675   0.97338
       676   0.97433
       677   0.97433
       678   0.97433
       679   0.97529
       680   0.97529
       681   0.97624
       682   0.97719
       683   0.97624
       684   0.97624
       685   0.97624
       686   0.97624
       687   0.97624
       688   0.97624
       689   0.97624
       690   0.97529
       691   0.97529
       692   0.97529
       693   0.97529
       694   0.97529
       695   0.97529
       696   0.97529
       697   0.97529
       698   0.97529
       699   0.97529
       700   0.97529
       701   0.97529
       702   0.97529
       703   0.97529
       704   0.97529
       705   0.97529
       706   0.97529
       707   0.97529
       708   0.97529
       709   0.97529
       710   0.97529
       711   0.97529
       712   0.97529
       713   0.97529
       714   0.97529
       715   0.97529
       716   0.97529
       717   0.97624
       718   0.97624
       719   0.97624
       720   0.97624
       721   0.97624
       722   0.97624
       723   0.97719
       724   0.97719
       725   0.97719
       726   0.97719
       727   0.97719
       728   0.97814
       729   0.97814
       730   0.97814
       731   0.97814
       732   0.97909
       733   0.97909
       734   0.97909
       735   0.98004
       736   0.98004
       737   0.98004
       738   0.98099
       739   0.98099
       740   0.98099
       741   0.98194
       742   0.98194
       743   0.98194
       744   0.98289
       745   0.98289
       746   0.98384
       747   0.98384
       748   0.98384
       749   0.98479
       750   0.98479
       751   0.98574
       752   0.98574
       753   0.98669
       754   0.98669
       755   0.98764
       756   0.98764
       757   0.98859
       758   0.98859
       759   0.98954
       760   0.98954
       761   0.99049
       762   0.99144
       763   0.99144
       764   0.99240
       765   0.99240
       766   0.99335
       767   0.99430
       768   0.99430
       769   0.99525
       770   0.99525
       771   0.99620
       772   0.99715
       773   0.99715
       774   0.99810
       775   0.99905
       776   0.99905
       777   0.99905
       778   0.99905
       779   0.99905
       780   0.99905
       781   0.99905
       782   0.99905
       783   0.99905
       784   0.99905
       785   0.99905
       786   0.99905
       787   0.99905
       788   0.99905
       789   0.99905
       790   0.99905
       791   0.99905
       792   0.99905
       793   0.99905
       794   0.99905
       795   0.99905
       796   0.99905
       797   0.99905
       798   0.99905
       799   0.99905
       800   0.99905
       801   0.99905
       802   0.99905
       803   0.99905
       804   0.99905
       805   0.99905
       806   0.99905
       807   0.99905
       808   0.99905
       809   0.99905
       810   0.99905
       811   0.99905
       812   0.99905
       813   0.99905
       814   0.99905
       815   0.99905
       816   0.99905
       817   0.99905
       818   0.99905
       819   0.99905
       820   0.99905
       821   0.99905
       822   0.99905
       823   0.99905
       824   0.99905
       825   0.99905
       826   0.99905
       827   0.99905
       828   0.99905
       829   0.99905
       830   0.99905
       831   0.99905
       832   0.99905
       833   0.99905
       834   0.99905
       835   0.99905
       836   0.99905
       837   0.99905
       838   0.99905
       839   0.99905
       840   0.99905
       841   0.99905
       842   0.99905
       843   0.99905
       844   0.99905
       845   0.99905
       846   0.99905
       847   0.99905
       848   0.99905
       849   0.99905
       850   0.99905
       851   0.99905
       852   0.99905
       853   0.99905
       854   0.99905
       855   0.99905
       856   0.99905
       857   0.99905
       858   0.99905
       859   0.99905
       860   0.99905
       861   0.99905
       862   0.99905
       863   0.99905
       864   0.99905
       865   0.99905
       866   0.99905
       867   0.99905
       868   0.99905
       869   0.99905
       870   0.99905
       871   0.99905
       872   0.99905
       873   0.99905
       874   0.99905
       875   0.99905
       876   0.99905
       877   0.99905
       878   0.99905
       879   0.99905
       880   0.99905
       881   0.99905
       882   0.99905
       883   0.99905
       884   0.99905
       885   0.99905
       886   0.99905
       887   0.99905
       888   0.99905
       889   0.99905
       890   0.99905
       891   0.99905
       892   0.99905
       893   0.99905
       894   0.99905
       895   0.99905
       896   0.99905
       897   0.99905
       898   0.99905
       899   0.99905
       900   0.99905
       901   0.99905
       902   0.99905
       903   0.99905
       904   0.99905
       905   0.99905
       906   0.99905
       907   0.99905
       908   0.99905
       909   0.99905
       910   0.99905
       911   0.99905
       912   0.99905
       913   0.99905
       914   0.99905
       915   0.99905
       916   0.99905
       917   0.99905
       918   0.99905
       919   0.99905
       920   0.99905
       921   0.99905
       922   0.99905
       923   0.99905
       924   0.99905
       925   0.99905
       926   0.99905
       927   0.99905
       928   0.99905
       929   0.99905
       930   0.99905
       931   0.99905
       932   0.99905
       933   0.99905
       934   0.99905
       935   0.99905
       936   0.99810
       937   0.99525
       938   0.99335
       939   0.99049
       940   0.98859
       941   0.98574
       942   0.98289
       943   0.97909
       944   0.97529
       945   0.97148
       946   0.93061
       947   0.89829
       948   0.87072
       949   0.82510
       950   0.81939
       951   0.81274
       952   0.80703
       953   0.80133
       954   0.79563
       955   0.78992
       956   0.78422
       957   0.77947
       958   0.77471
       959   0.76901
       960   0.76331
       961   0.75760
       962   0.75095
       963   0.74240
       964   0.73194
       965   0.72719
       966   0.72529
       967   0.72338
       968   0.72148
       969   0.71863
       970   0.71673
       971   0.71578
       972   0.71388
       973   0.71198
       974   0.71008
       975   0.70817
       976   0.70627
       977   0.70532
       978   0.70247
       979   0.70057
       980   0.69867
       981   0.69677
       982   0.69582
       983   0.69392
       984   0.69106
       985   0.68916
       986   0.68726
       987   0.68631
       988   0.68346
       989   0.68156
       990   0.67966
       991   0.67681
       992   0.67586
       993   0.67395
       994   0.67110
       995   0.66920
       996   0.66730
       997   0.66540
       998   0.66350
       999   0.66065
      1000   0.65875
      1001   0.65684
      1002   0.65304
      1003   0.65114
      1004   0.64734
      1005   0.64449
      1006   0.64068
      1007   0.63783
      1008   0.63403
      1009   0.63213
      1010   0.62738
      1011   0.62452
      1012   0.62072
      1013   0.61787
      1014   0.61407
      1015   0.61027
      1016   0.60646
      1017   0.60361
      1018   0.60076
      1019   0.59601
      1020   0.59316
      1021   0.58935
      1022   0.58555
      1023   0.58175
      1024   0.57795
      1025   0.57414
      1026   0.57034
      1027   0.56654
      1028   0.56274
      1029   0.55894
      1030   0.55323
      1031   0.55038
      1032   0.54563
      1033   0.54183
      1034   0.53802
      1035   0.53327
      1036   0.52852
      1037   0.52376
      1038   0.52091
      1039   0.51521
      1040   0.51141
      1041   0.50570
      1042   0.50190
      1043   0.49525
      1044   0.49049
      1045   0.48574
      1046   0.48004
      1047   0.47433
      1048   0.46863
      1049   0.46293
      1050   0.45722
      1051   0.44962
      1052   0.44392
