         1   0.98764
         2   0.98859
         3   0.99049
         4   0.99240
         5   0.99335
         6   0.99525
         7   0.99715
         8   0.99810
         9   0.99905
        10   0.99905
        11   0.99905
        12   0.99905
        13   0.99905
        14   0.99905
        15   0.99905
        16   0.99905
        17   0.99905
        18   0.99905
        19   0.99905
        20   0.99905
        21   0.99905
        22   0.99905
        23   0.99905
        24   0.99905
        25   0.99905
        26   0.99905
        27   0.99905
        28   0.99905
        29   0.99905
        30   0.99905
        31   0.99905
        32   0.99905
        33   0.99905
        34   0.99905
        35   0.99905
        36   0.99905
        37   0.99905
        38   0.99905
        39   0.99905
        40   0.99905
        41   0.99905
        42   0.99905
        43   0.99905
        44   0.99905
        45   0.99905
        46   0.99905
        47   0.99905
        48   0.99905
        49   0.99905
        50   0.99905
        51   0.99905
        52   0.99905
        53   0.99905
        54   0.99905
        55   0.99905
        56   0.99905
        57   0.99905
        58   0.99905
        59   0.99905
        60   0.99905
        61   0.99905
        62   0.99905
        63   0.99905
        64   0.99905
        65   0.99905
        66   0.99905
        67   0.99905
        68   0.99905
        69   0.99905
        70   0.99905
        71   0.99905
        72   0.99905
        73   0.99905
        74   0.99905
        75   0.99905
        76   0.99905
        77   0.99905
        78   0.99905
        79   0.99905
        80   0.99905
        81   0.99905
        82   0.99905
        83   0.99905
        84   0.99905
        85   0.99905
        86   0.99905
        87   0.99905
        88   0.99905
        89   0.99905
        90   0.99905
        91   0.99905
        92   0.99905
        93   0.99905
        94   0.99905
        95   0.99905
        96   0.99905
        97   0.99905
        98   0.99905
        99   0.99905
       100   0.99905
       101   0.99905
       102   0.99905
       103   0.99905
       104   0.99905
       105   0.99905
       106   0.99905
       107   0.99905
       108   0.99905
       109   0.99905
       110   0.99905
       111   0.99905
       112   0.99905
       113   0.99905
       114   0.99905
       115   0.99905
       116   0.99905
       117   0.99905
       118   0.99905
       119   0.99905
       120   0.99905
       121   0.99905
       122   0.99905
       123   0.99905
       124   0.99905
       125   0.99905
       126   0.99905
       127   0.99905
       128   0.99905
       129   0.99905
       130   0.99905
       131   0.99905
       132   0.99905
       133   0.99905
       134   0.99905
       135   0.99905
       136   0.99905
       137   0.99905
       138   0.99905
       139   0.99905
       140   0.99905
       141   0.99905
       142   0.99905
       143   0.99905
       144   0.99905
       145   0.99905
       146   0.99905
       147   0.99905
       148   0.99905
       149   0.99905
       150   0.99905
       151   0.99905
       152   0.99905
       153   0.99905
       154   0.99905
       155   0.99905
       156   0.99905
       157   0.99905
       158   0.99905
       159   0.99905
       160   0.99905
       161   0.99905
       162   0.99905
       163   0.99905
       164   0.99905
       165   0.99905
       166   0.99905
       167   0.99905
       168   0.99905
       169   0.99905
       170   0.99905
       171   0.99905
       172   0.99905
       173   0.99905
       174   0.99905
       175   0.99905
       176   0.99905
       177   0.99905
       178   0.99905
       179   0.99905
       180   0.99905
       181   0.99905
       182   0.99905
       183   0.99905
       184   0.99905
       185   0.99905
       186   0.99905
       187   0.99905
       188   0.99905
       189   0.99905
       190   0.99905
       191   0.99905
       192   0.99905
       193   0.99905
       194   0.99905
       195   0.99905
       196   0.99905
       197   0.99905
       198   0.99905
       199   0.99905
       200   0.99905
       201   0.99905
       202   0.99905
       203   0.99905
       204   0.99905
       205   0.99905
       206   0.99905
       207   0.99905
       208   0.99905
       209   0.99905
       210   0.99905
       211   0.99905
       212   0.99905
       213   0.99905
       214   0.99905
       215   0.99905
       216   0.99905
       217   0.99905
       218   0.99905
       219   0.99905
       220   0.99905
       221   0.99905
       222   0.99905
       223   0.99905
       224   0.99905
       225   0.99905
       226   0.99905
       227   0.99905
       228   0.99905
       229   0.99905
       230   0.99905
       231   0.99905
       232   0.99905
       233   0.99905
       234   0.99905
       235   0.99905
       236   0.99905
       237   0.99905
       238   0.99905
       239   0.99905
       240   0.99905
       241   0.99905
       242   0.99905
       243   0.99905
       244   0.99905
       245   0.99905
       246   0.99905
       247   0.99905
       248   0.99905
       249   0.99905
       250   0.99905
       251   0.99905
       252   0.99905
       253   0.99905
       254   0.99905
       255   0.99905
       256   0.99905
       257   0.99905
       258   0.99905
       259   0.99905
       260   0.99905
       261   0.99905
       262   0.99905
       263   0.99905
       264   0.99905
       265   0.99905
       266   0.99905
       267   0.99905
       268   0.99905
       269   0.99905
       270   0.99905
       271   0.99810
       272   0.99715
       273   0.99525
       274   0.99430
       275   0.99240
       276   0.99144
       277   0.98954
       278   0.98764
       279   0.98669
       280   0.98479
       281   0.98289
       282   0.98099
       283   0.98004
       284   0.97814
       285   0.97624
       286   0.97433
       287   0.97243
       288   0.97053
       289   0.96863
       290   0.96673
       291   0.96578
       292   0.96293
       293   0.96008
       294   0.95722
       295   0.95437
       296   0.95152
       297   0.94867
       298   0.94582
       299   0.94297
       300   0.94582
       301   0.94772
       302   0.94962
       303   0.95152
       304   0.95437
       305   0.95437
       306   0.95532
       307   0.95627
       308   0.95627
       309   0.95722
       310   0.95722
       311   0.95817
       312   0.95817
       313   0.95913
       314   0.95913
       315   0.95913
       316   0.96008
       317   0.96008
       318   0.96008
       319   0.96103
       320   0.96103
       321   0.96103
       322   0.96103
       323   0.96103
       324   0.96103
       325   0.96198
       326   0.96198
       327   0.96198
       328   0.96198
       329   0.96198
       330   0.96198
       331   0.96198
       332   0.96198
       333   0.96198
       334   0.96198
       335   0.96198
       336   0.96198
       337   0.96198
       338   0.96198
       339   0.96198
       340   0.96103
       341   0.96103
       342   0.96103
       343   0.96103
       344   0.96103
       345   0.96103
       346   0.96008
       347   0.96008
       348   0.96008
       349   0.96008
       350   0.96008
       351   0.96008
       352   0.95913
       353   0.95913
       354   0.95913
       355   0.95913
       356   0.95817
       357   0.95817
       358   0.95817
       359   0.95817
       360   0.95722
       361   0.95722
       362   0.95722
       363   0.95722
       364   0.95627
       365   0.95627
       366   0.95627
       367   0.95627
       368   0.95532
       369   0.95532
       370   0.95532
       371   0.95437
       372   0.95437
       373   0.95437
       374   0.95437
       375   0.95342
       376   0.95342
       377   0.95342
       378   0.95342
       379   0.95247
       380   0.95247
       381   0.95247
       382   0.95247
       383   0.95152
       384   0.95152
       385   0.95152
       386   0.95152
       387   0.95057
       388   0.95057
       389   0.95057
       390   0.95057
       391   0.94962
       392   0.94962
       393   0.94962
       394   0.94962
       395   0.94867
       396   0.94867
       397   0.94867
       398   0.94867
       399   0.94867
       400   0.94772
       401   0.94772
       402   0.94772
       403   0.94772
       404   0.94772
       405   0.94677
       406   0.94677
       407   0.94677
       408   0.94677
       409   0.94677
       410   0.94677
       411   0.94582
       412   0.94582
       413   0.94582
       414   0.94582
       415   0.94582
       416   0.94582
       417   0.94582
       418   0.94487
       419   0.94487
       420   0.94487
       421   0.94487
       422   0.94487
       423   0.94487
       424   0.94487
       425   0.94487
       426   0.94487
       427   0.94487
       428   0.94392
       429   0.94392
       430   0.94392
       431   0.94392
       432   0.94392
       433   0.94392
       434   0.94392
       435   0.94392
       436   0.94392
       437   0.94392
       438   0.94392
       439   0.94392
       440   0.94392
       441   0.94392
       442   0.94392
       443   0.94392
       444   0.94392
       445   0.94392
       446   0.94392
       447   0.94392
       448   0.94392
       449   0.94392
       450   0.94392
       451   0.94392
       452   0.94392
       453   0.94392
       454   0.94392
       455   0.94392
       456   0.94392
       457   0.94392
       458   0.94392
       459   0.94392
       460   0.94392
       461   0.94392
       462   0.94392
       463   0.94392
       464   0.94487
       465   0.94487
       466   0.94487
       467   0.94487
       468   0.94487
       469   0.94487
       470   0.94487
       471   0.94487
       472   0.94487
       473   0.94487
       474   0.94487
       475   0.94582
       476   0.94582
       477   0.94582
       478   0.94582
       479   0.94582
       480   0.94582
       481   0.94582
       482   0.94582
       483   0.94677
       484   0.94677
       485   0.94677
       486   0.94677
       487   0.94677
       488   0.94677
       489   0.94677
       490   0.94677
       491   0.94772
       492   0.94772
       493   0.94772
       494   0.94772
       495   0.94772
       496   0.94772
       497   0.94772
       498   0.94867
       499   0.94867
       500   0.94867
       501   0.94867
       502   0.94867
       503   0.94867
       504   0.94867
       505   0.94962
       506   0.94962
       507   0.94962
       508   0.94962
       509   0.94962
       510   0.94962
       511   0.95057
       512   0.95057
       513   0.95057
       514   0.95057
       515   0.95057
       516   0.95057
       517   0.95057
       518   0.95057
       519   0.95152
       520   0.95152
       521   0.95152
       522   0.95152
       523   0.95152
       524   0.95152
       525   0.95152
       526   0.95152
       527   0.95247
       528   0.95247
       529   0.95247
       530   0.95247
       531   0.95247
       532   0.95247
       533   0.95247
       534   0.95247
       535   0.95247
       536   0.95247
       537   0.95247
       538   0.95342
       539   0.95342
       540   0.95342
       541   0.95342
       542   0.95342
       543   0.95342
       544   0.95342
       545   0.95342
       546   0.95342
       547   0.95342
       548   0.95342
       549   0.95342
       550   0.95342
       551   0.95342
       552   0.95342
       553   0.95342
       554   0.95342
       555   0.95342
       556   0.95342
       557   0.95342
       558   0.95342
       559   0.95342
       560   0.95437
       561   0.95532
       562   0.95627
       563   0.95722
       564   0.95817
       565   0.95913
       566   0.96008
       567   0.96103
       568   0.96198
       569   0.96293
       570   0.96388
       571   0.96483
       572   0.96483
       573   0.96578
       574   0.96673
       575   0.96768
       576   0.96863
       577   0.96958
       578   0.97053
       579   0.97148
       580   0.97148
       581   0.97243
       582   0.97338
       583   0.97433
       584   0.97529
       585   0.97529
       586   0.97624
       587   0.97719
       588   0.97814
       589   0.97909
       590   0.97909
       591   0.98004
       592   0.98099
       593   0.98194
       594   0.98194
       595   0.98289
       596   0.98384
       597   0.98384
       598   0.98479
       599   0.98574
       600   0.98669
       601   0.98669
       602   0.98764
       603   0.98859
       604   0.98859
       605   0.98954
       606   0.99049
       607   0.99049
       608   0.99144
       609   0.99240
       610   0.99240
       611   0.99335
       612   0.99430
       613   0.99430
       614   0.99525
       615   0.99620
       616   0.99620
       617   0.99715
       618   0.99715
       619   0.99810
       620   0.99905
       621   0.99905
       622   0.99905
       623   0.99905
       624   0.99905
       625   0.99905
       626   0.99905
       627   0.99905
       628   0.99905
       629   0.99905
       630   0.99905
       631   0.99905
       632   0.99905
       633   0.99905
       634   0.99905
       635   0.99905
       636   0.99905
       637   0.99905
       638   0.99905
       639   0.99905
       640   0.99905
       641   0.99905
       642   0.99905
       643   0.99905
       644   0.99905
       645   0.99905
       646   0.99905
       647   0.99905
       648   0.99905
       649   0.99905
       650   0.99905
       651   0.99905
       652   0.99905
       653   0.99905
       654   0.99905
       655   0.99905
       656   0.99905
       657   0.99905
       658   0.99905
       659   0.99905
       660   0.99905
       661   0.99905
       662   0.99905
       663   0.99905
       664   0.99905
       665   0.99905
       666   0.99905
       667   0.99905
       668   0.99905
       669   0.99905
       670   0.99905
       671   0.99905
       672   0.99905
       673   0.99905
       674   0.99905
       675   0.99905
       676   0.99905
       677   0.99905
       678   0.99905
       679   0.99905
       680   0.99905
       681   0.99905
       682   0.99905
       683   0.99905
       684   0.99905
       685   0.99905
       686   0.99905
       687   0.99905
       688   0.99905
       689   0.99905
       690   0.99905
       691   0.99905
       692   0.99905
       693   0.99905
       694   0.99905
       695   0.99905
       696   0.99905
       697   0.99905
       698   0.99905
       699   0.99905
       700   0.99905
       701   0.99905
       702   0.99905
       703   0.99905
       704   0.99905
       705   0.99905
       706   0.99905
       707   0.99905
       708   0.99905
       709   0.99905
       710   0.99905
       711   0.99905
       712   0.99905
       713   0.99905
       714   0.99905
       715   0.99905
       716   0.99905
       717   0.99905
       718   0.99905
       719   0.99905
       720   0.99905
       721   0.99905
       722   0.99905
       723   0.99905
       724   0.99905
       725   0.99905
       726   0.99905
       727   0.99905
       728   0.99905
       729   0.99905
       730   0.99905
       731   0.99905
       732   0.99905
       733   0.99905
       734   0.99905
       735   0.99905
       736   0.99905
       737   0.99905
       738   0.99905
       739   0.99905
       740   0.99905
       741   0.99905
       742   0.99905
       743   0.99905
       744   0.99905
       745   0.99905
       746   0.99905
       747   0.99905
       748   0.99905
       749   0.99905
       750   0.99905
       751   0.99905
       752   0.99905
       753   0.99905
       754   0.99905
       755   0.99905
       756   0.99905
       757   0.99905
       758   0.99905
       759   0.99905
       760   0.99905
       761   0.99905
       762   0.99905
       763   0.99905
       764   0.99905
       765   0.99905
       766   0.99905
       767   0.99905
       768   0.99905
       769   0.99905
       770   0.99905
       771   0.99905
       772   0.99905
       773   0.99905
       774   0.99905
       775   0.99905
       776   0.99905
       777   0.99905
       778   0.99905
       779   0.99905
       780   0.99905
       781   0.99905
       782   0.99905
       783   0.99905
       784   0.99905
       785   0.99905
       786   0.99905
       787   0.99905
       788   0.99905
       789   0.99905
       790   0.99905
       791   0.99905
       792   0.99905
       793   0.99905
       794   0.99905
       795   0.99905
       796   0.99905
       797   0.99905
       798   0.99905
       799   0.99905
       800   0.99905
       801   0.99905
       802   0.99905
       803   0.99905
       804   0.99905
       805   0.99905
       806   0.99905
       807   0.99905
       808   0.99905
       809   0.99905
       810   0.99905
       811   0.99905
       812   0.99905
       813   0.99905
       814   0.99905
       815   0.99905
       816   0.99905
       817   0.99905
       818   0.99905
       819   0.99905
       820   0.99905
       821   0.99905
       822   0.99905
       823   0.99905
       824   0.99905
       825   0.99905
       826   0.99905
       827   0.99905
       828   0.99905
       829   0.99905
       830   0.99905
       831   0.99905
       832   0.99905
       833   0.99905
       834   0.99905
       835   0.99905
       836   0.99905
       837   0.99905
       838   0.99905
       839   0.99905
       840   0.99905
       841   0.99905
       842   0.99905
       843   0.99905
       844   0.99905
       845   0.99905
       846   0.99905
       847   0.99905
       848   0.99905
       849   0.99905
       850   0.99905
       851   0.99905
       852   0.99905
       853   0.99905
       854   0.99905
       855   0.99905
       856   0.99905
       857   0.99905
       858   0.99905
       859   0.99905
       860   0.99905
       861   0.99905
       862   0.99905
       863   0.99905
       864   0.99905
       865   0.99905
       866   0.99905
       867   0.99905
       868   0.99905
       869   0.99905
       870   0.99905
       871   0.99905
       872   0.99905
       873   0.99905
       874   0.99905
       875   0.99905
       876   0.99905
       877   0.99905
       878   0.99905
       879   0.99905
       880   0.99905
       881   0.99905
       882   0.99905
       883   0.99905
       884   0.99905
       885   0.99905
       886   0.99905
       887   0.99905
       888   0.99905
       889   0.99905
       890   0.99905
       891   0.99905
       892   0.99905
       893   0.99905
       894   0.99905
       895   0.99905
       896   0.99905
       897   0.99905
       898   0.99905
       899   0.99905
       900   0.99905
       901   0.99905
       902   0.99905
       903   0.99905
       904   0.99905
       905   0.99905
       906   0.99905
       907   0.99905
       908   0.99905
       909   0.99905
       910   0.99905
       911   0.99905
       912   0.99905
       913   0.99905
       914   0.99905
       915   0.99905
       916   0.99905
       917   0.99905
       918   0.99905
       919   0.99905
       920   0.99905
       921   0.99905
       922   0.99905
       923   0.99905
       924   0.99905
       925   0.99905
       926   0.99905
       927   0.99905
       928   0.99905
       929   0.99905
       930   0.99905
       931   0.99905
       932   0.99905
       933   0.99905
       934   0.99905
       935   0.99905
       936   0.99905
       937   0.99905
       938   0.99905
       939   0.99905
       940   0.99905
       941   0.99905
       942   0.99905
       943   0.99905
       944   0.99905
       945   0.99905
       946   0.99905
       947   0.99905
       948   0.99905
       949   0.99905
       950   0.99905
       951   0.99905
       952   0.99905
       953   0.99905
       954   0.99905
       955   0.99905
       956   0.99905
       957   0.99905
       958   0.99905
       959   0.99905
       960   0.99905
       961   0.99905
       962   0.99905
       963   0.99905
       964   0.99905
       965   0.99905
       966   0.99905
       967   0.99905
       968   0.99905
       969   0.99905
       970   0.99905
       971   0.99905
       972   0.99905
       973   0.99905
       974   0.99905
       975   0.99905
       976   0.99905
       977   0.99905
       978   0.99905
       979   0.99905
       980   0.99905
       981   0.99905
       982   0.99905
       983   0.99905
       984   0.99905
       985   0.99905
       986   0.99905
       987   0.99905
       988   0.99905
       989   0.99905
       990   0.99905
       991   0.99905
       992   0.99905
       993   0.99905
       994   0.99905
       995   0.96483
       996   0.94487
       997   0.93061
       998   0.91730
       999   0.90589
      1000   0.89449
      1001   0.88498
      1002   0.87262
      1003   0.86027
      1004   0.84316
      1005   0.81749
      1006   0.80989
      1007   0.80513
      1008   0.79753
      1009   0.79087
      1010   0.78327
      1011   0.77567
      1012   0.76521
      1013   0.75285
      1014   0.73669
      1015   0.73574
      1016   0.73384
      1017   0.73194
      1018   0.73004
      1019   0.72814
      1020   0.72719
      1021   0.72529
      1022   0.72433
      1023   0.72243
      1024   0.72053
      1025   0.71863
      1026   0.71768
      1027   0.71578
      1028   0.71388
      1029   0.71198
      1030   0.71103
      1031   0.70913
      1032   0.70722
      1033   0.70532
      1034   0.70342
      1035   0.70152
      1036   0.69962
      1037   0.69772
      1038   0.69582
      1039   0.69487
      1040   0.69202
      1041   0.69011
      1042   0.68821
      1043   0.68631
      1044   0.68441
      1045   0.68251
      1046   0.67966
      1047   0.67871
      1048   0.67586
      1049   0.67395
      1050   0.67205
      1051   0.66920
      1052   0.66730
