         1   0.68251
         2   0.68916
         3   0.69392
         4   0.69867
         5   0.70437
         6   0.71008
         7   0.71483
         8   0.71958
         9   0.72433
        10   0.73004
        11   0.73479
        12   0.74144
        13   0.74715
        14   0.75095
        15   0.75760
        16   0.76331
        17   0.76806
        18   0.77471
        19   0.77947
        20   0.78612
        21   0.79278
        22   0.79753
        23   0.80228
        24   0.80989
        25   0.81654
        26   0.82319
        27   0.82890
        28   0.83650
        29   0.84316
        30   0.85171
        31   0.85837
        32   0.86692
        33   0.87643
        34   0.88593
        35   0.89544
        36   0.90970
        37   0.93441
        38   0.94297
        39   0.94582
        40   0.94772
        41   0.95057
        42   0.95247
        43   0.95437
        44   0.95722
        45   0.95913
        46   0.96103
        47   0.96388
        48   0.96483
        49   0.96673
        50   0.96673
        51   0.96768
        52   0.96863
        53   0.96863
        54   0.96958
        55   0.96958
        56   0.97053
        57   0.97053
        58   0.97148
        59   0.97148
        60   0.97243
        61   0.97243
        62   0.97338
        63   0.97338
        64   0.97433
        65   0.97433
        66   0.97529
        67   0.97529
        68   0.97624
        69   0.97624
        70   0.97624
        71   0.97719
        72   0.97719
        73   0.97814
        74   0.97814
        75   0.97814
        76   0.97909
        77   0.97909
        78   0.98004
        79   0.98004
        80   0.98004
        81   0.98099
        82   0.98099
        83   0.98099
        84   0.98194
        85   0.98194
        86   0.98194
        87   0.98289
        88   0.98289
        89   0.98289
        90   0.98289
        91   0.98384
        92   0.98384
        93   0.98384
        94   0.98479
        95   0.98479
        96   0.98479
        97   0.98479
        98   0.98479
        99   0.98574
       100   0.98574
       101   0.98574
       102   0.98574
       103   0.98669
       104   0.98669
       105   0.98669
       106   0.98669
       107   0.98669
       108   0.98669
       109   0.98764
       110   0.98764
       111   0.98764
       112   0.98764
       113   0.98764
       114   0.98764
       115   0.98764
       116   0.98764
       117   0.98859
       118   0.98859
       119   0.98859
       120   0.98859
       121   0.98859
       122   0.98859
       123   0.98859
       124   0.98859
       125   0.98859
       126   0.98859
       127   0.98859
       128   0.98859
       129   0.98859
       130   0.98859
       131   0.98859
       132   0.98859
       133   0.98859
       134   0.98859
       135   0.98859
       136   0.98859
       137   0.98859
       138   0.98859
       139   0.98859
       140   0.98859
       141   0.98859
       142   0.98859
       143   0.98859
       144   0.98764
       145   0.98764
       146   0.98764
       147   0.98764
       148   0.98764
       149   0.98764
       150   0.98764
       151   0.98669
       152   0.98669
       153   0.98669
       154   0.98669
       155   0.98669
       156   0.98574
       157   0.98574
       158   0.98574
       159   0.98574
       160   0.98574
       161   0.98479
       162   0.98479
       163   0.98479
       164   0.98384
       165   0.98384
       166   0.98384
       167   0.98289
       168   0.98289
       169   0.98289
       170   0.98194
       171   0.98194
       172   0.98194
       173   0.98099
       174   0.98099
       175   0.98004
       176   0.98004
       177   0.98004
       178   0.97909
       179   0.97909
       180   0.97814
       181   0.97814
       182   0.97719
       183   0.97719
       184   0.97624
       185   0.97624
       186   0.97529
       187   0.97529
       188   0.97433
       189   0.97338
       190   0.97338
       191   0.97243
       192   0.97243
       193   0.97148
       194   0.97053
       195   0.97053
       196   0.96958
       197   0.96863
       198   0.96768
       199   0.96768
       200   0.96673
       201   0.96578
       202   0.96578
       203   0.96483
       204   0.96388
       205   0.96293
       206   0.96198
       207   0.96198
       208   0.96103
       209   0.96008
       210   0.95913
       211   0.95817
       212   0.95722
       213   0.95627
       214   0.95627
       215   0.95532
       216   0.95437
       217   0.95342
       218   0.95247
       219   0.95152
       220   0.95057
       221   0.94962
       222   0.94867
       223   0.94772
       224   0.94677
       225   0.94582
       226   0.94487
       227   0.94392
       228   0.94297
       229   0.94202
       230   0.94106
       231   0.94011
       232   0.93916
       233   0.93821
       234   0.93726
       235   0.93631
       236   0.93536
       237   0.93441
       238   0.93346
       239   0.93251
       240   0.93156
       241   0.93061
       242   0.92966
       243   0.92776
       244   0.92681
       245   0.92586
       246   0.92490
       247   0.92395
       248   0.92300
       249   0.92205
       250   0.92110
       251   0.92015
       252   0.91825
       253   0.91635
       254   0.91445
       255   0.91255
       256   0.91065
       257   0.90875
       258   0.90684
       259   0.90494
       260   0.90304
       261   0.90114
       262   0.89829
       263   0.89639
       264   0.89449
       265   0.89259
       266   0.89068
       267   0.88878
       268   0.88688
       269   0.88498
       270   0.88308
       271   0.88118
       272   0.87928
       273   0.87738
       274   0.87548
       275   0.87357
       276   0.87167
       277   0.86977
       278   0.86787
       279   0.86597
       280   0.86407
       281   0.86217
       282   0.86027
       283   0.85837
       284   0.85646
       285   0.85456
       286   0.85266
       287   0.85076
       288   0.84886
       289   0.84696
       290   0.84506
       291   0.84316
       292   0.84125
       293   0.83935
       294   0.83745
       295   0.83555
       296   0.83365
       297   0.83175
       298   0.82985
       299   0.82795
       300   0.83080
       301   0.83270
       302   0.83460
       303   0.83650
       304   0.83840
       305   0.84030
       306   0.84125
       307   0.84411
       308   0.84506
       309   0.84791
       310   0.84886
       311   0.84981
       312   0.85266
       313   0.85361
       314   0.85551
       315   0.85741
       316   0.85837
       317   0.86027
       318   0.86217
       319   0.86312
       320   0.86502
       321   0.86692
       322   0.86787
       323   0.86882
       324   0.87072
       325   0.87262
       326   0.87357
       327   0.87452
       328   0.87643
       329   0.87738
       330   0.87928
       331   0.88023
       332   0.88118
       333   0.88213
       334   0.88403
       335   0.88498
       336   0.88593
       337   0.88593
       338   0.88593
       339   0.88593
       340   0.88593
       341   0.88593
       342   0.88593
       343   0.88593
       344   0.88688
       345   0.88688
       346   0.88688
       347   0.88688
       348   0.88688
       349   0.88688
       350   0.88688
       351   0.88688
       352   0.88688
       353   0.88688
       354   0.88688
       355   0.88688
       356   0.88688
       357   0.88688
       358   0.88688
       359   0.88688
       360   0.88688
       361   0.88688
       362   0.88688
       363   0.88688
       364   0.88688
       365   0.88688
       366   0.88688
       367   0.88688
       368   0.88688
       369   0.88688
       370   0.88688
       371   0.88688
       372   0.88593
       373   0.88593
       374   0.88593
       375   0.88593
       376   0.88593
       377   0.88593
       378   0.88593
       379   0.88593
       380   0.88593
       381   0.88593
       382   0.88593
       383   0.88593
       384   0.88593
       385   0.88593
       386   0.88593
       387   0.88593
       388   0.88593
       389   0.88593
       390   0.88593
       391   0.88593
       392   0.88498
       393   0.88498
       394   0.88498
       395   0.88498
       396   0.88498
       397   0.88498
       398   0.88498
       399   0.88498
       400   0.88498
       401   0.88498
       402   0.88498
       403   0.88498
       404   0.88498
       405   0.88498
       406   0.88498
       407   0.88498
       408   0.88498
       409   0.88498
       410   0.88498
       411   0.88498
       412   0.88498
       413   0.88498
       414   0.88498
       415   0.88498
       416   0.88498
       417   0.88498
       418   0.88498
       419   0.88498
       420   0.88498
       421   0.88498
       422   0.88498
       423   0.88498
       424   0.88498
       425   0.88498
       426   0.88498
       427   0.88498
       428   0.88498
       429   0.88498
       430   0.88498
       431   0.88498
       432   0.88498
       433   0.88498
       434   0.88498
       435   0.88498
       436   0.88498
       437   0.88498
       438   0.88498
       439   0.88498
       440   0.88498
       441   0.88498
       442   0.88498
       443   0.88498
       444   0.88498
       445   0.88498
       446   0.88593
       447   0.88593
       448   0.88593
       449   0.88593
       450   0.88593
       451   0.88593
       452   0.88593
       453   0.88593
       454   0.88593
       455   0.88593
       456   0.88593
       457   0.88688
       458   0.88688
       459   0.88688
       460   0.88688
       461   0.88688
       462   0.88688
       463   0.88688
       464   0.88688
       465   0.88783
       466   0.88783
       467   0.88783
       468   0.88783
       469   0.88783
       470   0.88783
       471   0.88783
       472   0.88878
       473   0.88878
       474   0.88878
       475   0.88878
       476   0.88878
       477   0.88878
       478   0.88973
       479   0.88973
       480   0.88973
       481   0.88973
       482   0.88973
       483   0.88973
       484   0.89068
       485   0.89068
       486   0.89068
       487   0.89068
       488   0.89068
       489   0.89163
       490   0.89163
       491   0.89163
       492   0.89163
       493   0.89163
       494   0.89259
       495   0.89259
       496   0.89259
       497   0.89259
       498   0.89259
       499   0.89354
       500   0.89354
       501   0.89354
       502   0.89354
       503   0.89354
       504   0.89449
       505   0.89449
       506   0.89449
       507   0.89449
       508   0.89544
       509   0.89544
       510   0.89544
       511   0.89544
       512   0.89544
       513   0.89639
       514   0.89639
       515   0.89639
       516   0.89639
       517   0.89639
       518   0.89734
       519   0.89734
       520   0.89734
       521   0.89734
       522   0.89734
       523   0.89829
       524   0.89829
       525   0.89829
       526   0.89829
       527   0.89829
       528   0.89924
       529   0.89924
       530   0.89924
       531   0.89924
       532   0.89924
       533   0.90019
       534   0.90019
       535   0.90019
       536   0.90019
       537   0.90019
       538   0.90019
       539   0.90114
       540   0.90114
       541   0.90114
       542   0.90114
       543   0.90114
       544   0.90114
       545   0.90114
       546   0.90114
       547   0.90209
       548   0.90209
       549   0.90209
       550   0.90209
       551   0.90209
       552   0.90209
       553   0.90209
       554   0.90209
       555   0.90209
       556   0.90209
       557   0.90209
       558   0.90209
       559   0.90209
       560   0.90304
       561   0.90399
       562   0.90494
       563   0.90589
       564   0.90684
       565   0.90779
       566   0.90875
       567   0.90970
       568   0.91065
       569   0.91160
       570   0.91160
       571   0.91255
       572   0.91350
       573   0.91445
       574   0.91540
       575   0.91635
       576   0.91635
       577   0.91730
       578   0.91825
       579   0.91920
       580   0.92015
       581   0.92015
       582   0.92110
       583   0.92205
       584   0.92300
       585   0.92395
       586   0.92395
       587   0.92490
       588   0.92586
       589   0.92681
       590   0.92681
       591   0.92776
       592   0.92871
       593   0.92871
       594   0.92966
       595   0.93061
       596   0.93156
       597   0.93156
       598   0.93251
       599   0.93346
       600   0.93346
       601   0.93441
       602   0.93536
       603   0.93536
       604   0.93631
       605   0.93726
       606   0.93726
       607   0.93821
       608   0.93916
       609   0.93916
       610   0.94011
       611   0.94106
       612   0.94011
       613   0.94106
       614   0.94106
       615   0.94011
       616   0.94011
       617   0.94106
       618   0.94011
       619   0.94011
       620   0.94011
       621   0.94011
       622   0.94011
       623   0.93916
       624   0.94011
       625   0.94011
       626   0.93916
       627   0.94011
       628   0.94011
       629   0.94011
       630   0.94011
       631   0.93916
       632   0.94011
       633   0.94011
       634   0.94011
       635   0.94011
       636   0.94011
       637   0.94011
       638   0.94011
       639   0.94106
       640   0.94011
       641   0.94106
       642   0.94011
       643   0.94106
       644   0.94106
       645   0.94011
       646   0.94106
       647   0.94106
       648   0.94106
       649   0.94202
       650   0.94202
       651   0.94202
       652   0.94202
       653   0.94297
       654   0.94202
       655   0.94297
       656   0.94297
       657   0.94297
       658   0.94392
       659   0.94392
       660   0.94392
       661   0.94392
       662   0.94487
       663   0.94487
       664   0.94487
       665   0.94582
       666   0.94582
       667   0.94582
       668   0.94677
       669   0.94677
       670   0.94677
       671   0.94772
       672   0.94867
       673   0.94867
       674   0.94867
       675   0.94962
       676   0.94962
       677   0.95057
       678   0.95057
       679   0.95057
       680   0.95152
       681   0.95247
       682   0.95247
       683   0.95247
       684   0.95342
       685   0.95437
       686   0.95437
       687   0.95532
       688   0.95532
       689   0.95627
       690   0.95627
       691   0.95722
       692   0.95817
       693   0.95913
       694   0.95913
       695   0.96008
       696   0.96103
       697   0.96198
       698   0.96198
       699   0.96293
       700   0.96293
       701   0.96293
       702   0.96388
       703   0.96388
       704   0.96388
       705   0.96388
       706   0.96388
       707   0.96483
       708   0.96483
       709   0.96483
       710   0.96483
       711   0.96483
       712   0.96483
       713   0.96483
       714   0.96483
       715   0.96483
       716   0.96483
       717   0.96483
       718   0.96483
       719   0.96578
       720   0.96578
       721   0.96578
       722   0.96578
       723   0.96578
       724   0.96578
       725   0.96673
       726   0.96673
       727   0.96673
       728   0.96673
       729   0.96768
       730   0.96768
       731   0.96768
       732   0.96768
       733   0.96863
       734   0.96863
       735   0.96863
       736   0.96958
       737   0.96958
       738   0.96958
       739   0.97053
       740   0.97053
       741   0.97053
       742   0.97148
       743   0.97148
       744   0.97148
       745   0.97243
       746   0.97243
       747   0.97338
       748   0.97338
       749   0.97433
       750   0.97433
       751   0.97433
       752   0.97529
       753   0.97529
       754   0.97624
       755   0.97624
       756   0.97719
       757   0.97719
       758   0.97814
       759   0.97909
       760   0.97909
       761   0.98004
       762   0.98004
       763   0.98099
       764   0.98099
       765   0.98194
       766   0.98289
       767   0.98289
       768   0.98384
       769   0.98384
       770   0.98479
       771   0.98574
       772   0.98574
       773   0.98669
       774   0.98764
       775   0.98859
       776   0.98859
       777   0.98954
       778   0.99049
       779   0.99049
       780   0.99144
       781   0.99240
       782   0.99335
       783   0.99430
       784   0.99430
       785   0.99525
       786   0.99620
       787   0.99715
       788   0.99810
       789   0.99810
       790   0.99905
       791   0.99905
       792   0.99905
       793   0.99905
       794   0.99905
       795   0.99905
       796   0.99905
       797   0.99905
       798   0.99905
       799   0.99905
       800   0.99905
       801   0.99905
       802   0.99905
       803   0.99905
       804   0.99905
       805   0.99905
       806   0.99905
       807   0.99905
       808   0.99905
       809   0.99905
       810   0.99905
       811   0.99905
       812   0.99905
       813   0.99905
       814   0.99905
       815   0.99905
       816   0.99905
       817   0.99905
       818   0.99905
       819   0.99905
       820   0.99905
       821   0.99905
       822   0.99905
       823   0.99905
       824   0.99905
       825   0.99905
       826   0.99905
       827   0.99905
       828   0.99905
       829   0.99905
       830   0.99905
       831   0.99905
       832   0.99905
       833   0.99905
       834   0.99905
       835   0.99905
       836   0.99905
       837   0.99905
       838   0.99905
       839   0.99905
       840   0.99905
       841   0.99905
       842   0.99905
       843   0.99905
       844   0.99905
       845   0.99905
       846   0.99905
       847   0.99905
       848   0.99905
       849   0.99905
       850   0.99905
       851   0.99905
       852   0.99905
       853   0.99905
       854   0.99905
       855   0.99905
       856   0.99905
       857   0.99905
       858   0.99905
       859   0.99905
       860   0.99905
       861   0.99905
       862   0.99905
       863   0.99905
       864   0.99905
       865   0.99905
       866   0.99905
       867   0.99905
       868   0.99905
       869   0.99905
       870   0.99905
       871   0.99905
       872   0.99905
       873   0.99905
       874   0.99905
       875   0.99905
       876   0.99905
       877   0.99905
       878   0.99905
       879   0.99905
       880   0.99905
       881   0.99905
       882   0.99905
       883   0.99905
       884   0.99905
       885   0.99905
       886   0.99905
       887   0.99905
       888   0.99905
       889   0.99905
       890   0.99905
       891   0.99905
       892   0.99905
       893   0.99905
       894   0.99905
       895   0.99905
       896   0.99905
       897   0.99905
       898   0.99905
       899   0.99905
       900   0.99905
       901   0.99905
       902   0.99905
       903   0.99905
       904   0.99905
       905   0.99905
       906   0.99905
       907   0.99905
       908   0.99905
       909   0.99905
       910   0.99905
       911   0.99905
       912   0.99905
       913   0.99905
       914   0.99905
       915   0.99905
       916   0.99905
       917   0.99905
       918   0.99905
       919   0.99905
       920   0.99905
       921   0.99810
       922   0.99620
       923   0.99335
       924   0.99049
       925   0.98764
       926   0.98479
       927   0.98099
       928   0.97814
       929   0.97433
       930   0.97053
       931   0.96578
       932   0.96103
       933   0.90304
       934   0.86312
       935   0.82795
       936   0.82034
       937   0.81369
       938   0.80703
       939   0.80133
       940   0.79563
       941   0.78992
       942   0.78422
       943   0.77947
       944   0.77376
       945   0.76806
       946   0.76236
       947   0.75665
       948   0.75095
       949   0.74430
       950   0.73574
       951   0.72243
       952   0.72053
       953   0.71863
       954   0.71673
       955   0.71483
       956   0.71293
       957   0.71103
       958   0.70913
       959   0.70817
       960   0.70627
       961   0.70342
       962   0.70152
       963   0.69962
       964   0.69772
       965   0.69582
       966   0.69297
       967   0.69106
       968   0.68916
       969   0.68726
       970   0.68441
       971   0.68251
       972   0.68061
       973   0.67871
       974   0.67586
       975   0.67395
       976   0.67205
       977   0.66920
       978   0.66730
       979   0.66540
       980   0.66350
       981   0.66160
       982   0.65779
       983   0.65494
       984   0.65114
       985   0.64829
       986   0.64449
       987   0.64163
       988   0.63783
       989   0.63498
       990   0.63023
       991   0.62738
       992   0.62357
       993   0.62072
       994   0.61692
       995   0.61407
       996   0.60932
       997   0.60646
       998   0.60266
       999   0.59886
      1000   0.59506
      1001   0.59125
      1002   0.58840
      1003   0.58460
      1004   0.57985
      1005   0.57700
      1006   0.57319
      1007   0.56939
      1008   0.56464
      1009   0.56084
      1010   0.55703
      1011   0.55228
      1012   0.54943
      1013   0.54468
      1014   0.54087
      1015   0.53612
      1016   0.53327
      1017   0.52852
      1018   0.52376
      1019   0.51901
      1020   0.51521
      1021   0.51046
      1022   0.50665
      1023   0.50095
      1024   0.49715
      1025   0.49144
      1026   0.48669
      1027   0.48194
      1028   0.47719
      1029   0.47053
      1030   0.46578
      1031   0.46008
      1032   0.45437
      1033   0.44772
      1034   0.44106
      1035   0.43441
      1036   0.42586
      1037   0.41920
      1038   0.41065
      1039   0.40019
      1040   0.38878
      1041   0.37262
      1042   0.34601
      1043   0.34506
      1044   0.34316
      1045   0.34221
      1046   0.34125
      1047   0.33935
      1048   0.33840
      1049   0.33745
      1050   0.33555
      1051   0.33460
      1052   0.33270
