         1   0.78135
         2   0.78762
         3   0.79545
         4   0.80329
         5   0.81191
         6   0.82132
         7   0.83229
         8   0.84561
         9   0.87382
        10   0.89655
        11   0.90909
        12   0.91693
        13   0.92476
        14   0.93025
        15   0.93574
        16   0.94044
        17   0.94514
        18   0.94984
        19   0.95376
        20   0.95690
        21   0.96082
        22   0.96473
        23   0.96865
        24   0.97179
        25   0.97492
        26   0.97884
        27   0.98119
        28   0.98354
        29   0.98589
        30   0.98981
        31   0.99216
        32   0.99451
        33   0.99530
        34   0.99687
        35   0.99843
        36   0.99922
        37   0.99922
        38   0.99922
        39   0.99922
        40   0.99922
        41   0.99922
        42   0.99922
        43   0.99922
        44   0.99922
        45   0.99922
        46   0.99922
        47   0.99922
        48   0.99922
        49   0.99922
        50   0.99922
        51   0.99922
        52   0.99922
        53   0.99922
        54   0.99922
        55   0.99922
        56   0.99922
        57   0.99922
        58   0.99922
        59   0.99922
        60   0.99922
        61   0.99922
        62   0.99922
        63   0.99922
        64   0.99922
        65   0.99922
        66   0.99922
        67   0.99922
        68   0.99922
        69   0.99922
        70   0.99922
        71   0.99922
        72   0.99922
        73   0.99922
        74   0.99922
        75   0.99922
        76   0.99922
        77   0.99922
        78   0.99922
        79   0.99922
        80   0.99922
        81   0.99922
        82   0.99922
        83   0.99922
        84   0.99922
        85   0.99922
        86   0.99922
        87   0.99922
        88   0.99922
        89   0.99922
        90   0.99922
        91   0.99922
        92   0.99922
        93   0.99922
        94   0.99922
        95   0.99922
        96   0.99922
        97   0.99922
        98   0.99922
        99   0.99922
       100   0.99922
       101   0.99922
       102   0.99922
       103   0.99922
       104   0.99922
       105   0.99922
       106   0.99922
       107   0.99922
       108   0.99922
       109   0.99922
       110   0.99922
       111   0.99922
       112   0.99922
       113   0.99922
       114   0.99922
       115   0.99922
       116   0.99922
       117   0.99922
       118   0.99922
       119   0.99922
       120   0.99922
       121   0.99922
       122   0.99922
       123   0.99922
       124   0.99922
       125   0.99922
       126   0.99922
       127   0.99922
       128   0.99922
       129   0.99922
       130   0.99922
       131   0.99922
       132   0.99922
       133   0.99922
       134   0.99922
       135   0.99922
       136   0.99922
       137   0.99922
       138   0.99922
       139   0.99922
       140   0.99922
       141   0.99922
       142   0.99922
       143   0.99922
       144   0.99922
       145   0.99922
       146   0.99922
       147   0.99922
       148   0.99922
       149   0.99922
       150   0.99922
       151   0.99922
       152   0.99922
       153   0.99922
       154   0.99922
       155   0.99922
       156   0.99922
       157   0.99922
       158   0.99922
       159   0.99922
       160   0.99922
       161   0.99922
       162   0.99922
       163   0.99922
       164   0.99922
       165   0.99922
       166   0.99922
       167   0.99922
       168   0.99922
       169   0.99922
       170   0.99922
       171   0.99922
       172   0.99922
       173   0.99922
       174   0.99922
       175   0.99922
       176   0.99922
       177   0.99922
       178   0.99922
       179   0.99922
       180   0.99922
       181   0.99922
       182   0.99922
       183   0.99922
       184   0.99922
       185   0.99922
       186   0.99922
       187   0.99922
       188   0.99922
       189   0.99922
       190   0.99922
       191   0.99922
       192   0.99922
       193   0.99922
       194   0.99922
       195   0.99922
       196   0.99922
       197   0.99922
       198   0.99922
       199   0.99922
       200   0.99922
       201   0.99922
       202   0.99922
       203   0.99843
       204   0.99765
       205   0.99608
       206   0.99530
       207   0.99451
       208   0.99373
       209   0.99295
       210   0.99216
       211   0.99138
       212   0.99060
       213   0.98903
       214   0.98824
       215   0.98746
       216   0.98668
       217   0.98589
       218   0.98433
       219   0.98354
       220   0.98276
       221   0.98197
       222   0.98041
       223   0.97962
       224   0.97884
       225   0.97727
       226   0.97649
       227   0.97571
       228   0.97414
       229   0.97335
       230   0.97257
       231   0.97100
       232   0.97022
       233   0.96865
       234   0.96787
       235   0.96708
       236   0.96552
       237   0.96473
       238   0.96317
       239   0.96238
       240   0.96082
       241   0.96003
       242   0.95846
       243   0.95768
       244   0.95611
       245   0.95533
       246   0.95376
       247   0.95298
       248   0.95141
       249   0.94984
       250   0.94906
       251   0.94749
       252   0.94749
       253   0.94749
       254   0.94749
       255   0.94749
       256   0.94749
       257   0.94671
       258   0.94671
       259   0.94671
       260   0.94671
       261   0.94671
       262   0.94671
       263   0.94592
       264   0.94592
       265   0.94592
       266   0.94592
       267   0.94592
       268   0.94514
       269   0.94514
       270   0.94514
       271   0.94514
       272   0.94514
       273   0.94436
       274   0.94436
       275   0.94436
       276   0.94436
       277   0.94357
       278   0.94357
       279   0.94357
       280   0.94279
       281   0.94279
       282   0.94279
       283   0.94279
       284   0.94201
       285   0.94201
       286   0.94201
       287   0.94122
       288   0.94122
       289   0.94122
       290   0.94122
       291   0.94044
       292   0.94044
       293   0.94044
       294   0.93966
       295   0.93966
       296   0.93966
       297   0.93887
       298   0.93887
       299   0.93887
       300   0.93809
       301   0.93809
       302   0.93809
       303   0.93730
       304   0.93730
       305   0.93730
       306   0.93652
       307   0.93652
       308   0.93652
       309   0.93574
       310   0.93574
       311   0.93574
       312   0.93495
       313   0.93495
       314   0.93495
       315   0.93417
       316   0.93417
       317   0.93417
       318   0.93339
       319   0.93339
       320   0.93339
       321   0.93260
       322   0.93260
       323   0.93260
       324   0.93182
       325   0.93182
       326   0.93182
       327   0.93103
       328   0.93103
       329   0.93103
       330   0.93025
       331   0.93025
       332   0.93025
       333   0.92947
       334   0.92947
       335   0.92947
       336   0.92947
       337   0.92868
       338   0.92868
       339   0.92868
       340   0.92790
       341   0.92790
       342   0.92790
       343   0.92712
       344   0.92712
       345   0.92712
       346   0.92712
       347   0.92633
       348   0.92633
       349   0.92633
       350   0.92633
       351   0.92555
       352   0.92555
       353   0.92555
       354   0.92555
       355   0.92476
       356   0.92476
       357   0.92476
       358   0.92476
       359   0.92398
       360   0.92398
       361   0.92398
       362   0.92398
       363   0.92398
       364   0.92320
       365   0.92320
       366   0.92320
       367   0.92320
       368   0.92320
       369   0.92241
       370   0.92241
       371   0.92241
       372   0.92241
       373   0.92241
       374   0.92163
       375   0.92163
       376   0.92163
       377   0.92163
       378   0.92163
       379   0.92163
       380   0.92163
       381   0.92163
       382   0.92085
       383   0.92085
       384   0.92085
       385   0.92085
       386   0.92085
       387   0.92085
       388   0.92085
       389   0.92085
       390   0.92085
       391   0.92085
       392   0.92085
       393   0.92085
       394   0.92085
       395   0.92006
       396   0.92006
       397   0.92006
       398   0.92006
       399   0.92006
       400   0.92006
       401   0.92006
       402   0.92006
       403   0.92006
       404   0.92006
       405   0.92006
       406   0.92085
       407   0.92085
       408   0.92085
       409   0.92085
       410   0.92085
       411   0.92085
       412   0.92085
       413   0.92085
       414   0.92085
       415   0.92085
       416   0.92085
       417   0.92085
       418   0.92163
       419   0.92163
       420   0.92163
       421   0.92163
       422   0.92163
       423   0.92163
       424   0.92163
       425   0.92241
       426   0.92241
       427   0.92241
       428   0.92241
       429   0.92241
       430   0.92320
       431   0.92320
       432   0.92320
       433   0.92320
       434   0.92398
       435   0.92398
       436   0.92398
       437   0.92398
       438   0.92476
       439   0.92476
       440   0.92476
       441   0.92555
       442   0.92555
       443   0.92555
       444   0.92633
       445   0.92633
       446   0.92633
       447   0.92712
       448   0.92712
       449   0.92712
       450   0.92790
       451   0.92790
       452   0.92868
       453   0.92868
       454   0.92868
       455   0.92947
       456   0.92947
       457   0.93025
       458   0.93025
       459   0.93103
       460   0.93103
       461   0.93182
       462   0.93182
       463   0.93260
       464   0.93260
       465   0.93339
       466   0.93339
       467   0.93417
       468   0.93417
       469   0.93495
       470   0.93495
       471   0.93574
       472   0.93574
       473   0.93652
       474   0.93730
       475   0.93730
       476   0.93809
       477   0.93809
       478   0.93887
       479   0.93966
       480   0.93966
       481   0.94044
       482   0.94122
       483   0.94122
       484   0.94201
       485   0.94279
       486   0.94279
       487   0.94357
       488   0.94436
       489   0.94436
       490   0.94514
       491   0.94592
       492   0.94592
       493   0.94671
       494   0.94749
       495   0.94828
       496   0.94906
       497   0.94906
       498   0.94984
       499   0.95063
       500   0.95141
       501   0.95141
       502   0.95219
       503   0.95298
       504   0.95376
       505   0.95455
       506   0.95533
       507   0.95533
       508   0.95611
       509   0.95690
       510   0.95768
       511   0.95846
       512   0.95925
       513   0.96003
       514   0.96082
       515   0.96160
       516   0.96160
       517   0.96238
       518   0.96317
       519   0.96395
       520   0.96473
       521   0.96552
       522   0.96630
       523   0.96708
       524   0.96787
       525   0.96865
       526   0.96944
       527   0.97022
       528   0.97100
       529   0.97179
       530   0.97257
       531   0.97335
       532   0.97414
       533   0.97492
       534   0.97571
       535   0.97649
       536   0.97727
       537   0.97806
       538   0.97884
       539   0.97962
       540   0.98041
       541   0.98119
       542   0.98197
       543   0.98354
       544   0.98433
       545   0.98511
       546   0.98589
       547   0.98668
       548   0.98746
       549   0.98746
       550   0.98824
       551   0.98903
       552   0.98981
       553   0.98981
       554   0.99060
       555   0.99138
       556   0.99216
       557   0.99216
       558   0.99295
       559   0.99373
       560   0.99373
       561   0.99451
       562   0.99530
       563   0.99530
       564   0.99608
       565   0.99608
       566   0.99687
       567   0.99765
       568   0.99765
       569   0.99843
       570   0.99843
       571   0.99922
       572   0.99922
       573   0.99922
       574   0.99922
       575   0.99922
       576   0.99922
       577   0.99922
       578   0.99922
       579   0.99922
       580   0.99922
       581   0.99922
       582   0.99922
       583   0.99922
       584   0.99922
       585   0.99922
       586   0.99922
       587   0.99922
       588   0.99922
       589   0.99922
       590   0.99922
       591   0.99922
       592   0.99922
       593   0.99922
       594   0.99922
       595   0.99922
       596   0.99922
       597   0.99922
       598   0.99922
       599   0.99922
       600   0.99922
       601   0.99922
       602   0.99922
       603   0.99922
       604   0.99922
       605   0.99922
       606   0.99922
       607   0.99922
       608   0.99922
       609   0.99922
       610   0.99922
       611   0.99922
       612   0.99922
       613   0.99922
       614   0.99922
       615   0.99922
       616   0.99922
       617   0.99922
       618   0.99922
       619   0.99922
       620   0.99922
       621   0.99922
       622   0.99922
       623   0.99922
       624   0.99922
       625   0.99922
       626   0.99922
       627   0.99922
       628   0.99922
       629   0.99922
       630   0.99922
       631   0.99922
       632   0.99922
       633   0.99922
       634   0.99922
       635   0.99922
       636   0.99922
       637   0.99922
       638   0.99922
       639   0.99922
       640   0.99922
       641   0.99922
       642   0.99922
       643   0.99922
       644   0.99922
       645   0.99922
       646   0.99922
       647   0.99922
       648   0.99922
       649   0.99922
       650   0.99922
       651   0.99922
       652   0.99922
       653   0.99922
       654   0.99922
       655   0.99922
       656   0.99922
       657   0.99922
       658   0.99922
       659   0.99922
       660   0.99922
       661   0.99922
       662   0.99922
       663   0.99922
       664   0.99922
       665   0.99922
       666   0.99922
       667   0.99922
       668   0.99922
       669   0.99922
       670   0.99922
       671   0.99922
       672   0.99922
       673   0.99922
       674   0.99922
       675   0.99922
       676   0.99922
       677   0.99922
       678   0.99922
       679   0.99922
       680   0.99922
       681   0.99922
       682   0.99922
       683   0.99922
       684   0.99922
       685   0.99922
       686   0.99922
       687   0.99922
       688   0.99922
       689   0.99922
       690   0.99922
       691   0.99922
       692   0.99922
       693   0.99922
       694   0.99922
       695   0.99922
       696   0.99922
       697   0.99922
       698   0.99922
       699   0.99922
       700   0.99922
       701   0.99922
       702   0.99922
       703   0.99922
       704   0.99922
       705   0.99922
       706   0.99922
       707   0.99922
       708   0.99922
       709   0.99922
       710   0.99922
       711   0.99922
       712   0.99922
       713   0.99922
       714   0.99922
       715   0.99843
       716   0.99843
       717   0.99843
       718   0.99765
       719   0.99765
       720   0.99765
       721   0.99765
       722   0.99687
       723   0.99687
       724   0.99687
       725   0.99608
       726   0.99608
       727   0.99608
       728   0.99530
       729   0.99530
       730   0.99451
       731   0.99451
       732   0.99373
       733   0.99373
       734   0.99373
       735   0.99216
       736   0.99216
       737   0.99216
       738   0.99138
       739   0.99138
       740   0.99060
       741   0.98981
       742   0.98981
       743   0.98981
       744   0.98903
       745   0.98903
       746   0.98824
       747   0.98746
       748   0.98746
       749   0.98746
       750   0.98668
       751   0.98668
       752   0.98668
       753   0.98511
       754   0.98511
       755   0.98511
       756   0.98433
       757   0.98433
       758   0.98354
       759   0.98354
       760   0.98354
       761   0.98197
       762   0.98197
       763   0.98197
       764   0.98119
       765   0.98119
       766   0.98041
       767   0.98041
       768   0.98041
       769   0.97962
       770   0.97962
       771   0.97806
       772   0.97806
       773   0.97806
       774   0.97727
       775   0.97727
       776   0.97649
       777   0.97649
       778   0.97649
       779   0.97571
       780   0.97571
       781   0.97492
       782   0.97492
       783   0.97492
       784   0.97414
       785   0.97335
       786   0.97257
       787   0.97257
       788   0.97179
       789   0.97179
       790   0.97100
       791   0.97100
       792   0.97100
       793   0.97022
       794   0.97022
       795   0.96944
       796   0.96944
       797   0.96865
       798   0.96865
       799   0.96787
       800   0.96787
       801   0.96708
       802   0.96708
       803   0.96630
       804   0.96630
       805   0.96552
       806   0.96552
       807   0.96473
       808   0.96473
       809   0.96395
       810   0.96395
       811   0.96317
       812   0.96317
       813   0.96238
       814   0.96238
       815   0.96160
       816   0.96160
       817   0.96003
       818   0.96003
       819   0.95925
       820   0.95925
       821   0.95846
       822   0.95768
       823   0.95768
       824   0.95690
       825   0.95690
       826   0.95611
       827   0.95611
       828   0.95533
       829   0.95455
       830   0.95455
       831   0.95376
       832   0.95376
       833   0.95298
       834   0.95219
       835   0.95219
       836   0.95141
       837   0.95063
       838   0.95063
       839   0.94984
       840   0.94984
       841   0.94906
       842   0.94828
       843   0.94749
       844   0.94671
       845   0.94592
       846   0.94592
       847   0.94514
       848   0.94436
       849   0.94357
       850   0.94357
       851   0.94279
       852   0.94201
       853   0.94201
       854   0.94122
       855   0.93966
       856   0.93887
       857   0.93887
       858   0.93809
       859   0.93730
       860   0.93652
       861   0.93652
       862   0.93495
       863   0.93417
       864   0.93339
       865   0.93260
       866   0.93260
       867   0.93182
       868   0.93025
       869   0.92947
       870   0.92868
       871   0.92868
       872   0.92712
       873   0.92633
       874   0.92555
       875   0.92476
       876   0.92320
       877   0.92241
       878   0.92163
       879   0.92085
       880   0.92006
       881   0.91928
       882   0.91771
       883   0.91693
       884   0.91614
       885   0.91458
       886   0.91379
       887   0.91223
       888   0.91144
       889   0.90987
       890   0.90909
       891   0.90752
       892   0.90674
       893   0.90517
       894   0.90439
       895   0.90282
       896   0.90204
       897   0.90047
       898   0.89890
       899   0.89812
       900   0.89655
       901   0.89498
       902   0.89342
       903   0.89185
       904   0.89028
       905   0.88871
       906   0.88715
       907   0.88558
       908   0.88401
       909   0.88245
       910   0.88088
       911   0.88245
       912   0.88401
       913   0.88636
       914   0.88793
       915   0.88950
       916   0.89107
       917   0.89342
       918   0.89498
       919   0.89655
       920   0.89812
       921   0.89969
       922   0.90125
       923   0.90282
       924   0.90439
       925   0.90596
       926   0.90752
       927   0.90909
       928   0.91066
       929   0.91223
       930   0.91379
       931   0.91536
       932   0.91693
       933   0.91850
       934   0.91928
       935   0.92085
       936   0.92241
       937   0.92398
       938   0.92555
       939   0.92633
       940   0.92790
       941   0.92947
       942   0.93025
       943   0.93182
       944   0.93339
       945   0.93417
       946   0.93574
       947   0.93730
       948   0.93809
       949   0.93887
       950   0.93966
       951   0.94044
       952   0.94122
       953   0.94201
       954   0.94279
       955   0.94357
       956   0.94436
       957   0.94514
       958   0.94592
       959   0.94671
       960   0.94749
       961   0.94828
       962   0.94906
       963   0.94984
       964   0.95063
       965   0.95141
       966   0.95219
       967   0.95298
       968   0.95376
       969   0.95455
       970   0.95533
       971   0.95611
       972   0.95690
       973   0.95768
       974   0.95846
       975   0.95925
       976   0.96003
       977   0.96082
       978   0.96160
       979   0.96238
       980   0.96317
       981   0.96395
       982   0.96473
       983   0.96552
       984   0.96630
       985   0.96708
       986   0.96787
       987   0.96865
       988   0.96944
       989   0.97022
       990   0.97100
       991   0.97179
       992   0.97257
       993   0.97335
       994   0.97414
       995   0.97492
       996   0.97571
       997   0.97649
       998   0.97727
       999   0.97806
      1000   0.97884
      1001   0.97962
      1002   0.98041
      1003   0.98119
      1004   0.98197
      1005   0.98276
      1006   0.98354
      1007   0.98433
      1008   0.98511
      1009   0.98589
      1010   0.98668
      1011   0.98746
      1012   0.98824
      1013   0.98903
      1014   0.98981
      1015   0.99060
      1016   0.99138
      1017   0.99216
      1018   0.99295
      1019   0.99373
      1020   0.99451
      1021   0.99530
      1022   0.99608
      1023   0.99687
      1024   0.99765
      1025   0.99843
      1026   0.99922
      1027   0.99922
      1028   0.99922
      1029   0.99922
      1030   0.99922
      1031   0.99922
      1032   0.99922
      1033   0.99922
      1034   0.99922
      1035   0.99922
      1036   0.99922
      1037   0.99922
      1038   0.99922
      1039   0.99922
      1040   0.99922
      1041   0.99922
      1042   0.99922
      1043   0.99922
      1044   0.99922
      1045   0.99922
      1046   0.99922
      1047   0.99922
      1048   0.99922
      1049   0.99922
      1050   0.99922
      1051   0.99922
      1052   0.99922
      1053   0.99922
      1054   0.99922
      1055   0.99922
      1056   0.99922
      1057   0.99922
      1058   0.99922
      1059   0.99922
      1060   0.99922
      1061   0.99922
      1062   0.99922
      1063   0.99922
      1064   0.99922
      1065   0.99922
      1066   0.99922
      1067   0.99922
      1068   0.99922
      1069   0.99922
      1070   0.99922
      1071   0.99922
      1072   0.99922
      1073   0.99922
      1074   0.99922
      1075   0.99922
      1076   0.99922
      1077   0.99922
      1078   0.99922
      1079   0.99922
      1080   0.99922
      1081   0.99922
      1082   0.99922
      1083   0.99922
      1084   0.99922
      1085   0.99922
      1086   0.99922
      1087   0.99922
      1088   0.99922
      1089   0.99922
      1090   0.99922
      1091   0.99922
      1092   0.99922
      1093   0.99922
      1094   0.99922
      1095   0.99922
      1096   0.99922
      1097   0.99922
      1098   0.99922
      1099   0.99922
      1100   0.99922
      1101   0.99922
      1102   0.99922
      1103   0.99922
      1104   0.99922
      1105   0.99922
      1106   0.99922
      1107   0.99922
      1108   0.99922
      1109   0.99922
      1110   0.99922
      1111   0.99922
      1112   0.99922
      1113   0.99922
      1114   0.99922
      1115   0.99922
      1116   0.99922
      1117   0.99922
      1118   0.99922
      1119   0.99922
      1120   0.99922
      1121   0.99922
      1122   0.99922
      1123   0.99922
      1124   0.99922
      1125   0.99922
      1126   0.99922
      1127   0.99922
      1128   0.99922
      1129   0.99922
      1130   0.99922
      1131   0.99922
      1132   0.99922
      1133   0.99922
      1134   0.99922
      1135   0.99922
      1136   0.99922
      1137   0.99922
      1138   0.99922
      1139   0.99922
      1140   0.99922
      1141   0.99922
      1142   0.99922
      1143   0.99922
      1144   0.99922
      1145   0.99922
      1146   0.99922
      1147   0.99922
      1148   0.99922
      1149   0.99922
      1150   0.99922
      1151   0.99922
      1152   0.99922
      1153   0.99922
      1154   0.99922
      1155   0.99922
      1156   0.99922
      1157   0.99922
      1158   0.99922
      1159   0.99922
      1160   0.99922
      1161   0.99843
      1162   0.99687
      1163   0.99530
      1164   0.99373
      1165   0.99216
      1166   0.99060
      1167   0.98903
      1168   0.98824
      1169   0.98668
      1170   0.98511
      1171   0.98354
      1172   0.98197
      1173   0.98041
      1174   0.97884
      1175   0.97727
      1176   0.96708
      1177   0.94592
      1178   0.93260
      1179   0.92320
      1180   0.91458
      1181   0.90596
      1182   0.89890
      1183   0.89185
      1184   0.88480
      1185   0.87774
      1186   0.87226
      1187   0.86599
      1188   0.85972
      1189   0.85423
      1190   0.84875
      1191   0.84326
      1192   0.83777
      1193   0.83150
      1194   0.82602
      1195   0.82053
      1196   0.81505
      1197   0.81034
      1198   0.80486
      1199   0.79937
      1200   0.79389
      1201   0.78840
      1202   0.78370
      1203   0.77743
      1204   0.77194
      1205   0.76567
      1206   0.76097
      1207   0.75470
      1208   0.74765
      1209   0.74060
      1210   0.73354
      1211   0.72571
      1212   0.72335
      1213   0.71944
      1214   0.71552
      1215   0.71317
      1216   0.70768
      1217   0.70533
      1218   0.70141
      1219   0.69749
      1220   0.69514
      1221   0.68966
      1222   0.68652
      1223   0.68339
      1224   0.67868
      1225   0.67555
      1226   0.67163
      1227   0.66850
      1228   0.66458
      1229   0.65987
      1230   0.65674
      1231   0.65204
      1232   0.64890
      1233   0.64420
      1234   0.64107
      1235   0.63793
      1236   0.63323
      1237   0.62931
      1238   0.62461
      1239   0.62147
      1240   0.61677
      1241   0.61285
      1242   0.60893
      1243   0.60502
      1244   0.60110
      1245   0.59639
      1246   0.59326
      1247   0.58856
      1248   0.58464
      1249   0.57915
      1250   0.57602
      1251   0.57132
      1252   0.56740
      1253   0.56191
      1254   0.55878
      1255   0.55329
      1256   0.55016
      1257   0.54467
      1258   0.53997
      1259   0.53605
      1260   0.53135
      1261   0.52665
      1262   0.52038
      1263   0.51646
      1264   0.51097
      1265   0.50549
      1266   0.50078
      1267   0.49530
      1268   0.48981
      1269   0.48433
      1270   0.47806
      1271   0.47335
      1272   0.46630
      1273   0.46003
      1274   0.45611
      1275   0.44906
      1276   0.44279
